6.808020413869094734e-01
9.103122891026389496e-01
1.151433796657455710e+00
1.388348161467792385e+00
1.484090652082614037e+00
1.554106871513363908e+00
1.641008930110404052e+00
1.684599433607907315e+00
1.712912254961927561e+00
1.718495217515904283e+00
1.712789305720092248e+00
1.744976896294674118e+00
1.780462254970899938e+00
1.808176316764138702e+00
1.773488606143792223e+00
1.725295777814297438e+00
1.689909639051017765e+00
1.684725874307496873e+00
1.681600513468762381e+00
1.673366747434634094e+00
1.666547012943424999e+00
1.676456874781447004e+00
1.727940897543238874e+00
1.726321332640799344e+00
1.761832875866659931e+00
1.767675568617095294e+00
1.739006132016293504e+00
1.700224183551155344e+00
1.706649983746905797e+00
1.690798507012121199e+00
1.712274155832188782e+00
1.677190816871858114e+00
1.669017046705971286e+00
1.664922852342973769e+00
1.675633828226253508e+00
1.665639079787048837e+00
1.681221370019062133e+00
1.695266609504751720e+00
1.703249015208654793e+00
1.690785121017849724e+00
1.686976084620875227e+00
1.702013862645390452e+00
1.718046073626316783e+00
1.748813959701289944e+00
1.749563106016010394e+00
1.721211494769112615e+00
1.714159541393920572e+00
1.720077936647160133e+00
1.734435656510095791e+00
1.741756060795000005e+00
1.741210190050035189e+00
1.718069017311378621e+00
1.711822013110611662e+00
1.674453230255427361e+00
1.674452340493103986e+00
1.674361374282065773e+00
1.704205843467420323e+00
1.741461421706411938e+00
1.757897738827840728e+00
1.735838570595931829e+00
1.727056726225667305e+00
1.724869270857304571e+00
1.747149164024993429e+00
1.704289059364201719e+00
1.670796361185333367e+00
1.616206890542881469e+00
1.602333355493182232e+00
1.619238278823333932e+00
1.635668693861223488e+00
1.608782666563092878e+00
1.630163009700358767e+00
1.646449321217380746e+00
1.698703299641987075e+00
1.709583011746333980e+00
1.699518871917213625e+00
1.692221597645781506e+00
1.706721617152326509e+00
1.692943461050364862e+00
1.688602388206321470e+00
1.652013063474595311e+00
1.629134163169106531e+00
1.613887431755449686e+00
1.630268463541301172e+00
1.621637963744161581e+00
1.643403512920377008e+00
1.649456002763866724e+00
1.656894570051527849e+00
1.622978782570845047e+00
1.608593849168927559e+00
1.613320403030181538e+00
1.610840084564571173e+00
1.627275972029531559e+00
1.671431695178670518e+00
1.648187726839914546e+00
1.650402249416710987e+00
1.618461341598553149e+00
1.628811683502129570e+00
1.627805814809849316e+00
1.609180363426354399e+00
1.613890174364335017e+00
1.640672471400540289e+00
1.626567092823355987e+00
1.599865552845607830e+00
1.596383035597497946e+00
1.632013118130847484e+00
1.646876977460240976e+00
1.635265655974654342e+00
1.640715107242539661e+00
1.642918138423052454e+00
1.622120634538256390e+00
1.590778373428121784e+00
1.576301822489345694e+00
1.631623769963722159e+00
1.651300368081624059e+00
1.642402364527083769e+00
1.604722850273382795e+00
1.597986651852105755e+00
1.620069299512587824e+00
1.600489983731741672e+00
1.576221358378169679e+00
1.570771933768343009e+00
1.573591341837000224e+00
1.586610005856104122e+00
1.580648042751876980e+00
1.624869372911700749e+00
1.642171538900502936e+00
1.646591944984331146e+00
1.607140974317754933e+00
1.607673718401318341e+00
1.608903336370528070e+00
1.607028710209250422e+00
1.597369853088471681e+00
1.599689285910089076e+00
1.611097803355964198e+00
1.642157536648329419e+00
1.621913430963295211e+00
1.614654825421070194e+00
1.594137864771156599e+00
1.590314851972671972e+00
1.598440361734763338e+00
1.640277552036923936e+00
1.633545698733277263e+00
1.663280080289338603e+00
1.622289809628741253e+00
1.608050181252708821e+00
1.585398263093008131e+00
1.602703503926075967e+00
1.602771578382892415e+00
1.632631024741729497e+00
1.647331748793788631e+00
1.634968200934852067e+00
1.588726892655073275e+00
1.578720785434223561e+00
1.571002130124343310e+00
1.596397469401755087e+00
1.622308454739417094e+00
1.642083743046671929e+00
1.611560195570432619e+00
1.589807788590577031e+00
1.592927179454937781e+00
1.628974526485110763e+00
1.656214494821203420e+00
1.651639799710308498e+00
1.632314571491982225e+00
1.592280014341961314e+00
1.580805377865512895e+00
1.603971197226111700e+00
1.607149576912745736e+00
1.591986269562929435e+00
1.576923874200948372e+00
1.593696898272746854e+00
1.615880819500505661e+00
1.630588069034994980e+00
1.593235066788644794e+00
1.577813855760306083e+00
1.587757589002772418e+00
1.580673628114173113e+00
1.583435460343748824e+00
1.592343452212023447e+00
1.610267006189681327e+00
1.610997770705442811e+00
1.599500125001886097e+00
1.594075386336065492e+00
1.596098355238345645e+00
1.608727734172343826e+00
1.601105200472544343e+00
1.582025932926597322e+00
1.589995028987442716e+00
1.571775553526378655e+00
1.572480604407401117e+00
1.583598568138327778e+00
1.610451246196406005e+00
1.611117684826881780e+00
1.604916820776454367e+00
1.581552825120373873e+00
1.574171042510015051e+00
1.581648542160429161e+00
1.576863448981989269e+00
1.565990049962070696e+00
