7.057277880293099104e-01
9.997745036989639233e-01
1.206003114126431575e+00
1.443463291761823086e+00
1.611015838946664447e+00
1.709226334047261986e+00
1.844637318851006791e+00
1.875026904606712064e+00
1.908599813058464489e+00
1.894173251661636970e+00
1.836619049936737191e+00
1.829969889110988124e+00
1.782226409463926409e+00
1.782625457618259857e+00
1.794786972229450273e+00
1.817453285322667256e+00
1.799183973924220137e+00
1.817235762273645472e+00
1.806710935977357435e+00
1.818491861917376884e+00
1.805436296083527292e+00
1.822875016874633047e+00
1.836717321118209956e+00
1.853123477737055769e+00
1.856507163619083967e+00
1.831051520922922560e+00
1.825096334180529967e+00
1.796632654260796658e+00
1.820990355953740369e+00
1.833040601803111791e+00
1.837655305935006034e+00
1.797606350362234595e+00
1.784932935824334210e+00
1.749654974850726630e+00
1.767280642329382534e+00
1.795161900277524536e+00
1.810070352617094924e+00
1.856007919424321084e+00
1.877710274703259685e+00
1.872861486767900097e+00
1.822560153817301298e+00
1.817132195245550585e+00
1.769413123770219531e+00
1.761257278967303552e+00
1.784155887536153839e+00
1.802214368785798326e+00
1.794433134275381425e+00
1.800539240042026368e+00
1.779589321622380371e+00
1.740400598989848335e+00
1.741829169132955935e+00
1.748156190253437048e+00
1.763258266217701875e+00
1.799508233908368338e+00
1.802034466168678462e+00
1.793135628907726709e+00
1.795017160776394505e+00
1.781312729420195806e+00
1.785332171466513351e+00
1.782054029971785747e+00
1.796869134144293056e+00
1.821289680295836044e+00
1.850492120122410933e+00
1.860215684604330288e+00
1.848352964714663038e+00
1.812944419538266017e+00
1.813239328442318721e+00
1.840124527098822904e+00
1.821475647443440149e+00
1.804465036397329802e+00
1.800267984274812161e+00
1.807310457373425994e+00
1.781074301745414035e+00
1.743018319032414887e+00
1.707139407097193695e+00
1.706640544520811265e+00
1.731721791654601494e+00
1.777953855538120242e+00
1.744888763011696264e+00
1.740390285677131388e+00
1.741818153548970516e+00
1.765165454587920735e+00
1.770165810826525021e+00
1.750964706876980470e+00
1.710604017263907428e+00
1.709051037444148768e+00
1.688112728055418232e+00
1.693724328892015407e+00
1.739910241939985003e+00
1.755923071138973501e+00
1.765709315872673546e+00
1.762793861719602395e+00
1.776629253644096185e+00
1.777541224398634601e+00
1.757158966125366373e+00
1.771319552352141002e+00
1.759134831879880956e+00
1.770718953277292229e+00
1.744304722517057815e+00
1.745480382534100761e+00
1.732368024737828582e+00
1.699099389146540462e+00
1.735590230903117037e+00
1.730082189439373863e+00
1.745236799168232933e+00
1.757621603253112674e+00
1.726353115611498623e+00
1.684642082308328570e+00
1.728091422330922056e+00
1.746257861782169130e+00
1.760266841378224756e+00
1.750266380512904618e+00
1.755438385701479032e+00
1.722251016209931818e+00
1.704348146040135070e+00
1.676462993235518173e+00
1.701555568570112920e+00
1.705410191394513664e+00
1.713284176239981083e+00
1.713468748702345001e+00
1.708483258227792456e+00
1.682184659892859591e+00
1.696132127186461336e+00
1.727494315468470987e+00
1.719121623424604062e+00
1.699347169732555063e+00
1.717866102288184482e+00
1.725271545859301536e+00
1.740132068603483795e+00
1.725642997160938164e+00
1.739222162640667646e+00
1.740017200605308068e+00
1.724773048106204243e+00
1.701442878371723255e+00
1.707179361485170910e+00
1.708600473751640259e+00
1.703997777812289005e+00
1.684327362509710602e+00
1.684997681854236484e+00
1.678028813439312206e+00
1.697437205357857470e+00
1.713598725809958090e+00
1.734477440567081308e+00
1.727645864728128755e+00
1.737450426667350278e+00
1.703457465125268966e+00
1.699341914499211903e+00
1.693324123691990479e+00
1.702582516685521519e+00
1.702813194989608592e+00
1.695015141602070452e+00
1.683150994195766081e+00
1.684065603023274571e+00
1.703700343268107487e+00
1.717438143612986856e+00
1.731508417598188077e+00
1.743812514127172086e+00
1.728401244214030408e+00
1.734320302604452912e+00
1.703425437984519064e+00
1.688741192269718638e+00
1.689368596228388419e+00
1.710104556415102950e+00
1.692592651270078186e+00
1.693656669355056987e+00
1.701824905194787352e+00
1.730803891252937543e+00
1.744544676272415495e+00
1.710028094477501925e+00
1.699304446056288720e+00
1.698339982220487876e+00
1.701402502309814269e+00
1.700325794040934424e+00
1.695461687590321453e+00
1.684711094210865401e+00
1.659675059408438402e+00
1.650739380171173165e+00
1.644092912531046391e+00
1.673769353803400639e+00
1.688779279458303195e+00
1.695838916291576792e+00
1.665843170465966860e+00
1.679137821783296625e+00
1.707441950374735340e+00
1.733702107305119977e+00
1.751505407445393514e+00
1.754289643572656487e+00
1.707032996574485262e+00
1.677072464629663751e+00
1.651560444932326233e+00
1.667196414116629777e+00
1.669230227484982176e+00
1.662861659923624558e+00
1.631216130821085297e+00
1.664966269167632351e+00
1.659996489453393398e+00
1.702266451657100665e+00
1.684259107723726112e+00
1.692680055582368892e+00
