5.941897912204922028e-01
8.335697527476944035e-01
1.151090410447513923e+00
1.423208079056137665e+00
1.578530939866047422e+00
1.710854422387128704e+00
1.714845940798416013e+00
1.746946710129795743e+00
1.779967869333040742e+00
1.803703305115150313e+00
1.822439901143686258e+00
1.815494455354642822e+00
1.819308034873026836e+00
1.801764305256024601e+00
1.827718327989090730e+00
1.810365243867781304e+00
1.795420638374340960e+00
1.794466346531238710e+00
1.803712956325475236e+00
1.769856140269883138e+00
1.750936498217732895e+00
1.765877363441824999e+00
1.780194381634801370e+00
1.744771621209986856e+00
1.761297826749757434e+00
1.758949772266739764e+00
1.773807105655385907e+00
1.757542232930170645e+00
1.763688208775072264e+00
1.751875863796592991e+00
1.768905803295362178e+00
1.776523115346408499e+00
1.763877302933763325e+00
1.720189455238640530e+00
1.719951547096830957e+00
1.712323522283596633e+00
1.765402741647787099e+00
1.758236699805606928e+00
1.766185512308123817e+00
1.731037178681006372e+00
1.753859899183205950e+00
1.770480597910090603e+00
1.811036506694790438e+00
1.815034920034451993e+00
1.807097733045505583e+00
1.779196403445665098e+00
1.800332502527361545e+00
1.829685666778155806e+00
1.828780806170790418e+00
1.796730497966069429e+00
1.796365880966736217e+00
1.786337679091077657e+00
1.784699755570845925e+00
1.754304412602395002e+00
1.760109957103206613e+00
1.755691081479172633e+00
1.747986635153463419e+00
1.718375386772550417e+00
1.730942747785988667e+00
1.752653798166428967e+00
1.792371969509605201e+00
1.789661126685618608e+00
1.767755580871278376e+00
1.698411311120062495e+00
1.688449634734320526e+00
1.703183293651995056e+00
1.732631671951238683e+00
1.741144998204887440e+00
1.775735331090720459e+00
1.772571194778395309e+00
1.772124646060178499e+00
1.744216824396547683e+00
1.742712683637360760e+00
1.752661239109289504e+00
1.791395863256244780e+00
1.765600633005361519e+00
1.752016212229146941e+00
1.696534313437380703e+00
1.691285312019410236e+00
1.714457800303544888e+00
1.727272919453334277e+00
1.739477795889146305e+00
1.753944902600794720e+00
1.754296645935135679e+00
1.756355988951846747e+00
1.723775286617510227e+00
1.741923750672625282e+00
1.744425773486594000e+00
1.747522009564328238e+00
1.717103437076882733e+00
1.718859261224868762e+00
1.759670547588679135e+00
1.784286220652359312e+00
1.819768153963997603e+00
1.806168794401491473e+00
1.791661113669525518e+00
1.756135490721896675e+00
1.727311973512794419e+00
1.705257760035643111e+00
1.717397797838950080e+00
1.711983274043968217e+00
1.695543308959079454e+00
1.683852895742648181e+00
1.687179220630981025e+00
1.733287405913277679e+00
1.721482659405476179e+00
1.674453393318346750e+00
1.682667147476766267e+00
1.714933249714797991e+00
1.718241655542513291e+00
1.739541613219901084e+00
1.765663609183622862e+00
1.777975531003566756e+00
1.738894751454640897e+00
1.726458755291874425e+00
1.724284395915883339e+00
1.710658654251014710e+00
1.713254224949478877e+00
1.707313380366779265e+00
1.682978733060339183e+00
1.694979476118047890e+00
1.681874829369728985e+00
1.684966107389377798e+00
1.688788442278990720e+00
1.663928961303712040e+00
1.674680364418313028e+00
1.673181477733871381e+00
1.683631871997811835e+00
1.680476099550556324e+00
1.725506564979944590e+00
1.730782427098991771e+00
1.718746582110913801e+00
1.692727309420053894e+00
1.725582002357217482e+00
1.761742026796821348e+00
1.738349449088228749e+00
1.742051935397811668e+00
1.693892600401597726e+00
1.695141337655126090e+00
1.711394777495232722e+00
1.710709710681987294e+00
1.711681260412496020e+00
1.714923594068182844e+00
1.675292540717872036e+00
1.674866937613470608e+00
1.691051905185689819e+00
1.681634402633767733e+00
1.699015956888149104e+00
1.731549206206652425e+00
1.717701488528075693e+00
1.707007361855155558e+00
1.706142054431816213e+00
1.719345816862497767e+00
1.701230390377573176e+00
1.719376190622553979e+00
1.702537753155622058e+00
1.688110846601352133e+00
1.683198664982024972e+00
1.668738545392947081e+00
1.677690876014159338e+00
1.709131195693388339e+00
1.715128855128843721e+00
1.699632405444981176e+00
1.667042917320210593e+00
1.653326736719424206e+00
1.646623360899115651e+00
1.662751827757876111e+00
1.657736047708161742e+00
1.691394664479243248e+00
1.681214847903960585e+00
1.654544113613086509e+00
1.668281134450851688e+00
1.683297428073428748e+00
1.669669241223797895e+00
1.672587732810832284e+00
1.658652368704317537e+00
1.657731680140114072e+00
1.624380272586942064e+00
1.637595382450700576e+00
1.663832659302636019e+00
1.667352584505136903e+00
1.680321851051773008e+00
1.688384676026451148e+00
1.697982363970069963e+00
1.720902578824335505e+00
1.705991730319159183e+00
1.687770797976848369e+00
1.646472213696268616e+00
1.638406844678622631e+00
1.650546941231602505e+00
1.665195828644911780e+00
1.673089739527144681e+00
1.676728342945676520e+00
1.677568513893048729e+00
1.671035851318190657e+00
1.633435735536872269e+00
1.640191480733473428e+00
1.628408352581803831e+00
1.690665305425875564e+00
