5.583091328667708630e-01
8.933405188760139559e-01
1.104793441293211220e+00
1.375025046158673492e+00
1.615782240966289196e+00
1.774421966989633059e+00
1.820512376218217376e+00
1.806269536418612320e+00
1.795781445265395071e+00
1.813956563122306243e+00
1.833795662321421105e+00
1.806919455103890737e+00
1.745072978838736244e+00
1.672166664080084741e+00
1.675780670265714534e+00
1.676265750629785778e+00
1.737959370791925640e+00
1.793084629336183733e+00
1.850332151799351399e+00
1.828996316092664554e+00
1.812263971748500513e+00
1.780006771039820190e+00
1.778444950066989438e+00
1.738122096170327424e+00
1.715898120492533874e+00
1.687183713578025435e+00
1.695379447822153551e+00
1.692245458397363400e+00
1.722075636700844736e+00
1.736029639525028978e+00
1.716172720011335695e+00
1.728524535125025796e+00
1.750424787036518826e+00
1.764017452426639654e+00
1.776057055046936117e+00
1.801449709967672952e+00
1.826985844440147444e+00
1.829430605605572024e+00
1.769621742627051075e+00
1.753797126157043751e+00
1.714537822218151542e+00
1.680497751378907889e+00
1.702418979342823047e+00
1.688565862128476702e+00
1.658520024809414517e+00
1.641483207414399459e+00
1.680545602816211348e+00
1.688045077724112275e+00
1.682795323596719905e+00
1.697650919670677272e+00
1.738124540202673041e+00
1.766808469503829082e+00
1.782361639125886743e+00
1.777364203307675083e+00
1.815872952234333315e+00
1.832525374485585168e+00
1.831449369200606636e+00
1.749849753648712314e+00
1.690258729376357794e+00
1.684924396357271981e+00
1.722403195493263706e+00
1.714853312262025975e+00
1.702258999456154998e+00
1.641052190728563343e+00
1.648186301874475568e+00
1.660155966458664922e+00
1.679984046843263856e+00
1.653575589680415403e+00
1.648886658374282499e+00
1.633009857787602215e+00
1.648231338803905155e+00
1.665677537343387193e+00
1.696232602738942052e+00
1.687415640032370323e+00
1.683754402107603632e+00
1.681815151407797693e+00
1.697190827782328659e+00
1.694563590996509994e+00
1.682131748436336505e+00
1.659547038929689133e+00
1.670339925590462515e+00
1.677590377876648775e+00
1.666702523002941305e+00
1.660458537592379491e+00
1.627811693375661894e+00
1.629836702005876603e+00
1.658805357720709583e+00
1.669614151370964805e+00
1.689271162641100332e+00
1.697806716036548202e+00
1.696413894038760528e+00
1.702301249993876331e+00
1.708025407512682614e+00
1.710773440586447647e+00
1.672500074118229652e+00
1.661311498112755025e+00
1.671434946515702125e+00
1.673743873232223178e+00
1.663087554112004485e+00
1.630617661383194639e+00
1.618651001205706041e+00
1.604806809407143708e+00
1.617482573362352571e+00
1.610392932120002341e+00
1.657189139266845856e+00
1.677754671175581080e+00
1.683206357421029864e+00
1.680910391502306478e+00
1.666056854676460475e+00
1.666980232831875908e+00
1.704967136555108453e+00
1.662339978106464278e+00
1.684708195376863671e+00
1.683234573752169894e+00
1.691619785381664132e+00
1.683146444979332079e+00
1.675738870686436899e+00
1.649055202498018513e+00
1.650089360039524111e+00
1.661223425177613677e+00
1.648538756456595422e+00
1.633959683535619156e+00
1.623730025763711948e+00
1.615701819866259825e+00
1.634041038204885554e+00
1.647828407830924435e+00
1.670865090324808344e+00
1.669580018511213737e+00
1.679404456678934121e+00
1.671648923867748326e+00
1.652188744044242208e+00
1.669092397197140309e+00
1.657283759794877520e+00
1.655466191005720011e+00
1.634126580516681582e+00
1.634381643029765963e+00
1.629897089082438466e+00
1.615360008493535116e+00
1.620216544096438449e+00
1.605490261329254764e+00
1.630607715836690064e+00
1.635849767505870522e+00
1.642914815059342226e+00
1.655605323121596362e+00
1.645317314168147416e+00
1.633277898919763160e+00
1.608960216266086540e+00
1.608580112782582505e+00
1.604237395915552922e+00
1.596886646297519974e+00
1.606510347719348308e+00
1.599192115900948563e+00
1.591143332861932214e+00
1.609171521950617301e+00
1.631051481663191804e+00
1.630541245936146799e+00
1.633979508544028736e+00
1.612948705640245839e+00
1.611439035855319890e+00
1.626856764715782333e+00
1.651337535544954882e+00
1.617912104807344376e+00
1.612333056804871489e+00
1.612461638990445589e+00
1.602677920974975967e+00
1.603002017452474171e+00
1.605006755105220284e+00
1.595926703289351156e+00
1.615785414875264392e+00
1.603022378371072421e+00
1.613729005139404871e+00
1.603775670544417720e+00
1.623699833424231853e+00
1.633555115621635689e+00
1.613462831530268815e+00
1.599729109774393088e+00
1.573224430141404895e+00
1.592851158716591886e+00
1.607652917291351402e+00
1.620159473894697388e+00
1.610295395062948609e+00
1.604895827744040382e+00
1.611809938435415201e+00
1.601475984823987453e+00
1.608212850252148218e+00
1.589341113680974305e+00
1.590065522019875832e+00
1.576462353043408982e+00
1.586659508665201113e+00
1.582535896327183833e+00
1.579425059973126988e+00
1.581031335808402494e+00
1.572327966104237307e+00
1.584853178122491935e+00
1.594490485695453375e+00
1.589823410978820073e+00
1.612751971809463392e+00
1.635957431252783589e+00
1.649014467665399275e+00
