5.586560904538134809e-01
8.485758407378162227e-01
1.064439552471658335e+00
1.342167206745854990e+00
1.453089438787097620e+00
1.552966762958303715e+00
1.574843524269015305e+00
1.590206014097599541e+00
1.578122890527268840e+00
1.599666260740580492e+00
1.601280453290937711e+00
1.614745955702752589e+00
1.596216331697646318e+00
1.616789874724031462e+00
1.628602031342698542e+00
1.656643487310825114e+00
1.638273311945554589e+00
1.633276470566562999e+00
1.592964463107526374e+00
1.569596947438453016e+00
1.580315985384247668e+00
1.591992668819342205e+00
1.616280140737720306e+00
1.619135870146601208e+00
1.591344753567934145e+00
1.577531338720906007e+00
1.565935014957188898e+00
1.582363823622739085e+00
1.593580714163018719e+00
1.594091880608347722e+00
1.605449378838554653e+00
1.590016158738862595e+00
1.590404648484113892e+00
1.629549383168190202e+00
1.628805634070719321e+00
1.627875775257060953e+00
1.629987029566784873e+00
1.633938037201392524e+00
1.615169832266374561e+00
1.589961466120265676e+00
1.585672638051533578e+00
1.582009900213027898e+00
1.604070655811381751e+00
1.603895815665966396e+00
1.598068707567762869e+00
1.580476414832393317e+00
1.575000699122847347e+00
1.583980815016093224e+00
1.610320898666322886e+00
1.609034577897616947e+00
1.586708312759769202e+00
1.595884218392130904e+00
1.628663982240820651e+00
1.651736374066347990e+00
1.650250811185734579e+00
1.622632069863884752e+00
1.614327468848048452e+00
1.579612791887021972e+00
1.584369153022953336e+00
1.577907385189717182e+00
1.573081212731106016e+00
1.559203799580637373e+00
1.547462830566380676e+00
1.540138166374186657e+00
1.554468280784883971e+00
1.562903576819149931e+00
1.592989222177233710e+00
1.603270974164507257e+00
1.593088839946684043e+00
1.607873757519366675e+00
1.623532951363544141e+00
1.634509552616831840e+00
1.650459754680002167e+00
1.657434546617543747e+00
1.607286805908363148e+00
1.582058422191754410e+00
1.558059882389140061e+00
1.563076673446486486e+00
1.558328930657108424e+00
1.559300306715954543e+00
1.582007675707794547e+00
1.560767423908579810e+00
1.551804404419956374e+00
1.572939703243667608e+00
1.560733765155252861e+00
1.567006038644402688e+00
1.589380967613997164e+00
1.575872105370365261e+00
1.558734386033706842e+00
1.552779738644178620e+00
1.551467384543393502e+00
1.566252786007152453e+00
1.564124856252353535e+00
1.566732951156624365e+00
1.536316450612648765e+00
1.570697656729985070e+00
1.593421041047855535e+00
1.572845970749175981e+00
1.558584829915420356e+00
1.561498516206112352e+00
1.546392725814267788e+00
1.539014258818247827e+00
1.531470035807575902e+00
1.521448703708323302e+00
1.524036766297529599e+00
1.528033085376852895e+00
1.523975362478132700e+00
1.521361240170466811e+00
1.566307816523010876e+00
1.576433901371939506e+00
1.562713327248194339e+00
1.551826763900032047e+00
1.548506302306331683e+00
1.543707381719306104e+00
1.536721355580973558e+00
1.545029643929036745e+00
1.547144422036886402e+00
1.529117454705615664e+00
1.540527774236663427e+00
1.536945420816418162e+00
1.515128004917651428e+00
1.518887212063563696e+00
1.510627696059798186e+00
1.524707228438060280e+00
1.547181843835783832e+00
1.556693228028792397e+00
1.537179739837211345e+00
1.541977326567582907e+00
1.563120147102559088e+00
1.557662206294180507e+00
1.529339736115695292e+00
1.517759639856870901e+00
1.519580638235510150e+00
1.523533472828316304e+00
1.510955177740031852e+00
1.486908873771850770e+00
1.512386060307540747e+00
1.518583203597456022e+00
1.513636876810778853e+00
1.511194881480687702e+00
1.507577817336419379e+00
1.493361631647654564e+00
1.490644716547269377e+00
1.503114141824872574e+00
1.500366920180249863e+00
1.513067805229194596e+00
1.539590043162047506e+00
1.559651237858247219e+00
1.541750531164435722e+00
1.540975099499472201e+00
1.547986259388295815e+00
1.547780764194206293e+00
1.540190733268312684e+00
1.527914511661305097e+00
1.503995708478306881e+00
1.514075464726648557e+00
1.512189335451783911e+00
1.523730682930424019e+00
1.518661049390827911e+00
1.515295016959813168e+00
1.515220464222269969e+00
1.536174145898041354e+00
1.520802128517224183e+00
1.519508119055474227e+00
1.538055111644850648e+00
1.547513689779207224e+00
1.556053124571827651e+00
1.552899771094107262e+00
1.550223782581136245e+00
1.540566518654446382e+00
1.521348493928007528e+00
1.506806284920181760e+00
1.481250009746303276e+00
1.499029711705707868e+00
1.492643512124106397e+00
1.514856308108793792e+00
1.502051550229315691e+00
1.494789029684173265e+00
1.495371947935423274e+00
1.492368935782397488e+00
1.511309391041604222e+00
1.509418793464903485e+00
1.511111463297303059e+00
1.523524063006409746e+00
1.541179677262733083e+00
1.535714390014167652e+00
1.530890156465236851e+00
1.533160439402015962e+00
1.551915631749379854e+00
1.550712609973484035e+00
1.525076145163698715e+00
1.512601362458644516e+00
1.502727923756933315e+00
1.495589406999501714e+00
1.490125154598588297e+00
1.492601911186975272e+00
1.499795049709398143e+00
1.502154090024597100e+00
1.520525023264177378e+00
