6.598970814374521821e-01
9.548347323410546483e-01
1.183554135401463814e+00
1.468097416751119821e+00
1.639175126016359396e+00
1.766063432670698541e+00
1.794370151493933196e+00
1.806821700271123765e+00
1.795405722723745212e+00
1.777614492774992616e+00
1.772761544249056742e+00
1.831766602563318580e+00
1.826658424517389578e+00
1.836249403983953865e+00
1.808305365191797298e+00
1.790976437143707134e+00
1.763118789845826484e+00
1.777579377444389097e+00
1.787633001342318506e+00
1.813354235175927309e+00
1.795616896757667336e+00
1.762095176210036529e+00
1.757027029063181756e+00
1.757478971284125224e+00
1.764500648102495850e+00
1.804489221303034130e+00
1.833808265823947181e+00
1.829434004688919480e+00
1.819491770444290557e+00
1.799935017922433156e+00
1.772295455851485402e+00
1.764627851854811524e+00
1.725716892270060310e+00
1.718787398238858177e+00
1.712262738538477436e+00
1.746166814943177936e+00
1.766797973418232859e+00
1.759087898754646329e+00
1.765884652998262361e+00
1.775903129832306915e+00
1.752046546144403472e+00
1.761553591034275890e+00
1.787249482852485638e+00
1.802472876075804864e+00
1.830825537013429871e+00
1.838715441940966810e+00
1.803445004216547742e+00
1.785242453160395426e+00
1.790908696036242587e+00
1.773326128063328344e+00
1.767345546582882010e+00
1.757619042899275730e+00
1.760653453197737139e+00
1.783028300290616874e+00
1.759892994283891010e+00
1.755173656340857313e+00
1.763616413128534344e+00
1.769016019630439640e+00
1.806540165868799175e+00
1.811558109570428288e+00
1.813306767752416171e+00
1.835162718643722934e+00
1.820084126431642746e+00
1.807230089810301754e+00
1.754847369937883927e+00
1.741967335883068291e+00
1.733754495808515150e+00
1.712625574161482866e+00
1.743440564918031122e+00
1.762679113273657228e+00
1.779935784060209025e+00
1.763242412982162222e+00
1.732086000200726783e+00
1.695782915884263442e+00
1.689532333914828044e+00
1.738836271905542796e+00
1.720422388978525063e+00
1.761495218789557393e+00
1.775317671511229101e+00
1.733525882198346135e+00
1.731742204179387956e+00
1.698914666304421228e+00
1.708986703836058663e+00
1.724410437060368562e+00
1.681345381457033161e+00
1.696517670339193318e+00
1.723108639576472090e+00
1.724641144683333405e+00
1.722738436189406253e+00
1.678882455250401806e+00
1.706806150306694025e+00
1.684330528738838373e+00
1.680859886865232911e+00
1.714822918697846532e+00
1.743610599696568730e+00
1.760064294887868641e+00
1.744708532456076489e+00
1.713043952376234413e+00
1.735682655282312581e+00
1.751659273635951974e+00
1.751572625648105896e+00
1.745319933050984096e+00
1.779420248002939742e+00
1.724027122940896106e+00
1.720165366607411483e+00
1.709880736440638538e+00
1.705852169474765923e+00
1.710494845480272419e+00
1.700228689233991064e+00
1.697813920795660847e+00
1.738683025518650505e+00
1.729701816018633709e+00
1.745543567484759473e+00
1.731715648957851794e+00
1.719403823191184788e+00
1.704251936674503476e+00
1.734726291836730772e+00
1.741429103572162296e+00
1.726041629196700899e+00
1.725670676709833984e+00
1.723170718677454971e+00
1.698373106361232177e+00
1.691005158461286406e+00
1.713408326885812016e+00
1.711590437154516531e+00
1.715493219000599145e+00
1.725654789341053874e+00
1.745043352520548430e+00
1.750301942508608821e+00
1.734527549947265213e+00
1.738081023284538951e+00
1.663036817197366402e+00
1.682025663658351711e+00
1.679271562303304988e+00
1.700365956344811025e+00
1.677795020429547090e+00
1.672239057834217002e+00
1.659630729646398573e+00
1.672491183419833938e+00
1.667054052520605456e+00
1.675539305350895125e+00
1.686117404261698649e+00
1.747238936724799574e+00
1.734560458727442800e+00
1.717728023295804096e+00
1.704903253633217153e+00
1.739150047924010956e+00
1.729505416374042204e+00
1.725197633114006202e+00
1.716735598415152220e+00
1.705533480985315320e+00
1.691120413298958569e+00
1.719188660098071031e+00
1.733753276663434040e+00
1.708529850339214784e+00
1.688610388235584514e+00
1.708342195448226519e+00
1.705070552335363754e+00
1.699883140357232092e+00
1.677400684489922522e+00
1.707590074793174262e+00
1.706034837014524186e+00
1.686305590547689137e+00
1.681959411355300915e+00
1.694534502204962934e+00
1.680803778540377769e+00
1.677836508345769584e+00
1.668132081025306857e+00
1.692612234045542063e+00
1.688190017462490866e+00
1.692918327869589623e+00
1.675471204806189052e+00
1.695429289282288199e+00
1.704029375651176847e+00
1.725810736315523508e+00
1.715440420709190894e+00
1.745810202401485212e+00
1.734773553303581295e+00
1.711877781094424567e+00
1.659782301292386686e+00
1.676215953642826495e+00
1.687125342611180301e+00
1.694833322937783437e+00
1.728488777908120611e+00
1.720862064927915824e+00
1.667325084648030087e+00
1.655133666354753563e+00
1.627043680900483347e+00
1.649978485224674829e+00
1.662756529511575598e+00
1.681349913126587658e+00
1.676826976282139503e+00
1.670483976377520996e+00
1.643285139894072433e+00
1.648948340473728402e+00
1.634535255589996572e+00
1.657233812035907805e+00
1.674352617387001363e+00
1.710331944161837869e+00
