6.026873120970968056e-01
9.184544910156888786e-01
1.139805675260224804e+00
1.390146273684149447e+00
1.534202398152207936e+00
1.652733969342523590e+00
1.714437355364788917e+00
1.724787580640327000e+00
1.724221349085733879e+00
1.707099983898650697e+00
1.704260570771956695e+00
1.683676188722157185e+00
1.684422277154590253e+00
1.675181377221694579e+00
1.683845875493800825e+00
1.710668025128537550e+00
1.703014827727775016e+00
1.691234174431359705e+00
1.667983455907372070e+00
1.668838435232511408e+00
1.700637788902508163e+00
1.699360573296293087e+00
1.690995999766721880e+00
1.683699088650474129e+00
1.647570761317047383e+00
1.633233119065499617e+00
1.629935805239143054e+00
1.641310498552728703e+00
1.669356114532203339e+00
1.677356595886012602e+00
1.689157421585892438e+00
1.688998442755801133e+00
1.688803780891000139e+00
1.649813164225649054e+00
1.643801783026423102e+00
1.654520404070108475e+00
1.692754777231134211e+00
1.722740146087348379e+00
1.703166284119443930e+00
1.705463560148537505e+00
1.679392990499007698e+00
1.668303557428111317e+00
1.677365145651624756e+00
1.669429790175635642e+00
1.666789162690875514e+00
1.652168241826431627e+00
1.644857425275642271e+00
1.636872275972771629e+00
1.620905989057173757e+00
1.601592871496229753e+00
1.650253130806708990e+00
1.663349644308537822e+00
1.651195904796367131e+00
1.642998855843353034e+00
1.682394566616187248e+00
1.699580494001285746e+00
1.681995045658899679e+00
1.675815471795373046e+00
1.692439899228945555e+00
1.694932681206570368e+00
1.656807778392246577e+00
1.642803764575048620e+00
1.638061172599695192e+00
1.641994493426996993e+00
1.653112779024532797e+00
1.643025874444659307e+00
1.656265210704672919e+00
1.656088235904249695e+00
1.690857144804392087e+00
1.679048848469911537e+00
1.660578038815167190e+00
1.645893293779780775e+00
1.627357214254673723e+00
1.619173597570201739e+00
1.633483050254076030e+00
1.625279723785116648e+00
1.602206044271787588e+00
1.610731545424321842e+00
1.615051225555463210e+00
1.607449007189239554e+00
1.618347348303109223e+00
1.599575460994819176e+00
1.595521228449378714e+00
1.578985776412658248e+00
1.573217794055136398e+00
1.557300067852095182e+00
1.595602013722881241e+00
1.588334361018899354e+00
1.593996607787895536e+00
1.591152994449850588e+00
1.582434593308928106e+00
1.591383380396667047e+00
1.605762313037729205e+00
1.618463598134318726e+00
1.616568341297354161e+00
1.601495814054915590e+00
1.599925466173750976e+00
1.587442954328573519e+00
1.613556152129373311e+00
1.590085347313491271e+00
1.606884208542608938e+00
1.609860601444546457e+00
1.645479171285028297e+00
1.632306851254335722e+00
1.619203218904108121e+00
1.601796117118556406e+00
1.594957562536402529e+00
1.602616771243026372e+00
1.619510812931514554e+00
1.627511746333363485e+00
1.614241221056406772e+00
1.598567736637093617e+00
1.585078761889661347e+00
1.600319848297718561e+00
1.604486374847875707e+00
1.632066945383553458e+00
1.649458969348899018e+00
1.640670290532029840e+00
1.641713422852667081e+00
1.614892743749866577e+00
1.581652652824836247e+00
1.569570662487208335e+00
1.562074082801711894e+00
1.585434463861841392e+00
1.601595793478235219e+00
1.587481896595535291e+00
1.608173632827713861e+00
1.598994010251171938e+00
1.628781941279853429e+00
1.637412159737292150e+00
1.642855364561737419e+00
1.578991076203472677e+00
1.562027008080089319e+00
1.561092854078956593e+00
1.571052827197734425e+00
1.592186993772858106e+00
1.617045294541933131e+00
1.586366858118676726e+00
1.582675743474976526e+00
1.568131724094410817e+00
1.598131402454051608e+00
1.599357468968392038e+00
1.595605977774333217e+00
1.585030175064375380e+00
1.592144636218053577e+00
1.577915092595439273e+00
1.573884947503854104e+00
1.559460417398486287e+00
1.537706351144960459e+00
1.553223131677649693e+00
1.566350494196112608e+00
1.557469666376012141e+00
1.581910025642087270e+00
1.588624839167771752e+00
1.595566598782804046e+00
1.558899678072380723e+00
1.590848181241394155e+00
1.579919087298071734e+00
1.593010429697039765e+00
1.543441005467345750e+00
1.559083615983666071e+00
1.562489913428450450e+00
1.540895647126863999e+00
1.536395607982877776e+00
1.565836366061028162e+00
1.587663835379147015e+00
1.581574002880424379e+00
1.573883832924634740e+00
1.577671071457693586e+00
1.601201360075987568e+00
1.570318991587150936e+00
1.550844681818138060e+00
1.562558126525703583e+00
1.557779514875952120e+00
1.554429778800962447e+00
1.554203749837763215e+00
1.580130465450362731e+00
1.592775761891167985e+00
1.593945652978397964e+00
1.587244401865608889e+00
1.576548834597190973e+00
1.590971391433758431e+00
1.582042004296254856e+00
1.575241661228158341e+00
1.572193158508527366e+00
1.566552765405742731e+00
1.573379330918161845e+00
1.601541884049281661e+00
1.604355217611358242e+00
1.582018367885001942e+00
1.551663717739720338e+00
1.547599438463886257e+00
1.563678291090246919e+00
1.544974448685024759e+00
1.559149650177120483e+00
1.571149500915381969e+00
1.591185090395213608e+00
1.562911681158804189e+00
1.568349445957361699e+00
