5.168586438777882375e-01
9.452393024399854404e-01
1.067131394680228107e+00
1.409805270829127322e+00
1.539339895431918182e+00
1.691154365477503418e+00
1.699214993596670276e+00
1.750390224935621575e+00
1.745007283408746002e+00
1.773406132177812733e+00
1.699800769313667415e+00
1.714180302060591243e+00
1.710456844899686191e+00
1.724799741916920981e+00
1.707673107839885240e+00
1.703192349048122889e+00
1.683323061848281066e+00
1.697200718074903358e+00
1.695875279808188862e+00
1.698257337266168898e+00
1.724230067607753769e+00
1.743879697837613652e+00
1.723807620005149754e+00
1.723730259545751320e+00
1.718992260195002508e+00
1.706889463813975549e+00
1.685207480649955514e+00
1.686962459179911944e+00
1.658132332781391050e+00
1.626668212062211794e+00
1.637570048370611708e+00
1.652433320748888157e+00
1.630386786213311012e+00
1.657475364647460703e+00
1.680489334056357142e+00
1.680097513644744023e+00
1.682093507469619276e+00
1.689618542016545488e+00
1.681642897805476711e+00
1.716428202826426164e+00
1.757215509438954326e+00
1.744431934002679263e+00
1.724375191683023445e+00
1.768157302867960912e+00
1.748906753310431883e+00
1.715828154378441051e+00
1.692594319098311928e+00
1.672985502223589993e+00
1.640142514815962071e+00
1.635222328139934289e+00
1.619095414857305570e+00
1.646649832396675839e+00
1.660176394071687822e+00
1.634760772262833672e+00
1.627135765144517521e+00
1.663397944805602435e+00
1.699035922519381403e+00
1.718570802061355707e+00
1.706940753371396502e+00
1.716761561764571065e+00
1.734962731271240344e+00
1.762435222217064723e+00
1.698350337978526081e+00
1.648029587009826935e+00
1.626562032417329773e+00
1.640525055839916257e+00
1.644868716094397554e+00
1.676256171022919572e+00
1.657151718683451902e+00
1.650364677887101728e+00
1.637099076065783088e+00
1.668882461863529176e+00
1.672112470284459640e+00
1.660286851289180188e+00
1.683365366478200231e+00
1.671965439257394825e+00
1.634609294873784036e+00
1.630046598138130243e+00
1.597815070834303519e+00
1.604454468074513418e+00
1.601314514948960488e+00
1.615781522827415939e+00
1.595109483226116565e+00
1.626344087694662210e+00
1.647648256449560256e+00
1.619643440040267057e+00
1.594513118905527937e+00
1.603348200614455044e+00
1.616022296636075106e+00
1.650288509469603371e+00
1.634868370399606308e+00
1.623330722557076999e+00
1.604188489130836226e+00
1.637082842182976172e+00
1.631985575574477876e+00
1.630513401121509887e+00
1.602344662731050917e+00
1.623817593143469962e+00
1.633374251498150187e+00
1.635629719765660850e+00
1.593610281105076965e+00
1.601905672067834630e+00
1.567947408127201792e+00
1.601403437624978610e+00
1.605957306566447196e+00
1.605104323100598807e+00
1.600778628256100289e+00
1.592023071426239555e+00
1.600595049152224947e+00
1.616606304534350835e+00
1.627334518242947725e+00
1.658139328381873279e+00
1.634951282979223652e+00
1.615353384743262621e+00
1.594131846228830751e+00
1.626957929532520275e+00
1.647425875233478498e+00
1.639705765900293821e+00
1.618584771792652477e+00
1.634502845017581141e+00
1.641279496517758396e+00
1.643734056462204052e+00
1.618521006033633025e+00
1.599611175994050782e+00
1.592809978773024993e+00
1.592039691989180161e+00
1.580664988465158016e+00
1.592410328920575102e+00
1.622714743519621639e+00
1.621988318318762001e+00
1.587490142444745622e+00
1.579185462273551721e+00
1.582658498203747488e+00
1.572146264939205507e+00
1.585486784800588911e+00
1.609965562170367903e+00
1.602541245924999469e+00
1.616094667268275886e+00
1.634830772591878922e+00
1.636014684155110865e+00
1.632068902909015407e+00
1.603042196662244567e+00
1.597811093089624324e+00
1.633041761154960803e+00
1.647314243234617059e+00
1.647676242282761772e+00
1.642309205743491818e+00
1.635981551250355048e+00
1.625042200149704463e+00
1.605526956158783047e+00
1.585957666977261926e+00
1.595824667858907864e+00
1.613861656366486708e+00
1.611380747921463241e+00
1.609091979890509450e+00
1.633655703296510886e+00
1.637232267703012223e+00
1.650649596678144482e+00
1.637796405671673394e+00
1.621328161589260519e+00
1.613024904736442000e+00
1.586654067123424605e+00
1.572374080676093300e+00
1.581506272794318102e+00
1.585219004257411024e+00
1.578386553509576684e+00
1.566373906886912692e+00
1.554952902732833042e+00
1.578573611744796823e+00
1.585011856159229460e+00
1.600907552990516569e+00
1.600516101580975459e+00
1.584491916384127341e+00
1.596622301854070169e+00
1.589370021559191049e+00
1.576708037267856799e+00
1.589989754961256940e+00
1.591735693924731354e+00
1.586168072661597650e+00
1.585206031515481673e+00
1.602228042610051251e+00
1.593180057398592142e+00
1.590735617893295650e+00
1.586245324578240412e+00
1.588907847856635858e+00
1.586562195102909190e+00
1.566300790941401289e+00
1.564158578918405818e+00
1.564813391357704253e+00
1.572667438461955447e+00
1.566838894900903778e+00
1.581462613356391600e+00
1.600017714490287624e+00
1.602060787723478708e+00
1.608971974612857014e+00
1.603115094418080755e+00
1.607299175254120582e+00
1.562559570674988185e+00
1.566104566747174243e+00
