5.877351096406527864e-01
9.028606708256815550e-01
1.104181544919027758e+00
1.374120703059807269e+00
1.554840291889831194e+00
1.675299331736937125e+00
1.742644044245283075e+00
1.717715814248464756e+00
1.670063089710649429e+00
1.656378228382280104e+00
1.650271037062803536e+00
1.641121889852985571e+00
1.651466423388750382e+00
1.659784109273525710e+00
1.650877957251451589e+00
1.644671568968647524e+00
1.652653540401711973e+00
1.645864026840488492e+00
1.634252698377847812e+00
1.628597746960616099e+00
1.624432426870109136e+00
1.616610133447984543e+00
1.638392971310140833e+00
1.646397017882963665e+00
1.640317320154786040e+00
1.617781967206388449e+00
1.644369504188679443e+00
1.666331936175004191e+00
1.668369392340586232e+00
1.657283115837246745e+00
1.660865886825140025e+00
1.642422991333408744e+00
1.638984051327173619e+00
1.605920288310317856e+00
1.592134655586275871e+00
1.598144659715894145e+00
1.613520599672236155e+00
1.623833370396081444e+00
1.647757985043154960e+00
1.648758111458636710e+00
1.656618763688912699e+00
1.645718911765901904e+00
1.639386319644124290e+00
1.646734070335833966e+00
1.669446967472365539e+00
1.663649772983387898e+00
1.647337065506035092e+00
1.650349036326975272e+00
1.624866764623485560e+00
1.602392249638015409e+00
1.591144562539266838e+00
1.595842141075713982e+00
1.618797244060395935e+00
1.634943081358732453e+00
1.606597581436702393e+00
1.589005245739221417e+00
1.603253201879260237e+00
1.614401240204451637e+00
1.610427282772685542e+00
1.601525781267709725e+00
1.580562926774259580e+00
1.583567960207776792e+00
1.582254787863637269e+00
1.589355257819556000e+00
1.626372107219255181e+00
1.627487755416610060e+00
1.633394019874330416e+00
1.626040018930978270e+00
1.630630154925825526e+00
1.610311653164450130e+00
1.607300489602645488e+00
1.614928587875310129e+00
1.622436503233312566e+00
1.611932135688209033e+00
1.636745965166329420e+00
1.642078060211845658e+00
1.611908334956456024e+00
1.569754055930190795e+00
1.560173722418665587e+00
1.558146381157930804e+00
1.619584243422790948e+00
1.644095103166540062e+00
1.661970123641594022e+00
1.670339996428569229e+00
1.666259601456565154e+00
1.663854977673852042e+00
1.680955738557384116e+00
1.664542580265295113e+00
1.647313321584898738e+00
1.637447266411846902e+00
1.620457347820687843e+00
1.606994609951698072e+00
1.608561813976358890e+00
1.608281311335646890e+00
1.576828737237397693e+00
1.590506463532685988e+00
1.586761890741992254e+00
1.584527583347189683e+00
1.571347747156992103e+00
1.562355689756371735e+00
1.571860511915771363e+00
1.585623978023789071e+00
1.615073276528699031e+00
1.618500295160401281e+00
1.605583337455118720e+00
1.580915449081708779e+00
1.570785858964412585e+00
1.556186039389442666e+00
1.592349314240054214e+00
1.577776558379391236e+00
1.586210365431063307e+00
1.595998386026741711e+00
1.610631695823081300e+00
1.578976108510500298e+00
1.584100889293013736e+00
1.598898877174436128e+00
1.605247807747563815e+00
1.593171152500892029e+00
1.612233941369337398e+00
1.613549067770628342e+00
1.618624987878182653e+00
1.602008645997093472e+00
1.613599914866766127e+00
1.586183283601299232e+00
1.588813092925954740e+00
1.600756809403516057e+00
1.592057903438765409e+00
1.583482636030644874e+00
1.605021960289049643e+00
1.584305786092303103e+00
1.583695249743264588e+00
1.575950119137725203e+00
1.601961400585927064e+00
1.620779529156454402e+00
1.648583837614667980e+00
1.637043365588511268e+00
1.616778900481594006e+00
1.595380456256661361e+00
1.582389070078118021e+00
1.580004847658811995e+00
1.586731854939264830e+00
1.573237422427483212e+00
1.552086628626688114e+00
1.557865186022556969e+00
1.569355494462268075e+00
1.578032344405078335e+00
1.565024502440751197e+00
1.588958845038053846e+00
1.608458414541663384e+00
1.606933597555018300e+00
1.581778789615533753e+00
1.583326178983306409e+00
1.572671056676663071e+00
1.556848076067716136e+00
1.563083667332603177e+00
1.569320806613389241e+00
1.579463907693925417e+00
1.580237569555714705e+00
1.589197377717248116e+00
1.600404446063419917e+00
1.601022299222663259e+00
1.576746364119181454e+00
1.581061176268774737e+00
1.586463999095841126e+00
1.584801592858457564e+00
1.567718134823155474e+00
1.552133378940334651e+00
1.591444422672022796e+00
1.583832245121355342e+00
1.567457002755263451e+00
1.564293972152297263e+00
1.575510188343155260e+00
1.566558950008658302e+00
1.559084402394984137e+00
1.578640590573207936e+00
1.582864862355257474e+00
1.613125936939385774e+00
1.594325387762318913e+00
1.588299879776816859e+00
1.589508029380846121e+00
1.568766784713419682e+00
1.538741236360042786e+00
1.579887352585017002e+00
1.580460263693822309e+00
1.577804512989138486e+00
1.571409328585094523e+00
1.566801977694829873e+00
1.549529172323980797e+00
1.550391967589173081e+00
1.570253657856635732e+00
1.583530204703724076e+00
1.566426562102436471e+00
1.574773554049800017e+00
1.555875244061099005e+00
1.548877003758954984e+00
1.563263253484625581e+00
1.585391365671230623e+00
1.581335053431577542e+00
1.578809185296226492e+00
