7.063344823621034996e-01
8.998119646213346146e-01
1.159549297267854273e+00
1.386187315007629817e+00
1.572664516947791302e+00
1.670220490709380501e+00
1.739777877962026986e+00
1.765196938764522772e+00
1.807930604542225650e+00
1.791525325269794022e+00
1.779736555274253007e+00
1.770772579901457755e+00
1.770385028074631828e+00
1.752246334498784419e+00
1.753783086931593571e+00
1.764984598264139226e+00
1.789543765643909934e+00
1.784927855046669176e+00
1.728005517409955116e+00
1.687762627890469602e+00
1.686687162102435078e+00
1.682285580549525594e+00
1.677074684334668442e+00
1.688887006220072484e+00
1.738067210495742421e+00
1.763011525379523547e+00
1.778408794802769366e+00
1.748091009343422542e+00
1.736558629726065339e+00
1.726336031699048812e+00
1.758254852930714263e+00
1.801680672645067816e+00
1.847629595518953227e+00
1.806332645753973454e+00
1.750188888545788135e+00
1.709395294088145612e+00
1.722276336022505516e+00
1.697530667001628579e+00
1.671961330814802915e+00
1.688441631024309109e+00
1.713123094886476849e+00
1.737822146114102351e+00
1.767311213336165920e+00
1.771871387569773582e+00
1.787842430182894793e+00
1.797724207352840109e+00
1.803952656712403568e+00
1.805031194935890371e+00
1.783273136101823697e+00
1.751141911811050722e+00
1.735609938634433691e+00
1.741174980344534440e+00
1.747525524590199941e+00
1.707559752139975906e+00
1.668279737121010298e+00
1.659165679526058534e+00
1.690960109139066025e+00
1.727227951483405466e+00
1.772927638444491860e+00
1.758752439186198835e+00
1.771622346468514575e+00
1.803487941584320131e+00
1.825628602433886361e+00
1.796594521621958984e+00
1.775507751552816593e+00
1.779757132149035526e+00
1.751378104567308469e+00
1.742500057210839559e+00
1.736961938289504737e+00
1.726076783248691182e+00
1.694535498175104848e+00
1.660193819980653185e+00
1.656753374628041842e+00
1.653055588897658801e+00
1.688141539011413395e+00
1.694977084367941034e+00
1.675595267491700069e+00
1.652183839044844449e+00
1.625350226477434656e+00
1.662624391271954938e+00
1.653078240635073470e+00
1.657071730219106476e+00
1.652349165962959887e+00
1.661297915928994895e+00
1.673740501973265182e+00
1.658816919957263769e+00
1.683991220207334383e+00
1.693208169412810937e+00
1.680457255953301088e+00
1.671213653222000106e+00
1.651592294294149221e+00
1.666983472874222549e+00
1.677188587343846349e+00
1.673632397048643750e+00
1.666296960940399252e+00
1.663886227560037012e+00
1.641635506407047584e+00
1.658423525351281347e+00
1.659208626117876229e+00
1.650889150044337450e+00
1.663695678422034474e+00
1.642667190062747640e+00
1.616683532267854773e+00
1.616830376765583388e+00
1.631217268284613997e+00
1.646370926875154517e+00
1.670378169407129798e+00
1.668234259324283819e+00
1.657825701613594660e+00
1.650277079824256754e+00
1.649975281699886942e+00
1.679744520750314551e+00
1.690713529628810274e+00
1.687418676053916711e+00
1.669044353028819927e+00
1.659263041530273597e+00
1.656380526837178513e+00
1.607902801572667961e+00
1.606564435330249063e+00
1.594215543297136106e+00
1.628353960258434929e+00
1.652319853685211060e+00
1.680291383076455425e+00
1.656800187483469022e+00
1.676751434198089363e+00
1.705624151721502946e+00
1.694227086090980716e+00
1.684339586255513943e+00
1.665336200643344533e+00
1.651034619695727734e+00
1.630214414893179420e+00
1.649016036120022344e+00
1.679358840075717563e+00
1.642978138386657072e+00
1.628394121907987380e+00
1.625869134092342572e+00
1.616230170937168475e+00
1.648323109707631184e+00
1.639646303057926024e+00
1.664591720496921834e+00
1.691124543432588556e+00
1.689477059695492001e+00
1.638774303669320531e+00
1.664102045253892381e+00
1.673588389002051535e+00
1.634752965754924237e+00
1.648107679552054172e+00
1.650542972026402877e+00
1.672432983007380081e+00
1.668251758610498348e+00
1.650835570641136840e+00
1.640813161375777263e+00
1.642787348837316364e+00
1.644346701308457392e+00
1.633736449670036839e+00
1.634881688772030550e+00
1.647998324815804327e+00
1.646966845109115729e+00
1.629944158475664873e+00
1.602736971791770326e+00
1.617827348717247427e+00
1.645332592306182340e+00
1.653960198776411428e+00
1.624940657455289594e+00
1.609565492699213118e+00
1.606715107617619820e+00
1.621660879013467005e+00
1.620585867024038951e+00
1.595063291966526631e+00
1.572047387448946454e+00
1.588070710984547773e+00
1.573236785910832713e+00
1.558719491100714727e+00
1.556910572821171179e+00
1.574992756130558336e+00
1.586380322508219143e+00
1.577987882092618088e+00
1.594364996304294513e+00
1.607186930230614985e+00
1.629136455258513694e+00
1.631748943897326942e+00
1.625074111530763421e+00
1.626767712425857271e+00
1.622360673475695236e+00
1.602364451125309008e+00
1.596984591593386904e+00
1.617491138546993446e+00
1.633267161506341436e+00
1.634002241635993391e+00
1.628720935182153440e+00
1.598670685935687175e+00
1.624996451885486692e+00
1.600297709244270283e+00
1.556816886145010903e+00
1.564075242979310110e+00
1.573138978527814258e+00
1.591443176516130542e+00
1.611306359514395270e+00
1.598056808005428042e+00
