5.148213695458536687e-01
8.173548615103348736e-01
1.061813818195925352e+00
1.377730884402609934e+00
1.520114868285676213e+00
1.652535565748323165e+00
1.736902611660065432e+00
1.755086541428912073e+00
1.781903248818888619e+00
1.778511821032549900e+00
1.766328272534755994e+00
1.709374875327645871e+00
1.687145956586094009e+00
1.708583823856894668e+00
1.705835201420562885e+00
1.724100144217409314e+00
1.689703977813093116e+00
1.702091055634354477e+00
1.710432947872889908e+00
1.724961818595081242e+00
1.706634016153861788e+00
1.680111568326164928e+00
1.690483863574174794e+00
1.690952690927896240e+00
1.698967408954646263e+00
1.731708682079792450e+00
1.738003362132306995e+00
1.751079314876206938e+00
1.710938635234319660e+00
1.711871955549988389e+00
1.713497412568801170e+00
1.690681441350193381e+00
1.711953009222088928e+00
1.739138812321485927e+00
1.743393052949342215e+00
1.763274004121291760e+00
1.739343137932396477e+00
1.714101923697916474e+00
1.661741722192788817e+00
1.637872597637241689e+00
1.639626895969297671e+00
1.635600457318177936e+00
1.672923174805950985e+00
1.710159380974040744e+00
1.720472206467509091e+00
1.758113040369210678e+00
1.760501038268317497e+00
1.755239814664592890e+00
1.750994277895714601e+00
1.741618502235489085e+00
1.715974559600233817e+00
1.710803614986368792e+00
1.703231050937577429e+00
1.696444911430199598e+00
1.716540706525866211e+00
1.724158665865807460e+00
1.704889295261473370e+00
1.652164933127894253e+00
1.637637012395962932e+00
1.644726430944190243e+00
1.689645813009243769e+00
1.743512889923231279e+00
1.778991526455851568e+00
1.778697978040175709e+00
1.734417627950573415e+00
1.705037844239750466e+00
1.687678098474322486e+00
1.712870511950089547e+00
1.694448271728889344e+00
1.681446533981976410e+00
1.652585802002589421e+00
1.675302305368890243e+00
1.712334169154956287e+00
1.737922192917688902e+00
1.750751700498212493e+00
1.727504717902392350e+00
1.699716073422474327e+00
1.648909177878537191e+00
1.610189886265160020e+00
1.617944056857336443e+00
1.631274002837977743e+00
1.646713766145439850e+00
1.670503952627026445e+00
1.677232938090500225e+00
1.698811872373202192e+00
1.678671574296916713e+00
1.653846968056939870e+00
1.663800437432121360e+00
1.639960340558332952e+00
1.647569598040576899e+00
1.651888680575544610e+00
1.652139968684097404e+00
1.653290035378199407e+00
1.656260709598583292e+00
1.640269895235280551e+00
1.658770181407780431e+00
1.631564987923134868e+00
1.626830632854722625e+00
1.625310863762179370e+00
1.614557185796027916e+00
1.616490238870637031e+00
1.644200139012299333e+00
1.661911440374593152e+00
1.680952638297861235e+00
1.700615657443591999e+00
1.683278855473550273e+00
1.687458250100783319e+00
1.658141552420424603e+00
1.612922897783799048e+00
1.619924194590126598e+00
1.630540826875494398e+00
1.646396212070719844e+00
1.618911263519309029e+00
1.627457178793009218e+00
1.671563595602693741e+00
1.682180667352659142e+00
1.678534798134645900e+00
1.657248983355039895e+00
1.665193657227577839e+00
1.646005284872088303e+00
1.656738287500024054e+00
1.655416955584710914e+00
1.654541324584906770e+00
1.625386855125212859e+00
1.588516640401824276e+00
1.590794286473515839e+00
1.610878767123712363e+00
1.628578830221996121e+00
1.646523718740366293e+00
1.642461295568729218e+00
1.639318024789548023e+00
1.646158017127133499e+00
1.660887135061519970e+00
1.657038715053527067e+00
1.648398609519269309e+00
1.667382215567442705e+00
1.657814140300934769e+00
1.649757323868427994e+00
1.646236426188561808e+00
1.645342506042321684e+00
1.636052330086102513e+00
1.625927452726687150e+00
1.626434484653169310e+00
1.632062571419627739e+00
1.607238838514801982e+00
1.605294371567271616e+00
1.620666396026632761e+00
1.627948054904467146e+00
1.633407936273831851e+00
1.643040395602211712e+00
1.632024478224612940e+00
1.611071184012819568e+00
1.616149134626343464e+00
1.636394711285775516e+00
1.633782073162237003e+00
1.639676226211443266e+00
1.648905120590067330e+00
1.673418336210624524e+00
1.688069745876103367e+00
1.637233078234933803e+00
1.628333218333394061e+00
1.626091992150865417e+00
1.639120090012844866e+00
1.659004283028159277e+00
1.617059642922504814e+00
1.594773872768023404e+00
1.570109173549318449e+00
1.577277875349071712e+00
1.574859729038316614e+00
1.577809251243724509e+00
1.595426388140938290e+00
1.612234926915756095e+00
1.606183281529066420e+00
1.567480161892586210e+00
1.579683471120527649e+00
1.633758171496967115e+00
1.656764086206895970e+00
1.667571535702407903e+00
1.655804773002164332e+00
1.637197495057498120e+00
1.642878951888150363e+00
1.667773164271135977e+00
1.675897449932763239e+00
1.648910054340992026e+00
1.659060642271880548e+00
1.629861190655177205e+00
1.629726811835057187e+00
1.617873067250325203e+00
1.611396601745106461e+00
1.617173248051660961e+00
1.647282089290352802e+00
1.679586315322878942e+00
1.638324571515809902e+00
1.599958585031634239e+00
1.578409365734328773e+00
1.563059615096230814e+00
1.543306295797931771e+00
1.545211588084271392e+00
1.536097604071988254e+00
