6.206771647674553805e-01
8.948365177101462731e-01
1.174825113860852976e+00
1.376466511567189022e+00
1.504741009937005547e+00
1.588790562647614202e+00
1.622585972660723463e+00
1.660500994915580675e+00
1.701206567320692420e+00
1.700928275898030417e+00
1.660022417351716850e+00
1.667345232225612595e+00
1.673165309426316139e+00
1.661877585240867594e+00
1.669790877376538196e+00
1.672932259682593958e+00
1.683880931879142562e+00
1.698584063493246310e+00
1.683111979915719925e+00
1.650867757619461695e+00
1.649839810244873695e+00
1.658762406193350580e+00
1.655597219745328363e+00
1.643094384907381578e+00
1.670120770253156195e+00
1.669058384805832462e+00
1.671874589731703997e+00
1.668107011240345550e+00
1.664552325595896942e+00
1.661139962536716030e+00
1.642052739952504892e+00
1.651590851904971124e+00
1.632481808515239941e+00
1.616033424538648289e+00
1.637343256861530705e+00
1.692431631981661688e+00
1.680964125542054433e+00
1.682595229062647801e+00
1.672632151515497601e+00
1.653745288313063444e+00
1.629834860769332039e+00
1.626489215845780656e+00
1.652543201363588121e+00
1.681763222526423185e+00
1.684597988240246424e+00
1.668962764363081774e+00
1.641069635334994281e+00
1.651204765957299259e+00
1.651197869760873793e+00
1.625516713231430099e+00
1.652092138031119983e+00
1.671967638023438507e+00
1.678283256001769974e+00
1.687335212119889238e+00
1.678454469783911218e+00
1.659979489372480188e+00
1.634176581833150177e+00
1.603711913619246809e+00
1.599433616724766027e+00
1.589588956192577784e+00
1.607848272030289793e+00
1.616797139833326069e+00
1.623891306886200647e+00
1.651657513576225034e+00
1.645862014899024173e+00
1.633431482093953724e+00
1.624347638543354622e+00
1.657246603132516816e+00
1.653617302548158641e+00
1.653505586323571919e+00
1.626973710220714686e+00
1.595346037123877680e+00
1.600079526808635189e+00
1.621242693525263734e+00
1.645512396265166766e+00
1.662704358806569305e+00
1.688620180900521017e+00
1.699489122102069150e+00
1.725418536645693557e+00
1.665532404554268098e+00
1.637445341674726995e+00
1.630559721093159276e+00
1.671744209561741856e+00
1.645404611141648710e+00
1.643232355252001620e+00
1.613318472342755827e+00
1.598859262736315623e+00
1.603264495511456555e+00
1.635456569935515470e+00
1.635026554088632622e+00
1.615262244237384959e+00
1.610921562492390713e+00
1.603290493894496294e+00
1.618572361704577967e+00
1.628099101975366114e+00
1.619051466704379827e+00
1.621138524280718585e+00
1.634103119433790052e+00
1.622237492209672061e+00
1.642539214816265858e+00
1.655836823690798099e+00
1.624077724970625081e+00
1.623313274689424990e+00
1.618886952680113067e+00
1.624583880446946793e+00
1.635625159870062406e+00
1.628010924982687291e+00
1.591441333597832797e+00
1.561297740752280783e+00
1.568818652469370800e+00
1.596506679350108815e+00
1.602500194557743285e+00
1.608458670919470368e+00
1.574630329680238638e+00
1.575111969397208656e+00
1.570915659653748131e+00
1.576256771710339510e+00
1.590611520892715403e+00
1.591452932026524936e+00
1.593514211721296370e+00
1.578198029825703008e+00
1.586015763400928869e+00
1.622791279306732726e+00
1.658303192726503061e+00
1.633867637926907701e+00
1.608062923432381996e+00
1.603483391335106312e+00
1.598422533315688732e+00
1.602284981972148525e+00
1.582639565262312420e+00
1.585375847741647304e+00
1.567838472921526893e+00
1.595353470013170627e+00
1.603449032584270295e+00
1.619802652055866155e+00
1.635080144894633936e+00
1.656729748535573421e+00
1.659029107621866617e+00
1.634753561960398116e+00
1.593717049310012790e+00
1.567079522017121862e+00
1.582039266022915891e+00
1.578906025002294600e+00
1.578403895942217527e+00
1.574536990632899869e+00
1.587914619336997069e+00
1.592372996175922317e+00
1.579479623369278496e+00
1.574466048822396047e+00
1.585334868631225858e+00
1.579086311399379383e+00
1.591196057064056646e+00
1.594023682401577879e+00
1.591748824791376249e+00
1.582410892685205850e+00
1.579740396067182084e+00
1.587687098321807211e+00
1.566218702365658855e+00
1.578607586448315558e+00
1.588410301195939844e+00
1.597452094412067813e+00
1.576574910040975164e+00
1.563598283761881813e+00
1.553235519875765025e+00
1.574925641100728413e+00
1.570634454331192531e+00
1.603575259112329565e+00
1.604402974740336774e+00
1.611424366346124515e+00
1.614407325176182795e+00
1.601083561191944948e+00
1.567885165000528991e+00
1.586064231041217187e+00
1.556794478074236876e+00
1.554825969177001443e+00
1.564795963330709805e+00
1.572036003312488939e+00
1.595662548570772277e+00
1.578658348920277454e+00
1.577484444124261032e+00
1.586842731591038058e+00
1.594792222665359471e+00
1.562736275078466353e+00
1.539494855202612422e+00
1.552484956944809369e+00
1.579526917070632974e+00
1.614088309936030807e+00
1.608698440695584653e+00
1.639761444116228040e+00
1.603482132539256755e+00
1.583655926779096612e+00
1.555010622662287734e+00
1.584057433719172625e+00
1.587282075244064838e+00
1.599724428742917759e+00
1.594824287883322977e+00
1.573864825341766638e+00
1.567490791665754557e+00
1.557028815625563833e+00
