5.316377798214210193e-01
8.445555303849465734e-01
1.102499430398505398e+00
1.382145052967221899e+00
1.549598458627543529e+00
1.662798620060186527e+00
1.697362469321156198e+00
1.738378821579873001e+00
1.772294577863486209e+00
1.765841425839568268e+00
1.775226747033896935e+00
1.769266849282113085e+00
1.743929072485073117e+00
1.723412185316059775e+00
1.742981059957032342e+00
1.712871379119909943e+00
1.708649255868706973e+00
1.674069287620420843e+00
1.686405325863779447e+00
1.696570613375760317e+00
1.747441659880210496e+00
1.756349888856088226e+00
1.768898039369721786e+00
1.761706001402741251e+00
1.741220774202830501e+00
1.717874335262644214e+00
1.729097973909378139e+00
1.735729313994622380e+00
1.727340408435582564e+00
1.706606078057447462e+00
1.723292862844455042e+00
1.714025406309381383e+00
1.748179840110646532e+00
1.739149057241559770e+00
1.747286558402932455e+00
1.715413490276844533e+00
1.696053312707411775e+00
1.682218717051752410e+00
1.699030156697111993e+00
1.739097306036275992e+00
1.753763143716288164e+00
1.733293245225577817e+00
1.745296254920090995e+00
1.717314513399450293e+00
1.741529874370630004e+00
1.748738510626282272e+00
1.733916010671779917e+00
1.693093479983827532e+00
1.683818829829596631e+00
1.694466580918351672e+00
1.705416974256557694e+00
1.695125594909882238e+00
1.684796242979400116e+00
1.700721397309220784e+00
1.736912497128393795e+00
1.735114799439462008e+00
1.754155934286275809e+00
1.756923005941436466e+00
1.738117949513576788e+00
1.714104637605698533e+00
1.725524140168149589e+00
1.709057101869398743e+00
1.717672532424135090e+00
1.714037167836346409e+00
1.727951573441605104e+00
1.727580409891607882e+00
1.726446520212845392e+00
1.704521033133691521e+00
1.672928559488815914e+00
1.677718957464493954e+00
1.689552241026470947e+00
1.675911686353719565e+00
1.680477136910855540e+00
1.680214583417728225e+00
1.687942181546391529e+00
1.695654368108624688e+00
1.691819215044670477e+00
1.683109118725486519e+00
1.699208108421499164e+00
1.693955220108122273e+00
1.660022545556957052e+00
1.639479507749887599e+00
1.633539732865970207e+00
1.658094063928633011e+00
1.659197397525879136e+00
1.649782709337096254e+00
1.659997564502722955e+00
1.660300346068853017e+00
1.668068298042076236e+00
1.708782411050535632e+00
1.698722808681885521e+00
1.684821658277292578e+00
1.691313557874189799e+00
1.678340436001300784e+00
1.665345004788761907e+00
1.672829267894149874e+00
1.676293046257662400e+00
1.666920094765031779e+00
1.678635695800673178e+00
1.679979763487636335e+00
1.679710316883685328e+00
1.661254583135094887e+00
1.671629588144338818e+00
1.680716562018749860e+00
1.680571432668561238e+00
1.661557465665132627e+00
1.654845478503783829e+00
1.644502183551300956e+00
1.634501642553341405e+00
1.644956206972673751e+00
1.652694548550084130e+00
1.663521640419905578e+00
1.674893231589556164e+00
1.663711274786480621e+00
1.651598634608404170e+00
1.650441431862494479e+00
1.632159381379456820e+00
1.618317972535597393e+00
1.621996176238994503e+00
1.639138755601724062e+00
1.637111020488405400e+00
1.635099032692647114e+00
1.652109260189843942e+00
1.634482135895661825e+00
1.644667870665809994e+00
1.627718027134174683e+00
1.640199466814670659e+00
1.654524646485284745e+00
1.657234517455334455e+00
1.657662675245437756e+00
1.637939710738101073e+00
1.627279223581058254e+00
1.649422052944212069e+00
1.636163416285196792e+00
1.654403451621484722e+00
1.647272209252621744e+00
1.628361075023587290e+00
1.606963044308614696e+00
1.633463435303557088e+00
1.637292402520276635e+00
1.648370621931875224e+00
1.657332036871061787e+00
1.694031979147687883e+00
1.666838214726713563e+00
1.659421546059839603e+00
1.627363058293463505e+00
1.639415134530221918e+00
1.649270665276235670e+00
1.660444404803046448e+00
1.642316787152064528e+00
1.649789656408852778e+00
1.649675861259100706e+00
1.641964834750769597e+00
1.649812245628205831e+00
1.634875675391980421e+00
1.605277088037148303e+00
1.617096432483790869e+00
1.630103708503105597e+00
1.641736369085049718e+00
1.642750120115789025e+00
1.644843576766293003e+00
1.626753371191756337e+00
1.625626172019412508e+00
1.629471552384820887e+00
1.658251528238722683e+00
1.627664161813653809e+00
1.630991872995133596e+00
1.598059079809006633e+00
1.575610854947696149e+00
1.594664298484809395e+00
1.619461085708195469e+00
1.647585783542752091e+00
1.637606413315797482e+00
1.588484497573445342e+00
1.602083753413283684e+00
1.602772599333446735e+00
1.632207576575608998e+00
1.603923976812071217e+00
1.619190299072291284e+00
1.642156842171793363e+00
1.671756963590418366e+00
1.675542906882421246e+00
1.663485089962226882e+00
1.639584301277183354e+00
1.620134488424269215e+00
1.639291179246815222e+00
1.642306414724903796e+00
1.645061119219083379e+00
1.619033401087869306e+00
1.626652376016596957e+00
1.639502210200110888e+00
1.622484287859614627e+00
1.612457709520666027e+00
1.645951267729731660e+00
1.663640586244205855e+00
1.652891108004385767e+00
1.610410316714218304e+00
1.577632590829766590e+00
1.594100707728865807e+00
