5.991957253235100644e-01
9.154177819397348870e-01
1.133437746168411309e+00
1.394327812008821166e+00
1.543074917413340019e+00
1.658498851542713481e+00
1.692194032116235203e+00
1.718414398985072422e+00
1.705749743187423340e+00
1.732725960336619631e+00
1.702543731782160119e+00
1.699025544411762123e+00
1.712886178980334240e+00
1.756766388008444535e+00
1.724682333332081763e+00
1.666987834596924456e+00
1.666384119015335452e+00
1.685382644407674713e+00
1.681607301635166474e+00
1.694769711515015764e+00
1.686388242829937489e+00
1.673972344280257207e+00
1.665820847444294150e+00
1.686681893636702734e+00
1.705064241085014087e+00
1.690942798177506257e+00
1.718029919112700421e+00
1.680427863755323825e+00
1.685929532536682762e+00
1.696346093532679733e+00
1.704027893840280194e+00
1.696731632505929399e+00
1.719502432707835649e+00
1.693051469535401088e+00
1.657319975327420591e+00
1.628881001491905511e+00
1.618567717529515448e+00
1.668314620545831239e+00
1.717883227098693233e+00
1.704304169274650338e+00
1.689121318621089607e+00
1.693947123375933783e+00
1.701370920104421591e+00
1.704379107298584106e+00
1.675379132753478384e+00
1.680485325074567049e+00
1.688158543992018146e+00
1.694919393112620964e+00
1.709643478428444885e+00
1.680066249409225554e+00
1.673407848483439153e+00
1.695174608264732763e+00
1.699438874642583031e+00
1.668622121869548502e+00
1.648588416706095128e+00
1.654043856813791180e+00
1.621969164802146590e+00
1.612455356805643669e+00
1.627313732551906700e+00
1.644949571018413437e+00
1.676044821358329884e+00
1.688824485494633265e+00
1.720639566082011074e+00
1.699986443676646974e+00
1.678507367116586657e+00
1.683990165206646683e+00
1.700116921849944340e+00
1.692100992297670636e+00
1.687494408170235438e+00
1.711655239850972787e+00
1.735318306627430696e+00
1.689969188608123618e+00
1.660980682546705500e+00
1.674845922577537172e+00
1.692150237976091764e+00
1.671781919203092936e+00
1.670656473244664486e+00
1.664012768375343621e+00
1.647885941065087234e+00
1.621399910508357411e+00
1.620796743602210155e+00
1.624672675982714365e+00
1.646813663531805805e+00
1.647937282591275254e+00
1.669623931122710125e+00
1.663225875166054912e+00
1.642965900466969442e+00
1.622660363776679660e+00
1.612753164364095770e+00
1.633675286783802472e+00
1.644792684599436283e+00
1.637656862979531835e+00
1.643163634153691488e+00
1.656349996099159450e+00
1.660048405256562054e+00
1.658587030120614925e+00
1.625442756091274532e+00
1.633050905356019822e+00
1.643570438407504497e+00
1.655007152589329289e+00
1.649015897872514680e+00
1.637833406796175506e+00
1.600542336873797211e+00
1.615995782542867687e+00
1.597246843227627222e+00
1.612677465602870175e+00
1.640676297608072209e+00
1.620319763341224295e+00
1.620369582561183908e+00
1.644475092528446591e+00
1.650554342991536139e+00
1.634180041319890586e+00
1.633129581523115714e+00
1.618934803711936654e+00
1.647721151255490568e+00
1.643211195357534349e+00
1.651063446155640602e+00
1.667763870512450675e+00
1.659080208620938190e+00
1.630549244134739784e+00
1.641387881489536626e+00
1.627785154412419333e+00
1.653241151086265237e+00
1.658916702315730074e+00
1.670470375920225736e+00
1.642641317523800604e+00
1.614525422705138880e+00
1.599197485068895253e+00
1.598629667756267692e+00
1.624827950670158838e+00
1.607697551079020570e+00
1.593868690051137627e+00
1.600794182292598400e+00
1.630880814737897477e+00
1.648331355870933379e+00
1.624751188856995876e+00
1.637943321919723916e+00
1.672549123155470108e+00
1.656058328234258248e+00
1.648054805150847679e+00
1.652124863161681834e+00
1.677763118014371724e+00
1.668690747901407700e+00
1.674332071837904223e+00
1.653661432308789925e+00
1.616871679052008570e+00
1.603755784951138574e+00
1.625812912139703359e+00
1.635716907887406091e+00
1.634099240838149614e+00
1.643365653488114919e+00
1.596536240825728203e+00
1.595954472004859515e+00
1.612482262438575509e+00
1.597925595071640448e+00
1.586156082677271151e+00
1.593333016210946029e+00
1.607399295938596984e+00
1.622499106746787323e+00
1.604773215496391181e+00
1.624191507716774563e+00
1.578467971520365776e+00
1.588183510769760609e+00
1.594332485325371307e+00
1.603441366968247683e+00
1.586480072084848869e+00
1.568794616376034012e+00
1.555838011221418293e+00
1.566132652261888802e+00
1.558358839398445106e+00
1.609779490268272939e+00
1.633118776631618863e+00
1.649942028334226096e+00
1.632209484777917163e+00
1.612450183831660944e+00
1.590111060934505938e+00
1.627032002630716789e+00
1.627427712369470036e+00
1.635614205641349184e+00
1.626544539018597080e+00
1.622110607859864828e+00
1.615133460052935233e+00
1.615149276642535048e+00
1.606202201822696241e+00
1.623992984411447349e+00
1.604048040110638951e+00
1.584763855818508871e+00
1.566326760651012950e+00
1.591244089094396408e+00
1.564695861074976824e+00
1.571991086718879549e+00
1.581758705073724069e+00
1.595421361212246758e+00
1.601509553191137414e+00
1.603918618686736464e+00
1.613432264929443027e+00
1.589506196602705090e+00
1.591608000210972707e+00
1.585526636139058976e+00
