6.449000831534233980e-01
9.259024968139576428e-01
1.184609367563021820e+00
1.425176959563960510e+00
1.591777189353656974e+00
1.686532536610342081e+00
1.708060069870484643e+00
1.712759695095995793e+00
1.677343126159392295e+00
1.663897792993434210e+00
1.671750105005121556e+00
1.686454754469859818e+00
1.695194168143966618e+00
1.722375401340353163e+00
1.699368690708946694e+00
1.680031618502800583e+00
1.671385882984082638e+00
1.682473558926910862e+00
1.671948330429972929e+00
1.676542322517406980e+00
1.680177679538999325e+00
1.683931211328721034e+00
1.699312991523017846e+00
1.691145559381729058e+00
1.688056361987515297e+00
1.683953985718367852e+00
1.661291121520203973e+00
1.669274536749703053e+00
1.687814455716233342e+00
1.655661586562006127e+00
1.646451039426846563e+00
1.666932449040782638e+00
1.636463467595745014e+00
1.639257027727798466e+00
1.652677847630252161e+00
1.709173339997026586e+00
1.728167371803331465e+00
1.733833437435707170e+00
1.709477238930979803e+00
1.699916291500850107e+00
1.709177697419501651e+00
1.682304257486656462e+00
1.675537712421263370e+00
1.663994172677083494e+00
1.663924228364532354e+00
1.648862959394766792e+00
1.680335981003908907e+00
1.670374179895305566e+00
1.671004497481104911e+00
1.659690360156310884e+00
1.662434309976977831e+00
1.669211059706150913e+00
1.670051989360123557e+00
1.668971647769099453e+00
1.643687865802700543e+00
1.651766133334511943e+00
1.651707463194677317e+00
1.635989091764203707e+00
1.662494920645905871e+00
1.648596907162772185e+00
1.660745942657257723e+00
1.658165741939623850e+00
1.665149527319631062e+00
1.674918407242164342e+00
1.707618001888414838e+00
1.676903899603408021e+00
1.658614897901224516e+00
1.631740151052884391e+00
1.628681919576363990e+00
1.619659356948162321e+00
1.624093267295841247e+00
1.608933275483003911e+00
1.626468813371146460e+00
1.627125548315473624e+00
1.643458685241776296e+00
1.638725706591183329e+00
1.622319343824051741e+00
1.620391473912611069e+00
1.643272928106782826e+00
1.642476299864235711e+00
1.649810624174825158e+00
1.627360375072893550e+00
1.650173164758531152e+00
1.629394972621243998e+00
1.642308834558465547e+00
1.649555063226320950e+00
1.656916190626281926e+00
1.636476639698601909e+00
1.639956401494413907e+00
1.629075175936565145e+00
1.639565687371500546e+00
1.646138619635264089e+00
1.652636630848432153e+00
1.662651162622137191e+00
1.676778407431967599e+00
1.680495734508580474e+00
1.676335519624396531e+00
1.651715719531636317e+00
1.675064522776184006e+00
1.663068173552265216e+00
1.643936550585249901e+00
1.619622625032421936e+00
1.641887473286012700e+00
1.640660174733277854e+00
1.653903843284747044e+00
1.615403452584630584e+00
1.631246034904564102e+00
1.654706207521914552e+00
1.644253677620441279e+00
1.635216272782875846e+00
1.632614332801879620e+00
1.623001848708098382e+00
1.638231482673648598e+00
1.659404009826909610e+00
1.649719203105103782e+00
1.631146414243535236e+00
1.618824856383014321e+00
1.618329071171524358e+00
1.635849751175479927e+00
1.663894012436281988e+00
1.677853369329231903e+00
1.686783098312728546e+00
1.680662789300562787e+00
1.665836530589058784e+00
1.632064007613797552e+00
1.614160890546983307e+00
1.613734421023747645e+00
1.615609860508818940e+00
1.637626059235734344e+00
1.644579189733785807e+00
1.629052463667484352e+00
1.619056719700434188e+00
1.640764558231720738e+00
1.649188764086440440e+00
1.669973999253583141e+00
1.674008493815305254e+00
1.655276766299635938e+00
1.632344357503246135e+00
1.610926138683569597e+00
1.596332567351807397e+00
1.626235033221044013e+00
1.610526441055440516e+00
1.637205418325701212e+00
1.655231344749228617e+00
1.651974160463744346e+00
1.648062643653305015e+00
1.634836306628136393e+00
1.618638565131778506e+00
1.669487327288194267e+00
1.673715135523067943e+00
1.648319682074673498e+00
1.642937829916728987e+00
1.623528788354626995e+00
1.641416979295087009e+00
1.676708140630861488e+00
1.645434215625861896e+00
1.619444893658250173e+00
1.629128777764063285e+00
1.620100191375326348e+00
1.615535923219931114e+00
1.626510216430870903e+00
1.624581856545666003e+00
1.633708999520415261e+00
1.637035601703222376e+00
1.626553376150569274e+00
1.602770987175728967e+00
1.593690356699660082e+00
1.578950551775600619e+00
1.622277387684327721e+00
1.648209601265870239e+00
1.673457373596808129e+00
1.665183330854436372e+00
1.653703482917685319e+00
1.615113262515990300e+00
1.607943436142267313e+00
1.606104148333792558e+00
1.604071778848334073e+00
1.586287706898616756e+00
1.592975930546096874e+00
1.612915338594963943e+00
1.633692926441783877e+00
1.650988638300980638e+00
1.647271768431269656e+00
1.636844122608908769e+00
1.610772161137448810e+00
1.618872385214502829e+00
1.615038170231647419e+00
1.583281819561113579e+00
1.573705783944719272e+00
1.577847412351821133e+00
1.606597809937494237e+00
1.614140232215916182e+00
1.599686413481925307e+00
1.604271006934558041e+00
1.603831535808120989e+00
1.619449001216145101e+00
1.632599062352865671e+00
1.619058013014037289e+00
1.622582320890886276e+00
