5.953761129403624119e-01
8.473933987921681288e-01
1.090710662709163392e+00
1.336764498312964067e+00
1.418397317374648914e+00
1.503755091725636373e+00
1.543567982679137307e+00
1.587504206370601967e+00
1.658787215325342457e+00
1.654660616609879620e+00
1.646847585872682540e+00
1.642900989779560783e+00
1.671778358794943742e+00
1.652979474641098179e+00
1.654069247526764874e+00
1.631028635147466543e+00
1.608034417192798271e+00
1.602492039609276775e+00
1.594456725751039139e+00
1.570867006905077634e+00
1.606918222677572672e+00
1.644321608477231411e+00
1.680880030658673530e+00
1.672748846271220780e+00
1.655747415532223821e+00
1.680018260793634255e+00
1.675162063894067188e+00
1.660748041249873630e+00
1.648282669909814535e+00
1.645626602021826645e+00
1.651221513664911322e+00
1.639843915927563067e+00
1.618802056124828637e+00
1.594357653172731037e+00
1.593936380516840501e+00
1.595927545431470973e+00
1.603239920454975653e+00
1.602192873495516645e+00
1.596743657906275704e+00
1.604926037273203265e+00
1.625264693437416863e+00
1.634276406472229715e+00
1.658649037877202970e+00
1.664419623757346978e+00
1.645217880587243497e+00
1.648822782443324142e+00
1.654959210213864385e+00
1.640610512989554071e+00
1.638775472065872707e+00
1.638006548041087251e+00
1.636863341502910574e+00
1.639524850783083965e+00
1.647684509059424762e+00
1.651336876130178544e+00
1.651532243586641968e+00
1.611639547695087105e+00
1.589760307065660960e+00
1.606275304905019130e+00
1.625687081731866268e+00
1.661512494028191345e+00
1.670278456316836913e+00
1.634619912803645603e+00
1.605435258648288732e+00
1.580711650786419398e+00
1.602051861759130613e+00
1.609607030894377511e+00
1.589417104748699350e+00
1.573447120154028323e+00
1.581521936891930658e+00
1.583782430998252000e+00
1.598549814840222627e+00
1.585871310930093037e+00
1.584705810036765916e+00
1.605424047443214430e+00
1.621510695012189585e+00
1.618644643815198680e+00
1.610627291338815548e+00
1.590673326719548974e+00
1.590353316578575704e+00
1.586804664939864828e+00
1.571871228698568768e+00
1.600095163933378695e+00
1.590455889297505143e+00
1.599879620901575983e+00
1.572730786249621815e+00
1.575575816541851193e+00
1.553620027330031794e+00
1.590569466171366297e+00
1.614122621705761151e+00
1.625542601187066838e+00
1.618480410236695866e+00
1.579470499407778616e+00
1.565164605294383726e+00
1.564602726373424346e+00
1.542421844550936338e+00
1.528038237751849771e+00
1.533362781557962240e+00
1.527138778578221556e+00
1.507790040694975797e+00
1.503085020586601761e+00
1.526659620316835442e+00
1.531931460676215773e+00
1.567635762275614297e+00
1.553728173650328559e+00
1.569373221545229624e+00
1.541268983669975778e+00
1.550379447752183060e+00
1.601150061050525819e+00
1.606632088688311422e+00
1.592455487696159189e+00
1.575525112034092956e+00
1.549883198018252806e+00
1.552916274991552603e+00
1.548291602053472937e+00
1.553369927103306125e+00
1.541356691397813394e+00
1.551804664664791833e+00
1.526250493372018679e+00
1.502757038935011336e+00
1.487159585542689788e+00
1.516471768655763386e+00
1.537707855989689731e+00
1.552185285058174768e+00
1.553566113200111731e+00
1.599355710166381783e+00
1.594768307973115196e+00
1.604745656203601767e+00
1.588368772015503083e+00
1.581870331318645073e+00
1.567411918166518703e+00
1.562878800052114325e+00
1.567765474741785514e+00
1.555340376370646815e+00
1.565467941180124889e+00
1.571853771430117952e+00
1.533671499529991822e+00
1.522424558232799985e+00
1.533525723853095268e+00
1.551095203366143815e+00
1.576625222737719545e+00
1.591421396126603716e+00
1.575052823111294575e+00
1.544024359561170234e+00
1.528967726159850438e+00
1.521589906069160447e+00
1.513261637055467901e+00
1.526931022763223345e+00
1.532078494561783133e+00
1.527275443449395587e+00
1.508659489379672092e+00
1.495509936438017329e+00
1.493244120976930267e+00
1.512498721688637193e+00
1.551564016533163004e+00
1.535337696620043157e+00
1.524381442755872618e+00
1.508930707129244153e+00
1.508027873175611377e+00
1.533552133057655364e+00
1.544021477510032714e+00
1.542011787071400741e+00
1.540873840890161661e+00
1.526951796812065165e+00
1.534812892756414415e+00
1.563237978890788860e+00
1.549260126366266643e+00
1.534679248116714190e+00
1.529722524821030438e+00
1.507794469088828970e+00
1.525598269773810856e+00
1.544425706296740142e+00
1.558808442039782305e+00
1.522126687964268976e+00
1.492198398129359171e+00
1.510686986572591817e+00
1.484587029112542034e+00
1.504383734479094903e+00
1.488440287790369299e+00
1.489753482022811770e+00
1.507639363571883662e+00
1.507140554559238899e+00
1.514769369831730828e+00
1.522917477565902677e+00
1.528800206889035174e+00
1.527035437038806842e+00
1.533199312474902598e+00
1.534868619904514508e+00
1.567240129906457557e+00
1.557438708569157670e+00
1.523774516876241325e+00
1.495030135365976065e+00
1.473004209787565078e+00
1.478402791791467497e+00
1.469899304047931121e+00
1.466121686293402337e+00
1.466202162487856064e+00
1.481582715729223843e+00
1.483388393214699619e+00
1.506366515520288107e+00
