5.434597587485184844e-01
8.661448063217748183e-01
1.104930589746475178e+00
1.347523003463998004e+00
1.475425069009127510e+00
1.583864498283522826e+00
1.640110879381353470e+00
1.656649548298147145e+00
1.655953682774981006e+00
1.670685753724441724e+00
1.647287795396736199e+00
1.598283909910843459e+00
1.589019629663857458e+00
1.636337878733084672e+00
1.652792479578964358e+00
1.652729589989192505e+00
1.640558126595917265e+00
1.619843990814369805e+00
1.620487971340943023e+00
1.623029741678763793e+00
1.612108329804524010e+00
1.621560868720378190e+00
1.620959335445893990e+00
1.604773855123871718e+00
1.605345463282222607e+00
1.583893621751211400e+00
1.578687942385234688e+00
1.615652203591775748e+00
1.657577915907445743e+00
1.667982235275817349e+00
1.642386138736085410e+00
1.624978227782463591e+00
1.613871591041166287e+00
1.646445643011096749e+00
1.656343722175386057e+00
1.643348994316525147e+00
1.598307990439626014e+00
1.572766480007323997e+00
1.534694736661110781e+00
1.555170667201169588e+00
1.556850491730515706e+00
1.574173945723597923e+00
1.613738129771188357e+00
1.661059019045863616e+00
1.651997313316091232e+00
1.651422224201979372e+00
1.657107140829368053e+00
1.628578562434645383e+00
1.586813824109557514e+00
1.598426535996126940e+00
1.614382490641131485e+00
1.636487602425154897e+00
1.641613607539831765e+00
1.678075435095393031e+00
1.671845331797376266e+00
1.619338773661326725e+00
1.614379518428912474e+00
1.606066607829142123e+00
1.579073817068009644e+00
1.577845345312834935e+00
1.549743806167750870e+00
1.574472784006147652e+00
1.583744915284229116e+00
1.575511872945193126e+00
1.578732229916566476e+00
1.616069982653685733e+00
1.639440708394214852e+00
1.666327386586343495e+00
1.646256287850029310e+00
1.644618111212077238e+00
1.634466583922048022e+00
1.633115267343908217e+00
1.630993044535985259e+00
1.613094475840146869e+00
1.597282834300601584e+00
1.601101449919274833e+00
1.596530928976616748e+00
1.572529561728937209e+00
1.557670640049350519e+00
1.580747400715020623e+00
1.595883435696554775e+00
1.616138454319731022e+00
1.610067209581963921e+00
1.608966152814513606e+00
1.617726154824876028e+00
1.600125029365413010e+00
1.588070044555990323e+00
1.564662963611319624e+00
1.562130402929653439e+00
1.570225842076170775e+00
1.584582933734784982e+00
1.573090315587880372e+00
1.572173872910640924e+00
1.565675815497933776e+00
1.603734596840897364e+00
1.620792596896732052e+00
1.597354659315873393e+00
1.566169441740404400e+00
1.548232112862375720e+00
1.580761711386803769e+00
1.630448831014982947e+00
1.635425001659696287e+00
1.617818435170097713e+00
1.593589134417472408e+00
1.602009780288103924e+00
1.572744208759272455e+00
1.535934762735555736e+00
1.552262573690304404e+00
1.538623844142500863e+00
1.528525650416932002e+00
1.515743093435234945e+00
1.506403019333004023e+00
1.515736515308256260e+00
1.529562629513803174e+00
1.529311674443395663e+00
1.528405095223959176e+00
1.498692112668825516e+00
1.488071900328604480e+00
1.521535020676374250e+00
1.532697962381359469e+00
1.534702308328641296e+00
1.529712873122556660e+00
1.527756489281153707e+00
1.533170893133232182e+00
1.542159120825889129e+00
1.542815176799014143e+00
1.542525156481439952e+00
1.514393280833690847e+00
1.528962091829781489e+00
1.536804414960846188e+00
1.565934322043395888e+00
1.576791752226207599e+00
1.563873489492876745e+00
1.588195096271089568e+00
1.552989345478488881e+00
1.534410200605641261e+00
1.538364144450053761e+00
1.532668435365039050e+00
1.520316102120178980e+00
1.508088737300341764e+00
1.510558349813756474e+00
1.511406298837186135e+00
1.520159776908126981e+00
1.513121537117699367e+00
1.515798450275359421e+00
1.505269893938030012e+00
1.480903657240419724e+00
1.489444485414125330e+00
1.485278352030691584e+00
1.505018411199052775e+00
1.519982025500368650e+00
1.530926946874326955e+00
1.527029896693320898e+00
1.517755945955974628e+00
1.514975246646964147e+00
1.505802645297681819e+00
1.481616021902750102e+00
1.478874467936878823e+00
1.508263365828797387e+00
1.538363085268488417e+00
1.554698873532416536e+00
1.530367047542966263e+00
1.518574670838959140e+00
1.507297861607878708e+00
1.492890111057114000e+00
1.462980967959196965e+00
1.495024113288181411e+00
1.509903511743102777e+00
1.504763106875455003e+00
1.484078318181787370e+00
1.504629093368328840e+00
1.533127422874122736e+00
1.551418242824927907e+00
1.528166000893665499e+00
1.507792936117173133e+00
1.489001358799575403e+00
1.492819774537567090e+00
1.499350230206464074e+00
1.508305348493243603e+00
1.515028840610722627e+00
1.501786059160939324e+00
1.502050763499386266e+00
1.525134713144176812e+00
1.525864139368164674e+00
1.528513759429040775e+00
1.539278716223126953e+00
1.533065201492630036e+00
1.484212469287720548e+00
1.478187600684595093e+00
1.483695574589206201e+00
1.520271885723334382e+00
1.504573046784696944e+00
1.482280075167317746e+00
1.486614875994730189e+00
1.488456823951703312e+00
1.478706060199506123e+00
1.502112070574295855e+00
1.519323116142498931e+00
1.524411984500370520e+00
