5.595504386764552640e-01
9.628192606239999174e-01
1.150388507008590411e+00
1.429301408968325804e+00
1.551104531300928402e+00
1.668624636300970909e+00
1.683912913462291883e+00
1.684857998113447053e+00
1.723006665894730283e+00
1.790647923560229282e+00
1.779744784882457687e+00
1.771410942494682450e+00
1.745472764761989204e+00
1.735339169630690792e+00
1.711877078495554594e+00
1.704496098600074117e+00
1.702621877642928494e+00
1.707871432489117769e+00
1.729775396372202678e+00
1.724127293504062575e+00
1.736040549627437590e+00
1.708450557383530466e+00
1.701762879310585896e+00
1.675093244658412805e+00
1.687230522717683812e+00
1.669531023759615929e+00
1.693992838820846947e+00
1.732992792066916143e+00
1.778402562532692466e+00
1.777827435658592137e+00
1.761939402942183319e+00
1.732883579542864760e+00
1.688990551012595098e+00
1.654240363033907979e+00
1.655348551203250196e+00
1.680882326771561797e+00
1.701148141029963812e+00
1.727928342133479234e+00
1.724784006362257038e+00
1.723691614219780011e+00
1.712145008139098090e+00
1.715749879537922906e+00
1.737367514952197878e+00
1.771031625567763168e+00
1.800239075271037104e+00
1.756743153769887877e+00
1.749772330894930006e+00
1.735406347534143467e+00
1.711693125322657716e+00
1.682055717548495366e+00
1.673517099409716602e+00
1.675577995965876310e+00
1.681679283977883355e+00
1.685663083688421882e+00
1.692418249894259707e+00
1.669791789077000210e+00
1.676939028394967002e+00
1.713771865020964125e+00
1.703500216139110623e+00
1.725981873676035949e+00
1.731662957226363320e+00
1.737270695287201905e+00
1.755222275462534176e+00
1.752045326959493332e+00
1.742167599276907897e+00
1.733015621142623308e+00
1.694896253488408888e+00
1.705385407545418452e+00
1.702553410557883451e+00
1.684343563064191862e+00
1.641824375296206728e+00
1.634172902447869946e+00
1.651715981921688003e+00
1.664058346673421562e+00
1.711915027806959255e+00
1.717609248497049990e+00
1.714743250959463117e+00
1.711539328319854336e+00
1.683886999955854558e+00
1.703491107057751419e+00
1.662508514875651766e+00
1.641466585197881800e+00
1.614988156153148502e+00
1.640910525871362768e+00
1.654974433509082576e+00
1.663752922887987928e+00
1.653322564737657263e+00
1.643495775230794154e+00
1.628791952373582319e+00
1.643074804717247650e+00
1.665981150665599708e+00
1.680271242244009144e+00
1.690711408087390399e+00
1.673264819975200490e+00
1.663411467480304662e+00
1.656276047022553044e+00
1.645251157001508258e+00
1.624471467011426640e+00
1.637360555156903930e+00
1.642072399983142805e+00
1.627517946927424353e+00
1.630778592419753315e+00
1.651930452166049390e+00
1.655918648966793194e+00
1.704918524088552045e+00
1.693939476395703414e+00
1.718034618276027992e+00
1.670041127543787196e+00
1.677482306551380642e+00
1.664287707400547545e+00
1.683363620311885800e+00
1.674440646298199109e+00
1.682930805512577344e+00
1.653248923984199648e+00
1.642469438169033458e+00
1.642219675914648569e+00
1.647946228620051912e+00
1.659918631906116770e+00
1.704834780718812670e+00
1.678435645927303765e+00
1.665591662054938471e+00
1.677685013002256920e+00
1.688452881697049657e+00
1.658538531035018693e+00
1.629126635138210100e+00
1.645431291052507072e+00
1.641548497510430860e+00
1.645185402234857097e+00
1.638938132635667788e+00
1.644170905846937147e+00
1.656231392073950204e+00
1.690518276181821600e+00
1.720261336797752616e+00
1.720995028128217808e+00
1.701547889404106506e+00
1.666999051141868859e+00
1.656492587611192890e+00
1.666579799803866502e+00
1.659578323886583329e+00
1.641700430377696307e+00
1.629667019983994436e+00
1.614784106712157330e+00
1.613397694454888676e+00
1.586467404676156878e+00
1.600707051860242203e+00
1.574800433126787080e+00
1.613111570292442787e+00
1.610943689711505700e+00
1.628941683292815856e+00
1.597627674186218982e+00
1.601622751690224833e+00
1.608602369002280152e+00
1.631325125707308477e+00
1.620939508300069942e+00
1.615496144149852098e+00
1.587312656511306264e+00
1.577149101848961399e+00
1.595248430226491321e+00
1.619442470298993575e+00
1.604610711060561856e+00
1.601032295199923627e+00
1.594190802035965637e+00
1.610039411341436022e+00
1.600858051020406680e+00
1.611074318912978809e+00
1.615437314124144264e+00
1.637621337352851425e+00
1.638821429256680728e+00
1.618639488417870087e+00
1.606060998841680965e+00
1.590916933828143254e+00
1.585042632226678405e+00
1.586128926931249516e+00
1.573013640843354821e+00
1.586304167991159808e+00
1.594304211444707686e+00
1.589671916477563451e+00
1.577393506566979076e+00
1.603431596623998701e+00
1.606916102062157403e+00
1.603222394901558046e+00
1.584335907800421106e+00
1.603593181256704803e+00
1.586155904934486660e+00
1.617423270032668503e+00
1.597082181538285406e+00
1.587427804229012196e+00
1.588062648066539628e+00
1.610722621149260680e+00
1.620471361977380065e+00
1.626073562145424090e+00
1.608136634415220589e+00
1.616840335206937596e+00
1.605994705362491226e+00
1.609193089770986518e+00
1.610476410154999094e+00
1.636627604576197603e+00
1.589701627596522338e+00
1.576325742375450423e+00
