6.453307572668623981e-01
8.515843302792336367e-01
1.136679244276115108e+00
1.344247702814380441e+00
1.467294394056979812e+00
1.538192133739992640e+00
1.543657825995110811e+00
1.580613500570605012e+00
1.650747156177550412e+00
1.713780259191414190e+00
1.726175821378368447e+00
1.735534372242049317e+00
1.716505638258141841e+00
1.694018223176556148e+00
1.634125960598067140e+00
1.610252623905483738e+00
1.646923380683078086e+00
1.651538055035891350e+00
1.674793887826710792e+00
1.642138622522568037e+00
1.633989604505094340e+00
1.621369173167536148e+00
1.623985906886813657e+00
1.589196355596779631e+00
1.565096505656159875e+00
1.578060023065512851e+00
1.626619898022545474e+00
1.679371595330587663e+00
1.731278991246007593e+00
1.766282631808782755e+00
1.765774633846623587e+00
1.696877046709561521e+00
1.622910859546472739e+00
1.572141554653348594e+00
1.569010335578068904e+00
1.582471132675385084e+00
1.613106860876108772e+00
1.628974068981250634e+00
1.640922994040157734e+00
1.607170211513285096e+00
1.584107294515225917e+00
1.592390546939485896e+00
1.615143930173660980e+00
1.638138049018001752e+00
1.675232052341885103e+00
1.682053939130828013e+00
1.695147465754694993e+00
1.688027661455914208e+00
1.679154918627121074e+00
1.693880319729586637e+00
1.699611272691676112e+00
1.676565632313421261e+00
1.654910346882242589e+00
1.637744900615172083e+00
1.624920959098592244e+00
1.605359418793254056e+00
1.587312282173487965e+00
1.603306589585093755e+00
1.629506933418528369e+00
1.623576932946435791e+00
1.596524180813883476e+00
1.615863320776176559e+00
1.666536138791064658e+00
1.711333223739722298e+00
1.734453255815721295e+00
1.705948711464683409e+00
1.691143884170879685e+00
1.669872298735973981e+00
1.668637472860359461e+00
1.673747375297552242e+00
1.643995568979770505e+00
1.600802772821607878e+00
1.584328038698557650e+00
1.576496539680884545e+00
1.561823219629018933e+00
1.542498585625202034e+00
1.542473053297839458e+00
1.548652925075241438e+00
1.553887309985653387e+00
1.555481509568781950e+00
1.556032752823708343e+00
1.567469721354127321e+00
1.544775372561756788e+00
1.541589604690424276e+00
1.552426774140865273e+00
1.556006573051226916e+00
1.587255602931475496e+00
1.578884567025306218e+00
1.601694703280719168e+00
1.589128918278958968e+00
1.551477118948359379e+00
1.550754603381629737e+00
1.551613090689071717e+00
1.562964713487136059e+00
1.562415798300534453e+00
1.596523054516464812e+00
1.610266657659240819e+00
1.578580708781323505e+00
1.577441308312138801e+00
1.557062652936207936e+00
1.552717852838620294e+00
1.537840634502140702e+00
1.565275364028029248e+00
1.567589727683086354e+00
1.589377591544137269e+00
1.573245550165998319e+00
1.572694447405832197e+00
1.554746427861215086e+00
1.534376018206473624e+00
1.528418131995709306e+00
1.519839141641874170e+00
1.557025416204337320e+00
1.610879681477874525e+00
1.583602742063062507e+00
1.540371722669207744e+00
1.531703185740990181e+00
1.517518494372203097e+00
1.511496334929351537e+00
1.533960031111433420e+00
1.543437781168989442e+00
1.558359320079584220e+00
1.557138334806478008e+00
1.567129864945024265e+00
1.562590114440658207e+00
1.561892337305001321e+00
1.565436675433132141e+00
1.522786732477321436e+00
1.513995640619425043e+00
1.544121060116368627e+00
1.542318010774695658e+00
1.569596803689961906e+00
1.574980018282845062e+00
1.562046498708932862e+00
1.560574529546724376e+00
1.540089268713031645e+00
1.531685749628919790e+00
1.547646687431752488e+00
1.543490093134253449e+00
1.518583500816338860e+00
1.515045811777073315e+00
1.532379084325599106e+00
1.544198075515426316e+00
1.543367666748381328e+00
1.536511575342923264e+00
1.531703392669941488e+00
1.547414244379501591e+00
1.515174250042959470e+00
1.514402984342362313e+00
1.532047277021376441e+00
1.525928930750017676e+00
1.543151672709000000e+00
1.545926534930945895e+00
1.544121061200585787e+00
1.567129801515376952e+00
1.574080182127256755e+00
1.552248964859050506e+00
1.559030935590105305e+00
1.537323264128133804e+00
1.516600387814463602e+00
1.520099158147119045e+00
1.556669722267558065e+00
1.577969906150072488e+00
1.555824890822453233e+00
1.531587970351230510e+00
1.525484486809447260e+00
1.559464506858178057e+00
1.551126815434093364e+00
1.530499917042099645e+00
1.503708634967602098e+00
1.504417176341678708e+00
1.544910641842212495e+00
1.559906914068698969e+00
1.577958442140573014e+00
1.572766569904376466e+00
1.578651570398492687e+00
1.568260502530295364e+00
1.552301188819370070e+00
1.516883035558480808e+00
1.530989987216707426e+00
1.559844429361965323e+00
1.565083298638177967e+00
1.546237192377779124e+00
1.563176200455403286e+00
1.534208594937657155e+00
1.510371712167340563e+00
1.493740764723674896e+00
1.514831396378438999e+00
1.515086946032518256e+00
1.525278469000783454e+00
1.523783090106095361e+00
1.529449483863340564e+00
1.492856849403072506e+00
1.493991512742695038e+00
1.498040526571218001e+00
1.517884743624919208e+00
1.535078195808738721e+00
1.529314330692566282e+00
1.533812495499961681e+00
1.511320886373601624e+00
