5.674628140195837611e-01
8.011522629957373853e-01
1.111950074414981060e+00
1.351707421124866748e+00
1.477050390463714225e+00
1.602431348639318687e+00
1.647283939460510993e+00
1.719332327787383985e+00
1.725906150522683369e+00
1.733590323263833444e+00
1.698176306135746882e+00
1.728480015961706862e+00
1.703749529717266453e+00
1.716448391198954981e+00
1.700948120159512467e+00
1.715605411234959909e+00
1.722679824232252743e+00
1.769011230488936715e+00
1.762642790703461637e+00
1.734463161228719130e+00
1.704245877568038692e+00
1.695235635513375083e+00
1.679575153059730708e+00
1.724184873749897928e+00
1.697659651673575132e+00
1.671552487723144687e+00
1.659560118010957597e+00
1.684788467760113262e+00
1.709770736778749356e+00
1.739180344448824522e+00
1.757489978389143781e+00
1.764146897519955903e+00
1.726417907936186547e+00
1.717133787185436633e+00
1.677953605936711501e+00
1.705204489847847560e+00
1.675593511175228700e+00
1.689344267132093291e+00
1.673640492678128977e+00
1.680940762481429429e+00
1.691972610482223915e+00
1.702340792234082523e+00
1.699239556448605803e+00
1.724800593577479502e+00
1.734301368915575514e+00
1.729752452125151496e+00
1.726954306963039754e+00
1.724137344561115226e+00
1.720005462327523382e+00
1.741977171208189512e+00
1.726249861824684650e+00
1.738434041959193488e+00
1.700668066447482918e+00
1.688568010894543114e+00
1.645822781410176239e+00
1.676214120539836872e+00
1.681831728688904182e+00
1.695126248939424984e+00
1.674032622835595285e+00
1.686419966135467297e+00
1.685910475669900821e+00
1.689218784017900488e+00
1.708863274163192392e+00
1.752133431847501477e+00
1.760959874935321690e+00
1.713209870303923799e+00
1.705951114790734247e+00
1.707654063347657125e+00
1.702470475526161930e+00
1.673841320722075698e+00
1.644339360412305329e+00
1.662201217035837342e+00
1.708693322007357018e+00
1.718508919356866116e+00
1.681714201875412540e+00
1.656732533973567012e+00
1.634756255763558430e+00
1.658961240169233742e+00
1.652784596724267141e+00
1.663681160595193997e+00
1.640305723632084600e+00
1.646919592214624917e+00
1.659884804391928981e+00
1.687737111419158609e+00
1.697832342268337902e+00
1.702649904835654704e+00
1.672293259873724569e+00
1.688315945971297749e+00
1.679340976748200154e+00
1.672718586379781991e+00
1.635448209189685809e+00
1.648030294967462561e+00
1.646782616504864016e+00
1.651162370070602847e+00
1.633582383728083842e+00
1.619082062504411779e+00
1.615876422502313225e+00
1.644583529928154597e+00
1.653735102991406469e+00
1.706530663619024946e+00
1.711348255960295495e+00
1.708931366349004444e+00
1.675897218356283469e+00
1.676757411340822790e+00
1.659408718832680485e+00
1.666591288674231786e+00
1.647214971487275248e+00
1.655087980622520494e+00
1.655003179241903100e+00
1.655251873257640005e+00
1.637255344569585214e+00
1.648854215676725410e+00
1.654519981498141945e+00
1.686022158903643930e+00
1.683993074431320514e+00
1.682702199246850272e+00
1.692630334730197639e+00
1.691672141625544246e+00
1.665691198121213690e+00
1.665036204805848907e+00
1.662242484351245109e+00
1.662515533768318843e+00
1.640813678392227581e+00
1.640470994587488462e+00
1.645358037579342847e+00
1.666151871656643912e+00
1.666710763793018302e+00
1.657940456534071849e+00
1.628275458232739448e+00
1.640698681273811577e+00
1.632736456866461960e+00
1.657049205194027985e+00
1.679554824743287433e+00
1.698188463375156276e+00
1.678633843571312623e+00
1.651806900176020720e+00
1.633957351373902966e+00
1.670637606125544572e+00
1.684403852047398731e+00
1.698767425093022920e+00
1.652648406230188938e+00
1.623883530997929370e+00
1.619505210846478471e+00
1.636722405810121295e+00
1.621166202980093951e+00
1.623505613337534070e+00
1.621833917716743567e+00
1.631324096184415984e+00
1.645777350546482332e+00
1.658632552530984405e+00
1.661456022866233173e+00
1.647647821656957445e+00
1.654475598889090904e+00
1.663167533981393609e+00
1.658154584635562312e+00
1.668588312867699708e+00
1.666209171006075795e+00
1.673581086906246185e+00
1.684151461787019910e+00
1.658879197867234589e+00
1.657273905810202175e+00
1.651177106332926803e+00
1.674823557388182671e+00
1.672468855330400794e+00
1.642983705775869607e+00
1.625162260979175599e+00
1.624804350400773867e+00
1.617412615004899745e+00
1.634402410350681789e+00
1.652856235513430416e+00
1.656503012220262194e+00
1.645368291146410922e+00
1.641303975518660696e+00
1.654482184575427395e+00
1.662708923958967633e+00
1.667360661524326604e+00
1.666525921764784091e+00
1.649385907412105112e+00
1.653805456406049590e+00
1.638921801746265228e+00
1.632535599377841207e+00
1.622302084653779231e+00
1.618804586414539948e+00
1.632324104119826647e+00
1.614365259143612841e+00
1.623557901620801269e+00
1.598837786937935324e+00
1.589445467730109751e+00
1.606610680022970028e+00
1.632047925687438950e+00
1.611738295625841255e+00
1.620720666845230307e+00
1.605511709646946228e+00
1.607416060755434639e+00
1.616279003026100280e+00
1.646299856726440858e+00
1.616760385511486486e+00
1.631858237470282358e+00
1.626430258930457784e+00
