6.774897505413880472e-01
8.768896539630380849e-01
1.124477401074747807e+00
1.348962598356848730e+00
1.496308775058360574e+00
1.623311218542783596e+00
1.697491909893613649e+00
1.726125692694859604e+00
1.730953687714910538e+00
1.701956022276361447e+00
1.669729729992255329e+00
1.655594738969471402e+00
1.647161994587992062e+00
1.663402290485799462e+00
1.677045299411058066e+00
1.682737033887547584e+00
1.691169676590385640e+00
1.671235956800440681e+00
1.654431575564490497e+00
1.649545304072465024e+00
1.643811330635899459e+00
1.648170512310613844e+00
1.647046110383487472e+00
1.680220238306810110e+00
1.705554179076487431e+00
1.709578164945805057e+00
1.691092315304141502e+00
1.678227191001253171e+00
1.674685122090312950e+00
1.694183593928260567e+00
1.687795711171198532e+00
1.668438669736212576e+00
1.644482983185757918e+00
1.642559553989374921e+00
1.614652700292430243e+00
1.601137366885626800e+00
1.625331533045456522e+00
1.647939104020776035e+00
1.676778832559746135e+00
1.666818790463677091e+00
1.649595798062300611e+00
1.645333745546953441e+00
1.655022856441895174e+00
1.659018663230919621e+00
1.658823490709696147e+00
1.650644891877078857e+00
1.654353508661917438e+00
1.665148988675137831e+00
1.647661947350425704e+00
1.656780396588420246e+00
1.653921490920381876e+00
1.626855205990007658e+00
1.640924874157177138e+00
1.662148689820582614e+00
1.674425311906762248e+00
1.680335063038022936e+00
1.680051427209902748e+00
1.688565365548052588e+00
1.660532269962037732e+00
1.621113114531637089e+00
1.627885775871991347e+00
1.653010135242585221e+00
1.680420287465661744e+00
1.669794570740431139e+00
1.667545190180601100e+00
1.666614668792240517e+00
1.658754560002743794e+00
1.628650655005869030e+00
1.620486117656894098e+00
1.632367582729681077e+00
1.641591666834339769e+00
1.614497572338608355e+00
1.634390093738952610e+00
1.644920726314573756e+00
1.667392299008019663e+00
1.647897458452051156e+00
1.656976101882769781e+00
1.655992826271346141e+00
1.666917085814465294e+00
1.673529353434830780e+00
1.662343459981198146e+00
1.629443681298876623e+00
1.600071255831268857e+00
1.583267843128961516e+00
1.611308583609528222e+00
1.607828258787764142e+00
1.597388464895777682e+00
1.596386189066288042e+00
1.580325787567198548e+00
1.600284512733920694e+00
1.603774269677698872e+00
1.590423977751876716e+00
1.604114805575691527e+00
1.630924717449999672e+00
1.614569663786500353e+00
1.600557752121492872e+00
1.584264716841256027e+00
1.600820044563423528e+00
1.610502244522220128e+00
1.596655791285208847e+00
1.586101308908705265e+00
1.562737835996845348e+00
1.591030294484314211e+00
1.608682579299972382e+00
1.588941168333201759e+00
1.558063448197723133e+00
1.578651991402462595e+00
1.583992105955814633e+00
1.608323870176061376e+00
1.572768148502080354e+00
1.568215930131971803e+00
1.555510654484183020e+00
1.564711975723300563e+00
1.545212359091423293e+00
1.600733736627918180e+00
1.593269029236137335e+00
1.558882896560287667e+00
1.520750323751298039e+00
1.553777965898109459e+00
1.560592208702324069e+00
1.579609618333121634e+00
1.582014275126024883e+00
1.579012415253097767e+00
1.565460083265372004e+00
1.560133803283643816e+00
1.550784437443708530e+00
1.560751576299621357e+00
1.547716144717888653e+00
1.550551196716920987e+00
1.573615144876858052e+00
1.575159699575867656e+00
1.590585971261080367e+00
1.601546732792537453e+00
1.612421436275365272e+00
1.596955113116908853e+00
1.563696805769255516e+00
1.553668375704130078e+00
1.564926375828054939e+00
1.563651433515919731e+00
1.552761480949198747e+00
1.544772476798125460e+00
1.570295659135370503e+00
1.595621855133197764e+00
1.587655643721623377e+00
1.569507913716267744e+00
1.545284380781337230e+00
1.554662981177001191e+00
1.552449217485978528e+00
1.565277904165039091e+00
1.547296008989692107e+00
1.543156058102137962e+00
1.547027080035506597e+00
1.563347669530041673e+00
1.540048385995385738e+00
1.529420128030620107e+00
1.525401634594183653e+00
1.529551060896499282e+00
1.543994268808386749e+00
1.554360621894443240e+00
1.515844652021614447e+00
1.534593599099984162e+00
1.531188047340620750e+00
1.554627024398691049e+00
1.531884203621260765e+00
1.561873965433342226e+00
1.555429194821608796e+00
1.559411473043889718e+00
1.529619048367599321e+00
1.509291074728939863e+00
1.514859899756956674e+00
1.535609895869575858e+00
1.535347512068355069e+00
1.566494897440255274e+00
1.567459386809729516e+00
1.578644407936774741e+00
1.574503077975590415e+00
1.573857771107314507e+00
1.556192202554388171e+00
1.553723191127042158e+00
1.545965969063792578e+00
1.539865310538357068e+00
1.555412077780461422e+00
1.544074753331374783e+00
1.519753790365642843e+00
1.514788719099711134e+00
1.523575714547219961e+00
1.559961460339960526e+00
1.540972371048928702e+00
1.546514162611572596e+00
1.521541451006580337e+00
1.519809797962373699e+00
1.530483753627694954e+00
1.542918074688248264e+00
1.539518049402601951e+00
1.540370739141820655e+00
1.540191276833876577e+00
1.567488219809499039e+00
1.575178879452879599e+00
1.567877628667752488e+00
