6.325715849031121607e-01
9.081299419388771943e-01
1.146016333073248905e+00
1.355637185452530646e+00
1.546937799757458265e+00
1.624392168389202418e+00
1.683413389762077772e+00
1.742412705590119071e+00
1.739651978603564908e+00
1.741444413958560311e+00
1.734169497577822350e+00
1.738119318093215515e+00
1.726063369300379513e+00
1.735264947507593414e+00
1.694483610058832523e+00
1.683427029721303425e+00
1.715485532134857660e+00
1.706576614121194435e+00
1.697424074589855891e+00
1.723656356379089649e+00
1.742017599882626611e+00
1.752071793367022012e+00
1.767838808260597361e+00
1.723184559563574636e+00
1.719085822477503855e+00
1.719537547001488642e+00
1.725936410843616819e+00
1.708826828373445572e+00
1.734332944526141507e+00
1.705117008957062197e+00
1.725401251899968402e+00
1.734590607641519178e+00
1.747434233407930471e+00
1.726275249529471312e+00
1.745386399300776104e+00
1.711673393694827183e+00
1.696564229000450563e+00
1.696887491913853019e+00
1.715903106528811950e+00
1.744434139917938609e+00
1.730694335457746647e+00
1.708404870858912572e+00
1.709249918547621760e+00
1.681940110600842697e+00
1.673823588994021172e+00
1.682347611764553941e+00
1.709686312248632323e+00
1.686578130832110833e+00
1.672982933237332936e+00
1.676403345924238231e+00
1.698868399302939647e+00
1.699373790019083952e+00
1.687436866842228600e+00
1.669019622136009406e+00
1.666066945961073298e+00
1.672141216451850099e+00
1.683985010873632282e+00
1.667838562368902711e+00
1.665949711115260801e+00
1.615170560822688506e+00
1.650087451644765002e+00
1.667453772463568518e+00
1.657392704478201306e+00
1.689440418231254126e+00
1.733566019534469538e+00
1.755266405590980572e+00
1.752546017808949363e+00
1.708659078281020927e+00
1.694707165937626492e+00
1.721884537045492936e+00
1.751019742270480739e+00
1.757755539157730196e+00
1.732416627697257905e+00
1.702156473243784607e+00
1.675610190595544946e+00
1.642661200517515407e+00
1.628487950027526665e+00
1.645150019614993075e+00
1.674240480805827991e+00
1.680655196216483072e+00
1.691519339772918462e+00
1.678671992331005169e+00
1.666473244127300468e+00
1.655993200788936859e+00
1.665233786096762758e+00
1.651961602201943657e+00
1.659686717249341470e+00
1.654874977748354903e+00
1.672300642074420640e+00
1.673234258444222577e+00
1.650727302341731040e+00
1.628110170081073171e+00
1.636990428058481717e+00
1.640855673187048058e+00
1.684526872264337838e+00
1.695792789540374157e+00
1.692051060566397869e+00
1.678246735075429097e+00
1.650746897257657109e+00
1.628335530502811546e+00
1.620375100858465700e+00
1.589583343027648477e+00
1.617962081106772976e+00
1.639202847338945279e+00
1.655322674659075899e+00
1.674728988279265973e+00
1.651617340559194735e+00
1.630573596447546958e+00
1.635273664464755639e+00
1.646874965898417420e+00
1.673363791687721536e+00
1.669740732799845473e+00
1.670532563986582897e+00
1.661697245837335801e+00
1.664651278497180531e+00
1.699358319227617820e+00
1.716665529060617423e+00
1.645432846234009316e+00
1.638985389619338484e+00
1.624362811230833925e+00
1.640647496680822659e+00
1.650260441682532830e+00
1.619597901628104353e+00
1.629273815135530823e+00
1.629920650815264827e+00
1.654636043036752380e+00
1.665122363549838003e+00
1.675352619547511468e+00
1.663703417102168514e+00
1.681685595034186465e+00
1.645927011626391545e+00
1.608714552315260615e+00
1.610538389484235999e+00
1.605686821661756580e+00
1.643184654338164519e+00
1.664235803694317450e+00
1.659466718659901474e+00
1.645170535384050226e+00
1.621178559039049949e+00
1.617407213377031860e+00
1.629366676532278513e+00
1.613578878549165152e+00
1.603349676348393205e+00
1.592250682608874923e+00
1.605095198512836330e+00
1.625224060852790142e+00
1.627241300086521791e+00
1.614268528613501674e+00
1.601319886641396462e+00
1.584907961198103399e+00
1.606604897511006103e+00
1.590633058246296194e+00
1.634060191761663283e+00
1.644289231286448549e+00
1.660028934074490925e+00
1.641136971074978579e+00
1.628380479154739380e+00
1.594020657366178595e+00
1.605904793935701624e+00
1.618664370652683537e+00
1.653578045916521910e+00
1.689203914971623810e+00
1.681184132542622445e+00
1.677797752014338339e+00
1.638008912559120400e+00
1.622919925117454865e+00
1.616006324686636075e+00
1.579754280350453177e+00
1.592578590920991743e+00
1.572549118591559214e+00
1.595876299951583643e+00
1.595134679743994699e+00
1.624512298376053376e+00
1.633651822731868819e+00
1.650124808508021346e+00
1.637587244360197536e+00
1.615868136716632764e+00
1.596484493561718176e+00
1.604594029444050163e+00
1.624426754537300566e+00
1.569704032812832439e+00
1.557495536373757261e+00
1.605628345488634423e+00
1.641041736984801602e+00
1.634121133465265663e+00
1.641600124711949604e+00
1.627063955880051038e+00
1.595836478372604894e+00
1.578176895961465931e+00
1.587477502747987490e+00
1.581752410299957390e+00
1.568066006757774300e+00
1.573338066278045400e+00
1.572856442125992293e+00
1.583002075050753410e+00
1.574184890645130341e+00
1.577318476883648568e+00
1.599910106014095668e+00
1.628019145860265970e+00
