4.837130785777947195e-01
7.913509651660758371e-01
1.003306777343291323e+00
1.243991991015986898e+00
1.371918318167522077e+00
1.456776505602155103e+00
1.527514232812890560e+00
1.541971926610199439e+00
1.529258134511047862e+00
1.531712962848115867e+00
1.540908344071815872e+00
1.531181815446594152e+00
1.492475952489602964e+00
1.477834060087331869e+00
1.471383819491174361e+00
1.461308355559538308e+00
1.482393466499989820e+00
1.504577479015070551e+00
1.498462285666780414e+00
1.492079320088038452e+00
1.486099323150477991e+00
1.488214984322665302e+00
1.478759921254469534e+00
1.477739074104819528e+00
1.501122240142235720e+00
1.544679184392456994e+00
1.535657938301418390e+00
1.493440600848253919e+00
1.453960817721366539e+00
1.442140463148546603e+00
1.435882354181462484e+00
1.473601200022732760e+00
1.487595138580248388e+00
1.474498082139016564e+00
1.471483378056513303e+00
1.471518936813720480e+00
1.466666491575986386e+00
1.488034064829822478e+00
1.516695866201188903e+00
1.534658244460947119e+00
1.517573305764247316e+00
1.519723321285935347e+00
1.529368385423890420e+00
1.520880581648810903e+00
1.513981610047005377e+00
1.484545235997998258e+00
1.450307900848546661e+00
1.435371596359424906e+00
1.434606471774002578e+00
1.441061609651587139e+00
1.451678618081906569e+00
1.465934509879658121e+00
1.471364093221357638e+00
1.488031807576597920e+00
1.514973964014601382e+00
1.505232661797233584e+00
1.502311792063598217e+00
1.476302239304017050e+00
1.473941591435209864e+00
1.493806031733445394e+00
1.507822704625836341e+00
1.500994633131022882e+00
1.483923822409298321e+00
1.465099069158800615e+00
1.461837136094703338e+00
1.449116733718044614e+00
1.456386863911945939e+00
1.459729722206379199e+00
1.463467143372223944e+00
1.466504788111097524e+00
1.483585570243976859e+00
1.461197619597790265e+00
1.445259591139256727e+00
1.432670673854200993e+00
1.452667958765839318e+00
1.468654527974888602e+00
1.471669090229485111e+00
1.450233853224212943e+00
1.430435654157980796e+00
1.417824889681248646e+00
1.413835612158682808e+00
1.439919007410325413e+00
1.456945415714827829e+00
1.443982596314879352e+00
1.432474516569667955e+00
1.443061146685909568e+00
1.443454995530476959e+00
1.447674665552815210e+00
1.438182158512995912e+00
1.445378211875025798e+00
1.462480611856146862e+00
1.439475847837036193e+00
1.427516552678789408e+00
1.443670764140566165e+00
1.446931360593783689e+00
1.449876590110893648e+00
1.469962066934915823e+00
1.472968267219759708e+00
1.491948785790206955e+00
1.476228233559584435e+00
1.455277498813096981e+00
1.447191646266367204e+00
1.437528721958954980e+00
1.429518668853501540e+00
1.434371200264399127e+00
1.417251133144191044e+00
1.398762578340108975e+00
1.400326265183029051e+00
1.425292088355921694e+00
1.433500140433677128e+00
1.437022624250601677e+00
1.429827937033981700e+00
1.464109288426638678e+00
1.456088011358836809e+00
1.455093099466680640e+00
1.446599436159932583e+00
1.456989920566743368e+00
1.444308041473122417e+00
1.449125369537899610e+00
1.431905285132632821e+00
1.430694921377668072e+00
1.445439694403005682e+00
1.463319494591834191e+00
1.471873656761831128e+00
1.453073367726230414e+00
1.445698826147435279e+00
1.447983782957204646e+00
1.439441538357436823e+00
1.444963297385905232e+00
1.438680645350759235e+00
1.420260461886993841e+00
1.408734581104563510e+00
1.417599626487147324e+00
1.443899425891469468e+00
1.437070842413156413e+00
1.421665806074079441e+00
1.458416257353468026e+00
1.454760637280140267e+00
1.461233976106206089e+00
1.430725106066294217e+00
1.417925216096484808e+00
1.431291939039551320e+00
1.436946805701451613e+00
1.411730557361470462e+00
1.405909937369562934e+00
1.397559543434844453e+00
1.407885015428152586e+00
1.404833735869774225e+00
1.406597354253099841e+00
1.419111078249912561e+00
1.432531755404367724e+00
1.449876761753855936e+00
1.454267231135552674e+00
1.463106839912500901e+00
1.456222984574828905e+00
1.426488326181737376e+00
1.417666270295710351e+00
1.400779396184296033e+00
1.408370371399467968e+00
1.378503034442607911e+00
1.382253438811727575e+00
1.380226478594985151e+00
1.404164091008093918e+00
1.419179868484713225e+00
1.419716709410287825e+00
1.416879926069656737e+00
1.412503692897738805e+00
1.398163552911505958e+00
1.406069832059332780e+00
1.415563956858821859e+00
1.420417213505883458e+00
1.415301745761717411e+00
1.403439874805875398e+00
1.380865844390719799e+00
1.381464134652459208e+00
1.387342336798030429e+00
1.404323128885238914e+00
1.420498018659085648e+00
1.454329975006564801e+00
1.462810969539909411e+00
1.476925861132657891e+00
1.475137610772974339e+00
1.432168835034221654e+00
1.420303354303545262e+00
1.439279184766916631e+00
1.430166553341801761e+00
1.404418335180018795e+00
1.387706886484209257e+00
1.382912746034643980e+00
1.393684194704729595e+00
1.410105980051912899e+00
1.404552016534734715e+00
1.404891308861034194e+00
1.417316098971584504e+00
1.423907902194658126e+00
1.398605171437316885e+00
1.400213566125296127e+00
1.376530000547830035e+00
1.380637014926715089e+00
