4.800373286363596170e-01
8.767581375858922721e-01
1.083905698797070993e+00
1.306869260732012039e+00
1.480580798917105811e+00
1.660082206270016236e+00
1.740740369859651748e+00
1.787653810903661267e+00
1.751191911769607090e+00
1.741483401509438922e+00
1.725470909446693124e+00
1.744732935426885456e+00
1.783720018898033777e+00
1.777344525314990653e+00
1.757019592061605628e+00
1.720479976807981704e+00
1.669269725974460439e+00
1.647376246554280055e+00
1.640736653679888635e+00
1.692334110477016873e+00
1.742820014912015436e+00
1.770225449394123185e+00
1.769893081881671604e+00
1.774071419600375288e+00
1.806859954649519429e+00
1.779619920004289479e+00
1.688516919164471108e+00
1.634325745725575540e+00
1.629304701684403334e+00
1.662521347378370429e+00
1.701998456290689132e+00
1.723304117584226303e+00
1.700667334198304070e+00
1.720174232169382256e+00
1.733148025742218934e+00
1.775527653217564339e+00
1.794753714698470670e+00
1.793386847276391416e+00
1.751175907309063584e+00
1.720890227517564153e+00
1.687552051269724407e+00
1.662797030591131930e+00
1.632254630866405876e+00
1.612677641312046939e+00
1.622966868491208858e+00
1.645742665454256848e+00
1.647037701794986431e+00
1.680163606132550669e+00
1.672576044733765643e+00
1.705112138341550843e+00
1.727363117442261897e+00
1.771204913250710611e+00
1.774376588693027612e+00
1.787010942053146367e+00
1.769136668671806856e+00
1.757428270618546007e+00
1.708235936123154275e+00
1.658756937013059041e+00
1.630888371689662941e+00
1.632489170180235094e+00
1.629374465705220265e+00
1.600078765091886845e+00
1.596509159753781493e+00
1.618799617603787766e+00
1.620359523413859471e+00
1.604504431227728345e+00
1.616880226741026050e+00
1.636021142829629182e+00
1.655339254330923104e+00
1.607359516917315156e+00
1.583381789940117246e+00
1.629448142776380948e+00
1.653249626498731750e+00
1.633683827151236612e+00
1.644541704178584363e+00
1.640651239644357551e+00
1.655419316546386410e+00
1.642330197298525363e+00
1.617159792242895300e+00
1.627486869478033338e+00
1.663729617024382046e+00
1.653817434626665195e+00
1.645291392733794211e+00
1.648691364441856377e+00
1.624823995266873489e+00
1.597841301507168854e+00
1.623742943877414024e+00
1.635820911102672914e+00
1.597332902891374751e+00
1.600280737941714548e+00
1.608630555005205132e+00
1.615557997035287574e+00
1.605503127125418761e+00
1.598018424849207531e+00
1.642760066617437786e+00
1.684722152556214603e+00
1.681571865092322593e+00
1.670781545815578362e+00
1.636379275667854793e+00
1.613989449076287386e+00
1.602693277290684559e+00
1.606412950223590874e+00
1.584669562351739946e+00
1.556115026260489698e+00
1.550248960806865917e+00
1.531170123176960329e+00
1.584895225994619627e+00
1.607157224176382515e+00
1.640728290800189892e+00
1.657039007547629117e+00
1.654348907137184188e+00
1.618357168666843648e+00
1.610294608153349794e+00
1.604585159879399203e+00
1.625586351390052364e+00
1.633005126376291472e+00
1.617993961780033851e+00
1.604068264439307834e+00
1.643110270417423857e+00
1.638917454742170987e+00
1.640362143981832110e+00
1.647010655457012307e+00
1.661192830406581944e+00
1.649979192353045798e+00
1.612646664338638569e+00
1.576797423107257234e+00
1.573861678904885819e+00
1.590118826458006396e+00
1.617712080821586129e+00
1.625210135699064695e+00
1.627330769436882818e+00
1.627058846191508534e+00
1.617171803633284499e+00
1.625932840555734282e+00
1.631698746665856570e+00
1.633711733931939358e+00
1.622045726037733449e+00
1.622877870208226492e+00
1.598494725422643370e+00
1.569435840754966671e+00
1.553031901866417375e+00
1.536997614600784434e+00
1.565326481339157416e+00
1.573121716557301486e+00
1.580833193882319687e+00
1.559388742092737479e+00
1.594511974768661799e+00
1.646241135398944344e+00
1.631040571250946813e+00
1.610331135890579857e+00
1.609107444681442622e+00
1.582261744139792814e+00
1.575346922439536668e+00
1.577693352828217987e+00
1.596634234927289286e+00
1.574604043037966861e+00
1.561218273008639912e+00
1.563818590357398008e+00
1.567211113799546363e+00
1.574212528185622073e+00
1.572371594953323459e+00
1.557789759404190066e+00
1.553111921531854955e+00
1.572847064930526173e+00
1.596650784798406830e+00
1.577221037029551187e+00
1.604556512356888343e+00
1.644016897051414405e+00
1.655134087229037876e+00
1.614422082603116149e+00
1.585291080828491017e+00
1.557944938391743861e+00
1.565531080280787801e+00
1.548367281625300462e+00
1.551849950320257854e+00
1.566475107393890953e+00
1.563825139849637225e+00
1.544757271365387208e+00
1.549480091588289588e+00
1.544985102388988008e+00
1.566115665356756725e+00
1.542133890449681521e+00
1.532142348734687909e+00
1.533958189918105841e+00
1.567633894501993419e+00
1.576791205676105534e+00
1.578942873546558046e+00
1.557633252705201699e+00
1.570661946736567005e+00
1.565268979344581757e+00
1.578729353654077405e+00
1.558325344678622493e+00
1.550474631916261448e+00
1.538209300248662981e+00
1.546154112026674188e+00
1.536399078317669087e+00
1.537244040866412753e+00
1.543926957282307555e+00
1.551027835453239856e+00
