6.630671665327994013e-01
9.425252406643691572e-01
1.162597375142611078e+00
1.442406361759634326e+00
1.559285389091339846e+00
1.629846832777807064e+00
1.656747531203185853e+00
1.700070541520914080e+00
1.691220324920670093e+00
1.700549427824106008e+00
1.704738330253562584e+00
1.722301738117286485e+00
1.695311209141640685e+00
1.693701498031226604e+00
1.667066210371595414e+00
1.627334977366007296e+00
1.637005664839233265e+00
1.647639614067671898e+00
1.667629894784872446e+00
1.666418859771024996e+00
1.693307299583775682e+00
1.719799340185284686e+00
1.698297241976194361e+00
1.682609748337202893e+00
1.656990105795923540e+00
1.656847449577951048e+00
1.667553902507967756e+00
1.676191432590740549e+00
1.701086196874175727e+00
1.680899597000856005e+00
1.629116040211028071e+00
1.617087259627349338e+00
1.637925591974872530e+00
1.641405306366348071e+00
1.644466654400517536e+00
1.649438700000871005e+00
1.681748794165764505e+00
1.682179428374368069e+00
1.679579283664030198e+00
1.657544580015915203e+00
1.686039489406116587e+00
1.717650008403628137e+00
1.716291573705543971e+00
1.688492238555507896e+00
1.646782954739037574e+00
1.645706267797701017e+00
1.674894562518340679e+00
1.706695123896671218e+00
1.695719135825368928e+00
1.669622345292965493e+00
1.651728193963893920e+00
1.633643436180292952e+00
1.645330252581339359e+00
1.657356076943696133e+00
1.695446498300158256e+00
1.697485545060767986e+00
1.674490926322907525e+00
1.655692694171773116e+00
1.643098081801805499e+00
1.608262217004349015e+00
1.614959893875203223e+00
1.608278602473106833e+00
1.629941399253374223e+00
1.638831955079869340e+00
1.652491269082342562e+00
1.634801288839126565e+00
1.620782129288675044e+00
1.625677782703005114e+00
1.620772418805296544e+00
1.617761370660667053e+00
1.642474002167406466e+00
1.668896715900913597e+00
1.672100679738656837e+00
1.655788984988324497e+00
1.646834803989901452e+00
1.638863108169871685e+00
1.638991909032446959e+00
1.644169506944258119e+00
1.632761382486040524e+00
1.647844603128103325e+00
1.656573876370662335e+00
1.650297677769619664e+00
1.661582125122680109e+00
1.662260267047104056e+00
1.669314416832591297e+00
1.657835384175012194e+00
1.664720476593748888e+00
1.645429028123202242e+00
1.655868335298867233e+00
1.622973432653554315e+00
1.603746149747666383e+00
1.605541589822196524e+00
1.646892234877364691e+00
1.637811036086422201e+00
1.617179445492263445e+00
1.611567899001255855e+00
1.634396413721061814e+00
1.637649164916964883e+00
1.651501723280985878e+00
1.672414649708359624e+00
1.685550126044659702e+00
1.680221400709495549e+00
1.683603248810990882e+00
1.644637201503073021e+00
1.626668324176723024e+00
1.609503873753037606e+00
1.619609849840447202e+00
1.649265040087874112e+00
1.633938472438374312e+00
1.640050726189434593e+00
1.637139887397200955e+00
1.629073893735895062e+00
1.654006695081687184e+00
1.654156581103140455e+00
1.639708249419269848e+00
1.608613637618082848e+00
1.608516456042939247e+00
1.604182413673631791e+00
1.613726707774183700e+00
1.604136137226100933e+00
1.616990508652034420e+00
1.641112814718469926e+00
1.634850815579517169e+00
1.614220291011819297e+00
1.596646062459760040e+00
1.574308967973433004e+00
1.611547690038249714e+00
1.616385387547240704e+00
1.620777077787904474e+00
1.602899561451461619e+00
1.605224295323362638e+00
1.615832351458098115e+00
1.628259329309003522e+00
1.614959267110641417e+00
1.597616914549890632e+00
1.622377307420773240e+00
1.611185592498174390e+00
1.589887688208173389e+00
1.585453287976745562e+00
1.575731514589370663e+00
1.585179754924511464e+00
1.600062847781098085e+00
1.603852766542896990e+00
1.608692380131776067e+00
1.590291599767712949e+00
1.601823762687758501e+00
1.607833062821693026e+00
1.600780492362538387e+00
1.591660711877342704e+00
1.599254105010854410e+00
1.595880842114224762e+00
1.618564264931428465e+00
1.603506576503079373e+00
1.599670033058276930e+00
1.608291929929275055e+00
1.605879873261264246e+00
1.611764425808394963e+00
1.606217171734053206e+00
1.618473484406313334e+00
1.628688233989971978e+00
1.663584251284098814e+00
1.648851697819370798e+00
1.645322005966510348e+00
1.632054472697309411e+00
1.603771604571911036e+00
1.582255285437652592e+00
1.593240317561664732e+00
1.583543717594032119e+00
1.628508274613222895e+00
1.615694330318677041e+00
1.595216071665583657e+00
1.581274475561932569e+00
1.592020114011988285e+00
1.598352291661912838e+00
1.628721677065378515e+00
1.623560367035908003e+00
1.621050350662939010e+00
1.607201177577561868e+00
1.594131709713763945e+00
1.574306325888161329e+00
1.588262193732266736e+00
1.603959410517991069e+00
1.589133811348039105e+00
1.575505228574508587e+00
1.588484378775154804e+00
1.589877184308819524e+00
1.601892928495177726e+00
1.612749742625684712e+00
1.614760435588090681e+00
1.617888839696813630e+00
1.643178535042041144e+00
1.652013808529890992e+00
1.632930314425465657e+00
1.627693786534981202e+00
1.607942306517737174e+00
1.590948086868683164e+00
1.605871259399830331e+00
1.620334303558234934e+00
1.612472079326753516e+00
