6.356039415347108923e-01
9.258866109848731263e-01
1.131650769702298165e+00
1.387594650593939161e+00
1.534184870268894496e+00
1.647870005313552211e+00
1.671639595844867543e+00
1.667642065677467533e+00
1.652951408064296412e+00
1.645477518926590887e+00
1.671024043482529198e+00
1.690021840685539400e+00
1.696272524365082246e+00
1.688763490917501109e+00
1.714281139994954462e+00
1.716558214772739621e+00
1.675783738515346011e+00
1.640994087173678784e+00
1.611120854109071354e+00
1.622056282362341895e+00
1.653318277657225277e+00
1.668005756855435617e+00
1.676161551586912601e+00
1.654241418364126526e+00
1.652104493873941538e+00
1.644120212679571980e+00
1.662337835586332302e+00
1.634423190738413911e+00
1.624899176002522427e+00
1.613355939090687086e+00
1.637003318020918252e+00
1.640420487356049506e+00
1.657448360899179018e+00
1.663242159492540839e+00
1.672551639692996917e+00
1.674806655186534377e+00
1.647068143117495387e+00
1.634648977401899739e+00
1.657038407260786217e+00
1.643498807060914890e+00
1.659897745148146919e+00
1.627797419044634708e+00
1.632747870692962566e+00
1.631735806182573745e+00
1.641868481326301143e+00
1.650268613143886842e+00
1.656054509956988330e+00
1.645103982994753355e+00
1.648217284631892987e+00
1.681331136209030186e+00
1.702642447114083968e+00
1.687401751475930967e+00
1.672488170151965381e+00
1.642706694081471186e+00
1.634996092978069582e+00
1.625889998487418886e+00
1.625643457659555757e+00
1.650118066962777963e+00
1.657639166140709053e+00
1.630270977067324267e+00
1.620270740529736297e+00
1.614768316884467092e+00
1.610318342660973290e+00
1.633938271411264243e+00
1.623465723869307986e+00
1.604612921866951147e+00
1.622619132226962302e+00
1.639437311183777446e+00
1.652522441067197478e+00
1.649306920926348230e+00
1.650040952491068191e+00
1.639940322320382560e+00
1.635680178571598198e+00
1.653484098703512206e+00
1.659350895507432533e+00
1.634732948066831337e+00
1.620393782411140071e+00
1.627413052542864502e+00
1.632627509126427734e+00
1.633972640957362721e+00
1.645189862022491178e+00
1.646048072020620090e+00
1.621933405904314229e+00
1.597607161117254426e+00
1.631015363591556300e+00
1.643029498517485809e+00
1.654305881226508568e+00
1.645046631374017965e+00
1.644686634990810026e+00
1.622693884560928002e+00
1.611395386914433958e+00
1.624026661013234341e+00
1.615869818590175422e+00
1.605390422514838322e+00
1.616804075198077895e+00
1.602982299992590676e+00
1.632539904632280825e+00
1.634121913166262763e+00
1.655001103112503147e+00
1.634823898503750872e+00
1.618840610903831134e+00
1.584704538667219165e+00
1.584468710000491720e+00
1.597149501354996559e+00
1.623749732356632780e+00
1.626609462321531030e+00
1.606879664814436115e+00
1.620186985635776233e+00
1.657886627186372142e+00
1.671116805753451340e+00
1.655398805430748466e+00
1.624031273294752387e+00
1.616823988486566277e+00
1.596830299781196727e+00
1.617243108344241342e+00
1.633116542549937877e+00
1.657569258776483645e+00
1.665451554899110898e+00
1.683305638615604449e+00
1.706796914916527852e+00
1.657490640715854724e+00
1.606881864307642571e+00
1.579140024068683923e+00
1.574996144720113511e+00
1.588809225519581592e+00
1.595382789028866988e+00
1.606274856345445645e+00
1.604556602963872258e+00
1.599898497530628516e+00
1.631246465059408957e+00
1.624628853841097564e+00
1.627082782207500466e+00
1.627596823257868364e+00
1.624837931449454320e+00
1.590908309025260703e+00
1.571181728602611960e+00
1.586865606921113780e+00
1.617830768602879665e+00
1.648066170464710822e+00
1.640432281675060500e+00
1.645991862446725795e+00
1.632256946453833901e+00
1.611313781071128215e+00
1.594102902129692634e+00
1.628761008301501167e+00
1.624692284896171568e+00
1.637560229742755835e+00
1.656448853729958204e+00
1.668051417460208130e+00
1.623763237060885656e+00
1.582629288449489025e+00
1.603276905196657554e+00
1.610058040307764893e+00
1.618042274832327099e+00
1.627868678080506060e+00
1.622450160312590706e+00
1.595727226310794888e+00
1.617300912882096986e+00
1.606973686038877469e+00
1.586208670021620026e+00
1.599472418283772068e+00
1.601919921744648034e+00
1.601955591059625483e+00
1.606303280543812440e+00
1.632968107960715676e+00
1.629181365865404851e+00
1.615366528050384609e+00
1.588835084711660794e+00
1.597230580020223778e+00
1.617675611808544467e+00
1.600610175209501440e+00
1.596700804614004321e+00
1.596761330911762533e+00
1.581520790117867836e+00
1.611559368531573888e+00
1.600076431662578624e+00
1.626009045578365564e+00
1.631303737369518281e+00
1.619224191170677063e+00
1.611066147805548798e+00
1.613632120121409441e+00
1.632772072999961521e+00
1.620214558474187383e+00
1.625667323557831834e+00
1.611667670944274766e+00
1.601971445758651802e+00
1.606648985466068380e+00
1.625914743436332355e+00
1.623214374699785578e+00
1.596497235017828142e+00
1.600912534072482796e+00
1.594974893006005701e+00
1.579134135098662961e+00
1.562046497951993684e+00
1.560854226625947305e+00
1.568267365678681413e+00
1.621477144502564194e+00
1.586530342423066564e+00
1.578268786209977570e+00
