5.200991448170587672e-01
8.851838013890651613e-01
1.083249049271095110e+00
1.338902024818085845e+00
1.470653127258367387e+00
1.593547536528215902e+00
1.648052348417668789e+00
1.687543932734884455e+00
1.706707921469187372e+00
1.740735360112131369e+00
1.735737991913523404e+00
1.720726933035693129e+00
1.671293516144443325e+00
1.657073502476483995e+00
1.661840029581655109e+00
1.656225932957254177e+00
1.649149792661326108e+00
1.641639950560700001e+00
1.636586450345924870e+00
1.643827115693435870e+00
1.645475817757741321e+00
1.655598593703125232e+00
1.635985970719044502e+00
1.667266666289193955e+00
1.678262679503555121e+00
1.724942006189157162e+00
1.731342284632310324e+00
1.713377808115453593e+00
1.700939936904356520e+00
1.684531998873812109e+00
1.637654071930966460e+00
1.605332082689728157e+00
1.596816759970263622e+00
1.584677699277800222e+00
1.597099048958068535e+00
1.626472707194518863e+00
1.641819135925504325e+00
1.625247045417317571e+00
1.667368995587597658e+00
1.675397905410374033e+00
1.708641890206071823e+00
1.727246722842269433e+00
1.718325513993074205e+00
1.687936127953829191e+00
1.679421497500784177e+00
1.673516528740729870e+00
1.657083117208313805e+00
1.640917998522197552e+00
1.634058226378820811e+00
1.631814848519296035e+00
1.632974905289733325e+00
1.634314141101000928e+00
1.638111823331676264e+00
1.634316031924895052e+00
1.655655810678090312e+00
1.639327415305285696e+00
1.674593283229643959e+00
1.715607339245121432e+00
1.758626190922119914e+00
1.742342344696949930e+00
1.681404165764095238e+00
1.623608458229444551e+00
1.626397380698522133e+00
1.627314306319646686e+00
1.603940460560826509e+00
1.576293134096752757e+00
1.589383435174301029e+00
1.627279021890509769e+00
1.626354123060502532e+00
1.644982066302794088e+00
1.655037370525206830e+00
1.629310072810062904e+00
1.604680591245932986e+00
1.599188642060243915e+00
1.590768260602746009e+00
1.580843250770983532e+00
1.577872744212322154e+00
1.574383310134152447e+00
1.581167247372720297e+00
1.587382035528504431e+00
1.617659155034563145e+00
1.593034342644232382e+00
1.593627939464377086e+00
1.572412631682775119e+00
1.586686189552510617e+00
1.578390341223492088e+00
1.577348213897633578e+00
1.584882415342182771e+00
1.607801461600298243e+00
1.630584600821736618e+00
1.645748065325304266e+00
1.644216363490598187e+00
1.617524749891833036e+00
1.593391343497536417e+00
1.601566829230390177e+00
1.574887442245477054e+00
1.539585045752825732e+00
1.546610179144925601e+00
1.563959507242116409e+00
1.591885698709679664e+00
1.595031741833209837e+00
1.610747131835691626e+00
1.660589888436974748e+00
1.679913496255419192e+00
1.641302025329844039e+00
1.612763723671220228e+00
1.603442620862187917e+00
1.581486731213598507e+00
1.547172947764275497e+00
1.532617402466384338e+00
1.527931120719368874e+00
1.548491223082661072e+00
1.554726350913874899e+00
1.568875133292948476e+00
1.572226740361113873e+00
1.570168683731869574e+00
1.566068738196651378e+00
1.564928385778897590e+00
1.576031026403655222e+00
1.554834476345785754e+00
1.530396748690998177e+00
1.545327970358516767e+00
1.547335657313308799e+00
1.555542663584232654e+00
1.586398592498105664e+00
1.565254840262566782e+00
1.542251481607671115e+00
1.515419268311050782e+00
1.513423952754224144e+00
1.536466690760944331e+00
1.554667107933267456e+00
1.595440432633572936e+00
1.572533978988884362e+00
1.554488993547934683e+00
1.593208648751456513e+00
1.637748149355333860e+00
1.653361176419861023e+00
1.630962242963021946e+00
1.603588363899591362e+00
1.609802718615374495e+00
1.620533621447665773e+00
1.573417136293179253e+00
1.571607617111180577e+00
1.554758055634884784e+00
1.554375341186619908e+00
1.540380578828089986e+00
1.544713761321244716e+00
1.545570354736221397e+00
1.536921861432144265e+00
1.544519259014456525e+00
1.547635266021546885e+00
1.555391603931342903e+00
1.541823512665482898e+00
1.529764203187871097e+00
1.560528529420869059e+00
1.561242091358203465e+00
1.558396431365300483e+00
1.566685014478541360e+00
1.571554400041506705e+00
1.567029561151364492e+00
1.548981666514410938e+00
1.556377798850722582e+00
1.555042138104047345e+00
1.557550082940653891e+00
1.571303279148603904e+00
1.572018508560383721e+00
1.562834341729559817e+00
1.542985781677144619e+00
1.555058908932768880e+00
1.539551876302443167e+00
1.536430878742491180e+00
1.519318737915256179e+00
1.535671094349856380e+00
1.532082517466860638e+00
1.502028350249559052e+00
1.500390706444705291e+00
1.496873873549464218e+00
1.517111084052231051e+00
1.519694194796097131e+00
1.529116062941893395e+00
1.519665994278629029e+00
1.545870998569154109e+00
1.551563007160007723e+00
1.520042001740004922e+00
1.495236248662345169e+00
1.503276566825413108e+00
1.532718872297025525e+00
1.541099695499820843e+00
1.558549006190608655e+00
1.538387353811907277e+00
1.534958057299093737e+00
1.532661062274627506e+00
1.548865600485842986e+00
1.524291807566478418e+00
1.530451562733687432e+00
1.522912419908813542e+00
1.536326631740112747e+00
1.563966485075216850e+00
1.568841705643740037e+00
