5.582262729464572137e-01
9.322672205746385110e-01
1.125252566459969739e+00
1.428816176279788852e+00
1.579599159802035135e+00
1.727307643477678401e+00
1.750939917961097825e+00
1.725737127720569752e+00
1.704180664821538960e+00
1.744607709547011609e+00
1.776445543578004216e+00
1.800781714936227962e+00
1.797713924853426626e+00
1.758974548237843383e+00
1.736604049994547871e+00
1.734087926942195823e+00
1.754251170281168726e+00
1.746118498840029121e+00
1.734927208618541439e+00
1.727842184350679267e+00
1.696127855252784977e+00
1.708584223264368651e+00
1.752415808455418222e+00
1.789261506315370731e+00
1.774682041120895892e+00
1.766251109454027191e+00
1.741158552800196269e+00
1.743204715969622232e+00
1.743978868093985612e+00
1.733426550224425045e+00
1.752745759285225802e+00
1.742047894980401912e+00
1.706006526620434505e+00
1.689038198609170038e+00
1.711452846679556883e+00
1.722918316517590975e+00
1.720506196075913818e+00
1.721140739678806098e+00
1.685960258055172689e+00
1.685695791749273864e+00
1.675144929070884858e+00
1.695710384655354508e+00
1.700060258203054619e+00
1.733547227373836597e+00
1.732358430641600444e+00
1.744042786667585165e+00
1.706712715074336861e+00
1.710781071707753176e+00
1.741026382850339171e+00
1.741571229081771532e+00
1.696677553262774030e+00
1.720822580890647879e+00
1.751553225081688092e+00
1.765428439589249443e+00
1.787030476305051963e+00
1.773667951727394332e+00
1.762873338977214654e+00
1.750314916571049206e+00
1.730730187899579997e+00
1.699628747475248058e+00
1.725665029410745621e+00
1.693404614069375924e+00
1.675687908258179926e+00
1.659189906513816704e+00
1.703658176661992263e+00
1.731350579854598726e+00
1.759329218217436042e+00
1.746536013295088230e+00
1.732739161517912407e+00
1.710340789616423329e+00
1.734127450656556713e+00
1.738811095864436496e+00
1.749743872473138229e+00
1.745227033480088341e+00
1.749856467544606220e+00
1.716494180669230429e+00
1.707199574587880964e+00
1.680258891254089226e+00
1.659034832805359683e+00
1.627199509318540294e+00
1.646036333802332940e+00
1.677338723312305158e+00
1.708515065044709624e+00
1.698265155664471449e+00
1.696445133213435819e+00
1.665063347952406403e+00
1.669887675527680360e+00
1.712670783133745323e+00
1.727054348547098828e+00
1.746995391117071028e+00
1.766142384097250551e+00
1.752168743524942673e+00
1.754548088425511354e+00
1.724036663478025089e+00
1.727330635552645433e+00
1.724664388394376191e+00
1.703565967539115711e+00
1.671597512585806689e+00
1.688056374985482666e+00
1.684382498393910854e+00
1.681155433543102484e+00
1.653893089551647044e+00
1.659304686687852248e+00
1.661793502932488176e+00
1.684369931054448433e+00
1.667111021556213935e+00
1.691252985033297129e+00
1.681186906265526693e+00
1.723447288220216089e+00
1.707464406673889989e+00
1.696448513926338775e+00
1.632199677406552585e+00
1.654821998740914735e+00
1.643628552727885328e+00
1.647083134290213913e+00
1.614299713708960526e+00
1.653596720169097978e+00
1.650151174598626369e+00
1.676881644065447485e+00
1.670846289902570891e+00
1.695778948929925978e+00
1.674634894840398180e+00
1.680895750733393035e+00
1.671903378485033898e+00
1.678385291712789051e+00
1.637208746828354711e+00
1.670982877607760209e+00
1.690203381064987909e+00
1.716879394209425369e+00
1.711689341578692014e+00
1.713288185986457934e+00
1.706487726850992370e+00
1.745595208264280052e+00
1.741103000809799850e+00
1.722340411016125561e+00
1.669578694601134394e+00
1.700476938727905729e+00
1.704818099556904443e+00
1.685601882540610941e+00
1.668590566010201170e+00
1.676705292272168135e+00
1.668090180248996468e+00
1.669602056385709465e+00
1.658108509539450770e+00
1.669562339738748680e+00
1.692007697511827446e+00
1.706969992824431515e+00
1.695890705316363434e+00
1.665705129591659395e+00
1.643767117815974732e+00
1.642798978701705881e+00
1.642694660827703768e+00
1.633047910344744169e+00
1.623180901198712611e+00
1.625211069399729258e+00
1.641319182099459262e+00
1.683010432956547842e+00
1.691041588609478064e+00
1.670023853724315055e+00
1.651222174064661319e+00
1.642044728150754418e+00
1.622143389957910298e+00
1.623071189109650758e+00
1.619336204067263862e+00
1.636393735875188771e+00
1.627125803452423192e+00
1.647058091883568665e+00
1.648651922210146115e+00
1.642390282569650584e+00
1.645647538273617982e+00
1.664207822246816404e+00
1.684817704281139861e+00
1.676744586787813684e+00
1.657767738682273784e+00
1.648274628588457746e+00
1.643911603713753333e+00
1.601843329591376319e+00
1.615714200048776528e+00
1.662386517372395067e+00
1.680707245649800674e+00
1.685618528826750673e+00
1.679661601796826886e+00
1.641578859809383006e+00
1.660092360453026661e+00
1.663740063587661355e+00
1.642801913970584948e+00
1.615563865468266913e+00
1.610684260463472572e+00
1.627494448379887437e+00
1.615647116268136729e+00
1.621285416636450760e+00
1.628515718614154562e+00
1.639386704490602753e+00
1.625311873548274333e+00
1.641170622626541897e+00
1.638656546102005729e+00
1.628727579956516847e+00
1.637339061729080614e+00
1.637789436189423187e+00
