5.065127968608944542e-01
8.143868972601879808e-01
1.101036317749143123e+00
1.359345317500792572e+00
1.484579330796232277e+00
1.546801834214557969e+00
1.574854209687934770e+00
1.540072719886977692e+00
1.527747039454115496e+00
1.566474753328510827e+00
1.585289939942422288e+00
1.593931709287850662e+00
1.596149614335574451e+00
1.616151383607964398e+00
1.642042218669693021e+00
1.655810604959821353e+00
1.593533569761691693e+00
1.585590959080470874e+00
1.574528944179968137e+00
1.547757700885816545e+00
1.520463023213720177e+00
1.521931970409623469e+00
1.549938686671926025e+00
1.581698847089813453e+00
1.621718655570900447e+00
1.631892199612028360e+00
1.596534731838907595e+00
1.606577504689581604e+00
1.635178076358518195e+00
1.595436939703395840e+00
1.592369627927533671e+00
1.579097232834859366e+00
1.576245669415912820e+00
1.560040227022982506e+00
1.568114001565628746e+00
1.553454851808644177e+00
1.559032394004527866e+00
1.565053850557609483e+00
1.570590135363977957e+00
1.595187951498967083e+00
1.585441457414532129e+00
1.602026036253540120e+00
1.615301363073890162e+00
1.626346834749152315e+00
1.611125830493320032e+00
1.580849296993737774e+00
1.560137149306942472e+00
1.538437469670670188e+00
1.546363785541922775e+00
1.568214756534436205e+00
1.576520341122833679e+00
1.581897675693940908e+00
1.538866424014896594e+00
1.515393001840861675e+00
1.538759436272674419e+00
1.558806450232677054e+00
1.604230070357577365e+00
1.619164911483165215e+00
1.619280099788849014e+00
1.618850381949157757e+00
1.583456959070366432e+00
1.552647515118589006e+00
1.564938825709473624e+00
1.570843442512356747e+00
1.557042430281716960e+00
1.528683586681332862e+00
1.525700514808776775e+00
1.521904388055973500e+00
1.555025860582924135e+00
1.555844831834931608e+00
1.552660841821499549e+00
1.602336354543483665e+00
1.644860225082235505e+00
1.620502868084024550e+00
1.634646690723845941e+00
1.627218458044420446e+00
1.602716573406534728e+00
1.559634047584245176e+00
1.537623531642538843e+00
1.535561418617928942e+00
1.520366097817963835e+00
1.523924813488843011e+00
1.528440143201478030e+00
1.535734382781723362e+00
1.505392878515703137e+00
1.520360861599705293e+00
1.529129714832494935e+00
1.544662577367771128e+00
1.538658252139188498e+00
1.554082916961869731e+00
1.577391519282215215e+00
1.606003619776735780e+00
1.599114624023257436e+00
1.605819575030071666e+00
1.625251349406860779e+00
1.627306256167797116e+00
1.602502246399451602e+00
1.555464686293951848e+00
1.530688583716858897e+00
1.524230710000130218e+00
1.512802953757717228e+00
1.517916324861074084e+00
1.511275079398592069e+00
1.510427483369387369e+00
1.519243085037764063e+00
1.521744919971726562e+00
1.528526812348047992e+00
1.520875289440073219e+00
1.508616594689768275e+00
1.527620045834988005e+00
1.542654517752676036e+00
1.576457886401341879e+00
1.587725755076479839e+00
1.579380599896283321e+00
1.541465044277404495e+00
1.524361543107802142e+00
1.532716584329228304e+00
1.522276900155879353e+00
1.519772802910379195e+00
1.530670144604441729e+00
1.523163762767067553e+00
1.506487997062174289e+00
1.495515329310053598e+00
1.491810728769972227e+00
1.509002978075602242e+00
1.508968720664880525e+00
1.525837179794332421e+00
1.501964540003962290e+00
1.497525265190551069e+00
1.476808463688340733e+00
1.467124889175281277e+00
1.471073504232460527e+00
1.482366011038101838e+00
1.503453546243301853e+00
1.503659995789274673e+00
1.489330361629500388e+00
1.507323005982613262e+00
1.502823077979271726e+00
1.515702834112416353e+00
1.518621930444978840e+00
1.520262382520308986e+00
1.513369265298764921e+00
1.528596085865133958e+00
1.500444467656739889e+00
1.502898079956806576e+00
1.495457066289451520e+00
1.501436659166111687e+00
1.497068452909781522e+00
1.521618767082187906e+00
1.532171121895723465e+00
1.519025851089333079e+00
1.479474843860240529e+00
1.473914979024480099e+00
1.499418332067266935e+00
1.511831176059928561e+00
1.508434030031535755e+00
1.515274105554083706e+00
1.502241736223862256e+00
1.505050804104165252e+00
1.477418709639211070e+00
1.468007845329343031e+00
1.490796065945251270e+00
1.518604630788102927e+00
1.527235130941606123e+00
1.520231723557790682e+00
1.495899750686005891e+00
1.497982409785945990e+00
1.480013748930570472e+00
1.484792697274914808e+00
1.500232209835860253e+00
1.519953265376851714e+00
1.490588744590721326e+00
1.485420991303380678e+00
1.491981336993439600e+00
1.498870846426544112e+00
1.474990301599343523e+00
1.486617570869092742e+00
1.492992961575552613e+00
1.498980193515887516e+00
1.497871460481763339e+00
1.536849230061839267e+00
1.521983656910426363e+00
1.510254817958666340e+00
1.492198532758198137e+00
1.484544562250549316e+00
1.506802531727428729e+00
1.488391006490652035e+00
1.473962825832799250e+00
1.494484986146735528e+00
1.493303151351218050e+00
1.519036522171763881e+00
1.496662551929109686e+00
1.477308779413282203e+00
1.490453756149176634e+00
1.511645369130958816e+00
1.517726755402122096e+00
1.496504233133438166e+00
1.481318585873677263e+00
1.467096420784555599e+00
