6.048082893882119615e-01
8.814336706819329015e-01
1.142473763644996421e+00
1.354949082018445106e+00
1.507125705962461426e+00
1.595412950451270406e+00
1.637704208910638393e+00
1.660057022003508687e+00
1.669540813303605820e+00
1.720362474166239108e+00
1.750754682345212698e+00
1.731681877727153207e+00
1.721368680225496162e+00
1.707469671741671524e+00
1.656001105926850236e+00
1.649293700541787144e+00
1.678391083175689413e+00
1.689777219238576933e+00
1.688673910595387406e+00
1.667294916040044095e+00
1.673626683291612682e+00
1.677536103659200695e+00
1.692690845079249495e+00
1.704500773353767151e+00
1.711641720195258953e+00
1.729831411964332544e+00
1.720345640332899828e+00
1.684616468075893270e+00
1.648088405372456933e+00
1.629679774235064826e+00
1.637227098058456454e+00
1.632212448405990557e+00
1.644503851139059281e+00
1.665514351924166414e+00
1.683977036770981650e+00
1.701948568240766901e+00
1.713445016519296260e+00
1.668996929857909484e+00
1.658314435720106284e+00
1.649350091890534387e+00
1.669272907589286037e+00
1.677020943539794473e+00
1.674723945302729833e+00
1.629095029963246732e+00
1.634805228050719483e+00
1.641253377319605633e+00
1.692493463569825662e+00
1.695970401108413350e+00
1.681014044653617701e+00
1.652771140812556272e+00
1.666791641551419012e+00
1.660794409108427017e+00
1.639758370492260919e+00
1.635313822466617273e+00
1.647987366288944155e+00
1.638732143994301227e+00
1.636475536602411740e+00
1.624111888914806956e+00
1.607520373432739902e+00
1.617651624239267116e+00
1.666916925054236831e+00
1.692403968423902061e+00
1.687665090805167578e+00
1.675186920899004672e+00
1.671956410583854913e+00
1.667214430266550584e+00
1.671773705102632457e+00
1.648255840425073782e+00
1.641069077366553053e+00
1.628092091580634726e+00
1.665024510940588121e+00
1.668975252369795381e+00
1.688639021690894415e+00
1.677373884718169839e+00
1.668875080533263278e+00
1.658742687790784265e+00
1.626980745011391338e+00
1.596100227425785389e+00
1.586651444488888840e+00
1.597092256941441635e+00
1.645090153425424306e+00
1.650157225404063732e+00
1.634939878622188925e+00
1.602929943438232252e+00
1.595490402053550083e+00
1.611590133253874679e+00
1.656213967467982107e+00
1.647637362430682373e+00
1.644142321854964006e+00
1.660266621033307910e+00
1.661717684620947599e+00
1.661416616404350233e+00
1.662975796202486922e+00
1.677305121667682863e+00
1.694161742157624717e+00
1.664346943287553282e+00
1.622796674831755714e+00
1.602157555063349337e+00
1.593020888167420823e+00
1.600091690037551029e+00
1.613634138899269210e+00
1.591076405633234492e+00
1.565446488791120805e+00
1.581098745911693415e+00
1.608014518429641271e+00
1.608775110981732315e+00
1.602303291433615495e+00
1.591200171119550477e+00
1.600233889102867568e+00
1.602112723974922881e+00
1.596932316509713790e+00
1.590882055550471463e+00
1.571882290075169886e+00
1.577925618556360599e+00
1.586979371892431434e+00
1.589279938110322199e+00
1.607008074536787179e+00
1.602851241631557233e+00
1.596163647673705110e+00
1.615797402209129041e+00
1.632931122645637556e+00
1.592313730701345520e+00
1.591101541315139478e+00
1.585118784792288515e+00
1.579344738692597394e+00
1.571799465041227695e+00
1.575629335242308748e+00
1.594327026371592071e+00
1.614820047749326859e+00
1.601151733221962914e+00
1.596174838942178820e+00
1.572470788054305180e+00
1.574354344325103128e+00
1.602617505811855469e+00
1.607560421968171172e+00
1.579059777601803383e+00
1.583479427588456945e+00
1.594918557442490004e+00
1.600917488109530273e+00
1.586375764822654855e+00
1.580260123397227101e+00
1.562379425960648716e+00
1.585530514434060567e+00
1.563347939261375830e+00
1.589144267044208636e+00
1.644291550482018138e+00
1.629995739234031626e+00
1.600225232671486308e+00
1.590261575576386477e+00
1.577604360364183167e+00
1.585440494324087624e+00
1.592756082364539028e+00
1.580747421401943686e+00
1.575316684878520945e+00
1.580115177405215565e+00
1.587327161380466478e+00
1.592202812196898298e+00
1.598148134994598957e+00
1.574327915354696295e+00
1.566149321480801992e+00
1.572303936518597123e+00
1.583394071986796048e+00
1.580611163395856389e+00
1.601369867271702718e+00
1.593721806679219810e+00
1.589962992852678392e+00
1.606504986531875900e+00
1.629639894325140226e+00
1.646190847920127265e+00
1.637353345281749251e+00
1.609625646758346518e+00
1.558445355397803933e+00
1.536623322442491224e+00
1.528300435471459773e+00
1.542241479925215319e+00
1.570549404953020423e+00
1.554053234483922186e+00
1.551296410648055124e+00
1.560149968882153182e+00
1.582142267845313199e+00
1.606359417038224269e+00
1.593250108566397483e+00
1.583301014639365123e+00
1.579695086201549303e+00
1.585428640188853766e+00
1.562424744131358123e+00
1.543923997856798014e+00
1.500756765512552215e+00
1.523804687512436473e+00
1.555342536236817175e+00
1.573798770404218894e+00
1.574417433355522977e+00
1.566024639569793209e+00
1.564511344487262701e+00
1.559990658293094246e+00
1.566062080908545484e+00
1.584115452964775850e+00
1.574390875443059556e+00
1.581137206203546475e+00
