6.786317255901757051e-01
9.960408393552572237e-01
1.174116709742498488e+00
1.469878397886979604e+00
1.618023764538238263e+00
1.746745774000838747e+00
1.823316245773695110e+00
1.848533517318130981e+00
1.836565503189945048e+00
1.782157883660863362e+00
1.765841778576439758e+00
1.784429735665116867e+00
1.764804172629558687e+00
1.752240590706535928e+00
1.768974819102491436e+00
1.756744746354645725e+00
1.741619486570642028e+00
1.721140138924925234e+00
1.738381433324145631e+00
1.748783408576467746e+00
1.775862099979949482e+00
1.815184463251864777e+00
1.826121995059384107e+00
1.795274578666635090e+00
1.758221716013467883e+00
1.759245140798877394e+00
1.773631484979381945e+00
1.767124730933084420e+00
1.795232849753900295e+00
1.779230685993305805e+00
1.753675771774187320e+00
1.757240360039791005e+00
1.764379272688760603e+00
1.779239856120021557e+00
1.798175066051720616e+00
1.792835451197341667e+00
1.780840320138259214e+00
1.781978753925004710e+00
1.787238447458600721e+00
1.761665121514779608e+00
1.779156648017398812e+00
1.760564351601088262e+00
1.747479965209245867e+00
1.729536300623871981e+00
1.724307223296705605e+00
1.736840893228386307e+00
1.743034203706405938e+00
1.737323238602303199e+00
1.784035639278766627e+00
1.794600265540858164e+00
1.800672986820750499e+00
1.779096785520320800e+00
1.780536878472288143e+00
1.777645348914938639e+00
1.763388486959202028e+00
1.733203086362874457e+00
1.708944636068501666e+00
1.704044730675539521e+00
1.753479286272334292e+00
1.799630586511240971e+00
1.793367423139769601e+00
1.772972338627276434e+00
1.761685411843521232e+00
1.765729978540192757e+00
1.784087537191779038e+00
1.745345221264492652e+00
1.706323527494775671e+00
1.694579543099522745e+00
1.723921131287016184e+00
1.709321696932391887e+00
1.724073085301491393e+00
1.726520698333426473e+00
1.741040305579960146e+00
1.740479093501009045e+00
1.759278027025414248e+00
1.747366712013897594e+00
1.771415494437979188e+00
1.774674818423607858e+00
1.778760618197521293e+00
1.736083972667754605e+00
1.767197999080061699e+00
1.751918745356842111e+00
1.728376861432933786e+00
1.681022397157082127e+00
1.688649714799969281e+00
1.719268589182452844e+00
1.739717083577985379e+00
1.714900691284037215e+00
1.690549929538452290e+00
1.688538972798354854e+00
1.678865709129509165e+00
1.676649226791457226e+00
1.676340548482340598e+00
1.683424904619128748e+00
1.678735849500575972e+00
1.658259138456326331e+00
1.666879762966203327e+00
1.699144601537560639e+00
1.722039382839752442e+00
1.719761011539029605e+00
1.723917510648146134e+00
1.714660591338768247e+00
1.714756539488046849e+00
1.702496360727504099e+00
1.700942559831701395e+00
1.695986154948194269e+00
1.702243628059087355e+00
1.711337896166074124e+00
1.716640481969099019e+00
1.698361662771693537e+00
1.700123058527267084e+00
1.701562458617550622e+00
1.724345766087302501e+00
1.709125997516816930e+00
1.684947429819220410e+00
1.648107966287027049e+00
1.649174810250603640e+00
1.653287316061275103e+00
1.673918504516097805e+00
1.674641724412944344e+00
1.692494045061970098e+00
1.701405330810369376e+00
1.674619913795726500e+00
1.654727472969331536e+00
1.667791875570166615e+00
1.678756644467632286e+00
1.693566447079032811e+00
1.682135704887601113e+00
1.688304181426880879e+00
1.665370539275016215e+00
1.659312745699609515e+00
1.669744360809436667e+00
1.669739626684361822e+00
1.717393738781773704e+00
1.760659346069893383e+00
1.735566489503548970e+00
1.724480853528174817e+00
1.689906774918377597e+00
1.681617565913861245e+00
1.672451359200984200e+00
1.664000483990528245e+00
1.660559572973992370e+00
1.667320932408087319e+00
1.664695460682161565e+00
1.647605554972888964e+00
1.658156748168285288e+00
1.676207494010932608e+00
1.695155580095813574e+00
1.700968538702474220e+00
1.693407276225907809e+00
1.685560235221863490e+00
1.662956477207509387e+00
1.687716071722885847e+00
1.674064798161750245e+00
1.673180968902271415e+00
1.662777199271103568e+00
1.644161527072669715e+00
1.651636465232268591e+00
1.659682883876064885e+00
1.661111743811832131e+00
1.657532475963839902e+00
1.661314476777270732e+00
1.700118681741697557e+00
1.710789916458904658e+00
1.682505904897890092e+00
1.660375880985436314e+00
1.654554442728015218e+00
1.661727128825310151e+00
1.683110210715672128e+00
1.680486961905584886e+00
1.675118264481114005e+00
1.668620600986736813e+00
1.695264552327779839e+00
1.686814730128515016e+00
1.687086941068363988e+00
1.650482318643940571e+00
1.658006837703402958e+00
1.691950053654223129e+00
1.698641196863480252e+00
1.704662669129584973e+00
1.717151504253630945e+00
1.681159949311892943e+00
1.692641872280801651e+00
1.678181132962007993e+00
1.656566905107432097e+00
1.676837075070131133e+00
1.661472967027492809e+00
1.621241195030125315e+00
1.612104055803613489e+00
1.623914277697775965e+00
1.622327459805092076e+00
1.635826572840342497e+00
1.639985926265977056e+00
1.655892428877243194e+00
1.681673866727303901e+00
1.693355854145916384e+00
1.708249129691914225e+00
1.668468291296384631e+00
1.635193521024488561e+00
