6.833659881035805128e-01
9.903873745452815847e-01
1.249569515666323349e+00
1.503932368365942018e+00
1.638503711065685708e+00
1.718821200486024159e+00
1.770689308799512807e+00
1.836424341190901144e+00
1.897352944576333300e+00
1.937080227181351866e+00
1.881861406266508441e+00
1.840705486677685965e+00
1.787759422484400007e+00
1.753306434749283715e+00
1.781249988090661818e+00
1.776862412976135897e+00
1.784918023947064780e+00
1.786626879875445884e+00
1.802966533897211177e+00
1.804284798556966107e+00
1.818390026114601321e+00
1.867630910182806359e+00
1.896773158735860276e+00
1.866361273365125806e+00
1.823067148435348672e+00
1.772355144512689495e+00
1.758190703370468455e+00
1.746729086182675639e+00
1.738511429939123998e+00
1.738094631854208760e+00
1.763360945380233025e+00
1.786505140723156027e+00
1.811269585761751788e+00
1.835501937900552827e+00
1.864899720506847824e+00
1.896549705286587395e+00
1.903211732263940137e+00
1.832878127484038000e+00
1.783249666866199012e+00
1.758794615970146413e+00
1.729147984836704177e+00
1.706457443143625463e+00
1.714796926435768532e+00
1.721860538018605391e+00
1.724393337516313407e+00
1.745160261483765796e+00
1.772985185186590762e+00
1.780943840291629554e+00
1.787137715412540739e+00
1.813541684883726912e+00
1.870593646177945102e+00
1.906200740115596259e+00
1.904323194452883561e+00
1.832351298823460928e+00
1.766717627713044525e+00
1.710508521934828163e+00
1.687959803145414606e+00
1.661808350857471916e+00
1.666264780011047941e+00
1.704132962464299128e+00
1.753761634479847897e+00
1.759112432146464844e+00
1.748602603994988902e+00
1.749068375211302317e+00
1.734842962054678583e+00
1.693220906203717346e+00
1.683057276941028801e+00
1.687021557747340861e+00
1.732768632395489616e+00
1.766692356041332346e+00
1.778155364396789118e+00
1.742826032983563644e+00
1.718401871021869809e+00
1.740439461020794054e+00
1.717151954980875583e+00
1.692348530393335437e+00
1.691364029265634228e+00
1.724510752957400195e+00
1.762739787586851126e+00
1.773429247294698419e+00
1.748884245963731487e+00
1.751176063181324905e+00
1.741893159155069926e+00
1.725336511222622438e+00
1.719170983944116271e+00
1.704865546181173475e+00
1.698951856199574229e+00
1.681899743347798681e+00
1.675412997239964508e+00
1.681948046082615500e+00
1.722432750162745885e+00
1.752058558291935020e+00
1.742403017720668634e+00
1.712213329197730616e+00
1.668530207796496079e+00
1.676996757927049497e+00
1.690277902999093085e+00
1.691184779835469110e+00
1.686342638899831936e+00
1.696631800173084903e+00
1.682600065480712503e+00
1.697564002603548339e+00
1.731834175897581707e+00
1.724535545563048888e+00
1.732816248778905610e+00
1.735028607865534589e+00
1.679440052652290127e+00
1.676722615124103477e+00
1.685921567110276520e+00
1.716185160259134479e+00
1.697659087194180350e+00
1.667060501120579463e+00
1.661824869249717507e+00
1.691663264428415747e+00
1.714122621569112326e+00
1.714585036922649630e+00
1.706113160338034618e+00
1.675114752509768490e+00
1.688732772189970976e+00
1.665816764362647806e+00
1.692618125578185362e+00
1.697013413355030087e+00
1.680201309094394357e+00
1.684193238413892013e+00
1.706757505612476189e+00
1.731228276023752066e+00
1.715051800935553539e+00
1.722167303016900020e+00
1.704073674914240000e+00
1.692824624804075917e+00
1.655570056343968588e+00
1.683225209550002655e+00
1.673565423592392465e+00
1.669729353275794193e+00
1.674148607230400376e+00
1.679739943515586420e+00
1.730822319823332345e+00
1.760377199028024142e+00
1.719636386930584182e+00
1.694955400494188913e+00
1.665665782188695987e+00
1.663052653412169235e+00
1.688191017358109169e+00
1.710268837416153653e+00
1.742746462478852010e+00
1.708867129043146971e+00
1.704460778489387263e+00
1.681198755004909673e+00
1.659270011866140981e+00
1.648879930357932677e+00
1.662186359025343174e+00
1.654893742350249886e+00
1.671799507459709400e+00
1.676033646416186462e+00
1.692374241418832304e+00
1.682298344971527859e+00
1.660274175189459189e+00
1.653044394975222042e+00
1.679833766032998721e+00
1.684423014588990908e+00
1.670068479641465320e+00
1.631858276967716126e+00
1.656341369089969984e+00
1.651875295319674475e+00
1.683811867745737434e+00
1.695279048234867192e+00
1.699924059725373748e+00
1.675894496628096197e+00
1.668869933683210460e+00
1.699829822484111963e+00
1.687602538027015431e+00
1.696114589158350672e+00
1.703117723306385445e+00
1.724801449656321761e+00
1.693432371438735373e+00
1.682354595419224941e+00
1.690978143970833125e+00
1.703719573946459009e+00
1.693232971443310531e+00
1.681087848742770507e+00
1.670613351433485771e+00
1.674665915835075847e+00
1.683960943446839886e+00
1.655732848484504860e+00
1.658559965631584143e+00
1.664013094950308913e+00
1.670385115781950036e+00
1.668385666182958582e+00
1.663270596487083308e+00
1.654392462683875742e+00
1.663460351547455529e+00
1.694177251993250755e+00
1.726785168802535297e+00
1.714239361354449098e+00
1.707548912687466780e+00
1.687645539886375889e+00
1.670463982360981259e+00
1.676257244340920494e+00
1.659764728250937349e+00
