6.020502377028961183e-01
8.466452698529435272e-01
1.033382033740405159e+00
1.310139840625647256e+00
1.469377086420545542e+00
1.597666730704971672e+00
1.655555386807395557e+00
1.655090363546527721e+00
1.616536508995341181e+00
1.589736523224566600e+00
1.594376521381817069e+00
1.585233390441776358e+00
1.551603416608334784e+00
1.535901339056460868e+00
1.542946799271312175e+00
1.516842303351488397e+00
1.501405494978794941e+00
1.505322836775206063e+00
1.548283930819857712e+00
1.585349172169854715e+00
1.615074488965625887e+00
1.601046086990558281e+00
1.608225996707925765e+00
1.602128844879302960e+00
1.608784146921547809e+00
1.612956346928586360e+00
1.573283596020939479e+00
1.543582613671625303e+00
1.551311141036230357e+00
1.518937536774926711e+00
1.498493837376833504e+00
1.493247124289872829e+00
1.524938021305604963e+00
1.550015794256550006e+00
1.556601323146852955e+00
1.570749727028214027e+00
1.583445909817937869e+00
1.601115262786623639e+00
1.611373876277905959e+00
1.616882631002723780e+00
1.599663601416167369e+00
1.565268949497814699e+00
1.536642591495153587e+00
1.530943942551984849e+00
1.546204431806080137e+00
1.556073534587337992e+00
1.555137043244599448e+00
1.526848086943756178e+00
1.520981863154859726e+00
1.547738507522065321e+00
1.592969646224110525e+00
1.590238265137736473e+00
1.588585971226613269e+00
1.599763496869182289e+00
1.585644611209755306e+00
1.563601528796277229e+00
1.601785938688043309e+00
1.626919683264622440e+00
1.582707518849759687e+00
1.525949992275986267e+00
1.495511340241379106e+00
1.479324780792924843e+00
1.482793548715233722e+00
1.503585009962015162e+00
1.493659709937490643e+00
1.470067844711155702e+00
1.491532243306265215e+00
1.504013274425835878e+00
1.503891355716883149e+00
1.547283604056089112e+00
1.566934673526042987e+00
1.546680695498430014e+00
1.510375962521825155e+00
1.510172204510271898e+00
1.511850536442263637e+00
1.512950495161024200e+00
1.510943112784052689e+00
1.521249727544325747e+00
1.516912906196687949e+00
1.480690800526985429e+00
1.477544674731729790e+00
1.470656597679080635e+00
1.455673678869079612e+00
1.446121375360825745e+00
1.458011171833564656e+00
1.493864344386666376e+00
1.505518519322375681e+00
1.488548946074668589e+00
1.494363764767348224e+00
1.515338110306545083e+00
1.526161453577538962e+00
1.543105517276875283e+00
1.543682412636481205e+00
1.501862911304269854e+00
1.491530332948908910e+00
1.487085872070662118e+00
1.497362871734583711e+00
1.485322790155869432e+00
1.496666736824066257e+00
1.494648487102915313e+00
1.490450801066474540e+00
1.477696845326614161e+00
1.492276599401445303e+00
1.467115753881340190e+00
1.485433237697662667e+00
1.496117721088660257e+00
1.502691183602492986e+00
1.510228077418511061e+00
1.499161516945428430e+00
1.492440061124728823e+00
1.480733023030379458e+00
1.437873525098773975e+00
1.425336518351402848e+00
1.444927274315522370e+00
1.473606147477328543e+00
1.471350854272562181e+00
1.493829026858147113e+00
1.501703123815629093e+00
1.513601226617525830e+00
1.499006820496582293e+00
1.479117759563532308e+00
1.460909224560744901e+00
1.464240503608448707e+00
1.469624985855080057e+00
1.456608234204733510e+00
1.458388761894576779e+00
1.459016703008902516e+00
1.463416876467492411e+00
1.473294856348659643e+00
1.476125169862282593e+00
1.496709595493992850e+00
1.512164741825951175e+00
1.511158745332284115e+00
1.459391097853557362e+00
1.424026166782250469e+00
1.440685792562865331e+00
1.461543635647013062e+00
1.470173806462894195e+00
1.451685013907600297e+00
1.431621190094044538e+00
1.414756882032986773e+00
1.458344795789886073e+00
1.487154603956516663e+00
1.467010247941699097e+00
1.495002522612514539e+00
1.491485312742109270e+00
1.479514610891545567e+00
1.465890597674603724e+00
1.458585138970992068e+00
1.457517483666463942e+00
1.435775802048981031e+00
1.407356638223045131e+00
1.442196669665021691e+00
1.448899902937799800e+00
1.444905484031240306e+00
1.426084821179874451e+00
1.440484510563406095e+00
1.451048455534631687e+00
1.485501191405617760e+00
1.503311518939880242e+00
1.525601200216220477e+00
1.497833239947790052e+00
1.455093000897737410e+00
1.432195197925258290e+00
1.439236051824110518e+00
1.427138377394064905e+00
1.423198981168923849e+00
1.433099439353994864e+00
1.412427683240096821e+00
1.441030470918178485e+00
1.446798974576620767e+00
1.428439154795834165e+00
1.417078240476740802e+00
1.441057092212441493e+00
1.439654049757374876e+00
1.450687071680237139e+00
1.436695130789630737e+00
1.422383971247205059e+00
1.444753908181498403e+00
1.469540449687869677e+00
1.467072638341469615e+00
1.469996226146805141e+00
1.490827870829430024e+00
1.449459781701849082e+00
1.424664744527070370e+00
1.432566085692302371e+00
1.409866189734540587e+00
1.410767388106133335e+00
1.423282375759876484e+00
1.454520551380153570e+00
1.483271381619567064e+00
1.503925122382139490e+00
1.502592319794087139e+00
1.479477637561776415e+00
1.447575259266931091e+00
1.469249084337149069e+00
1.497947342800169057e+00
1.479678520593012747e+00
1.464234725714762764e+00
