5.306742246722842005e-01
9.288505254640150310e-01
1.216119307506727365e+00
1.524089865946603117e+00
1.693321596076803770e+00
1.827038778466801405e+00
1.858474449178038945e+00
1.845430828333356255e+00
1.813448316588955445e+00
1.798693460196787886e+00
1.819009474002099447e+00
1.810416399863867598e+00
1.807059182594013436e+00
1.873084871925035699e+00
1.931078965851283469e+00
1.926361200272165064e+00
1.914575869053569468e+00
1.871562693671922073e+00
1.850574910347905666e+00
1.834773810968156393e+00
1.851873846031268700e+00
1.866435611450746546e+00
1.852256169067209690e+00
1.873854317067214170e+00
1.859672937748150456e+00
1.891125874677866747e+00
1.928110019621576576e+00
1.953452929793276338e+00
1.912302982806556528e+00
1.875494990612005974e+00
1.883226053649573073e+00
1.896918580748141236e+00
1.938472149436245351e+00
1.859896887639923779e+00
1.852256488956282698e+00
1.870948724260537599e+00
1.916428366296998309e+00
1.895114653090644641e+00
1.848940020605780221e+00
1.819243316420579459e+00
1.828658945491387522e+00
1.824904503059079364e+00
1.847835568707124176e+00
1.842482774875114471e+00
1.884583975705809156e+00
1.899647532465000843e+00
1.889610300807446297e+00
1.860413833820577123e+00
1.833312729307297939e+00
1.871141449521918965e+00
1.908193979632042847e+00
1.917158807812322507e+00
1.883210960109484633e+00
1.844140978130967889e+00
1.838909794329820713e+00
1.838021176362830023e+00
1.844920008300440672e+00
1.898054287773626392e+00
1.952236642002952882e+00
1.935053692538387660e+00
1.928741513005723496e+00
1.884149391371703341e+00
1.877625381467495691e+00
1.865528104082645466e+00
1.826153685090041501e+00
1.791280889637269169e+00
1.780867023102330471e+00
1.830396146912649735e+00
1.876055986550785315e+00
1.880870456059665852e+00
1.867730301193379017e+00
1.839131146308033538e+00
1.843007393905202074e+00
1.865522346866557379e+00
1.855632071600545219e+00
1.821688053380595695e+00
1.812146672280770421e+00
1.799899431102131020e+00
1.800739264871821455e+00
1.792924650467392800e+00
1.793306521063213088e+00
1.786104969543982790e+00
1.796402028994599220e+00
1.790798045214741174e+00
1.813759593223595479e+00
1.792894235622174870e+00
1.784971932365656322e+00
1.775458108712857141e+00
1.741381302042640300e+00
1.721772820823761485e+00
1.759483130583736843e+00
1.793635576706607226e+00
1.811346479770744144e+00
1.807872380206733576e+00
1.802230151992568308e+00
1.787811033168823061e+00
1.780801344669382225e+00
1.747825760313763688e+00
1.761151335912230387e+00
1.790087754648682195e+00
1.785311026018052472e+00
1.755790114578382966e+00
1.778791520626511247e+00
1.762803444389459129e+00
1.709331906577552518e+00
1.746706665112919721e+00
1.721063492120466387e+00
1.752195378219313149e+00
1.771366053787103434e+00
1.783535668443386513e+00
1.792874382013838863e+00
1.807632249303035232e+00
1.836968259676644566e+00
1.832627983479830025e+00
1.836563911193257459e+00
1.826020034482950471e+00
1.791829476300224266e+00
1.751503777711564958e+00
1.743101815530707421e+00
1.732798412533900212e+00
1.723455667439878214e+00
1.744439733470720899e+00
1.787467095741495537e+00
1.774279535276014119e+00
1.741923148161224066e+00
1.720778063855490148e+00
1.722298906786348338e+00
1.748423092439518989e+00
1.750584849447287539e+00
1.742860972202468606e+00
1.725311800451577060e+00
1.725094826915073210e+00
1.708047431263372884e+00
1.727693677265333294e+00
1.735726436103905312e+00
1.727118540249305667e+00
1.740615738327644824e+00
1.735136399645140548e+00
1.725757371302536258e+00
1.731420335301851798e+00
1.730113885477647440e+00
1.734541258326323998e+00
1.782919340502734595e+00
1.767422695569553115e+00
1.779078950708199880e+00
1.801250374847187086e+00
1.788651393029607073e+00
1.770406824235362775e+00
1.764265581113261039e+00
1.748535226769684758e+00
1.754159442387046797e+00
1.734696497752518551e+00
1.754522002932226377e+00
1.778862924819134994e+00
1.781349555371264159e+00
1.761922782447049807e+00
1.732000975984443247e+00
1.712402855605238416e+00
1.716561721160808407e+00
1.711208818061496162e+00
1.749184171847446123e+00
1.746011897194152729e+00
1.769482139163478518e+00
1.777418220400891480e+00
1.772757284106559972e+00
1.731225951948074160e+00
1.726559718295824775e+00
1.711015443044416884e+00
1.707913330695614906e+00
1.692694419818047802e+00
1.720023089208390532e+00
1.745190635881178398e+00
1.757797093395633947e+00
1.785718123425332093e+00
1.752970964327819070e+00
1.719891664219051597e+00
1.726192841697584024e+00
1.721971307010168095e+00
1.719013293276519860e+00
1.714246050971292457e+00
1.720871668368794571e+00
1.730791919607028051e+00
1.756928233467329514e+00
1.769882586625896703e+00
1.757696722452412708e+00
1.750216880342876591e+00
1.731979584359991442e+00
1.735720573079922113e+00
1.719327606004477760e+00
1.713104495711722297e+00
1.702894074064836838e+00
1.698492643615546083e+00
1.733666167041830963e+00
1.757748066002228438e+00
1.728622820375436797e+00
1.724838596150982895e+00
1.710105913184545079e+00
1.718888806893118071e+00
1.734882487142231478e+00
