6.454470054118314204e-01
9.031608015104112264e-01
1.104116134029393903e+00
1.335008542195364578e+00
1.478671126610515918e+00
1.559561972459884593e+00
1.592828350476672039e+00
1.644242387001435768e+00
1.637439381572374675e+00
1.679210074662845109e+00
1.653690922486658943e+00
1.673761683111923082e+00
1.693510094142152589e+00
1.688368037809064415e+00
1.669557128667748414e+00
1.656534767201385483e+00
1.643188764107548661e+00
1.635269116859385141e+00
1.620890904772051000e+00
1.611274814479274120e+00
1.599554790700473017e+00
1.594720662618754892e+00
1.614250273776784539e+00
1.644982062339100715e+00
1.662408942789434185e+00
1.654787071270931387e+00
1.651995502854057829e+00
1.661784257511755847e+00
1.671391585259552226e+00
1.662582339478063220e+00
1.623140152300275085e+00
1.635591681345624160e+00
1.648056722024201504e+00
1.662385844431804260e+00
1.640327944909659719e+00
1.619172329595411020e+00
1.593957935830938144e+00
1.613862395065813971e+00
1.617124178351221797e+00
1.614292202732142911e+00
1.607761066837861241e+00
1.614156622227835847e+00
1.655845209114586547e+00
1.721420243032456998e+00
1.704247609190970847e+00
1.679483048651788657e+00
1.655723147650818516e+00
1.645679579112798274e+00
1.635725608198477676e+00
1.637395600485205271e+00
1.642307572460987908e+00
1.668321271151871565e+00
1.661101523197999974e+00
1.599414291314627201e+00
1.575532712568159521e+00
1.585003613418101587e+00
1.607100908081050106e+00
1.650838962385078323e+00
1.659552165204699170e+00
1.635111962245938910e+00
1.610089055259369850e+00
1.597411878990164569e+00
1.626060120540194331e+00
1.702374644478552801e+00
1.712877638151450332e+00
1.652298131607793596e+00
1.601604008552033331e+00
1.626196634125484097e+00
1.651747285758006223e+00
1.672809617827184292e+00
1.643259462506110768e+00
1.596770657900749901e+00
1.584481610105485716e+00
1.594222575719373536e+00
1.573687573794609884e+00
1.571996600404671707e+00
1.545552254284648042e+00
1.544051076455543736e+00
1.565861629729657478e+00
1.598046834410728811e+00
1.589693025541836890e+00
1.575873495384268796e+00
1.532406014142984052e+00
1.538230344793910298e+00
1.577538924073612403e+00
1.593918319318247567e+00
1.571053616008553977e+00
1.585479114421363134e+00
1.582410059506599520e+00
1.609487023842737674e+00
1.623987751866022622e+00
1.623416514457043380e+00
1.648706653645157560e+00
1.634031210859982597e+00
1.574617242817689000e+00
1.562671728202102983e+00
1.583696676407522874e+00
1.604689137547189448e+00
1.611017865397896598e+00
1.594935883154560141e+00
1.565988684719507251e+00
1.560418867370992224e+00
1.533933289670065703e+00
1.550310935348462760e+00
1.572876689881398393e+00
1.609662394891290260e+00
1.624226828937421097e+00
1.631867686842577658e+00
1.592826289929482941e+00
1.572420744461652475e+00
1.594408394890666880e+00
1.604219215983813340e+00
1.592434608929664153e+00
1.585613214477640476e+00
1.565688339778906091e+00
1.570718102691662343e+00
1.585034668135782976e+00
1.553937962009481755e+00
1.561202342270014976e+00
1.573952033272473905e+00
1.565404861379918522e+00
1.561261371921926822e+00
1.544616470750311388e+00
1.533521570840885362e+00
1.522924076768411350e+00
1.540455893357431272e+00
1.563388841891023118e+00
1.512870159815949300e+00
1.484694958392141162e+00
1.495632686417357915e+00
1.522000958617797606e+00
1.507379619957022188e+00
1.524022291574388399e+00
1.528949210910255818e+00
1.510477580232131301e+00
1.531159198903192298e+00
1.557273907933063084e+00
1.598881255823369596e+00
1.617809983817229735e+00
1.601637695229332081e+00
1.553802081836725746e+00
1.505000162020943222e+00
1.519231099041673083e+00
1.540914624434696067e+00
1.551113310350139551e+00
1.542576438892254043e+00
1.550773032774238391e+00
1.533540579066993814e+00
1.539240707086042326e+00
1.536856142960251859e+00
1.542038003155819403e+00
1.526421370008685274e+00
1.502430610988940929e+00
1.515952493684267210e+00
1.528736227735597142e+00
1.529719711155919981e+00
1.554311290872681717e+00
1.545339958449483797e+00
1.576299552215702837e+00
1.606983270810938391e+00
1.607512629367940260e+00
1.563622508660463151e+00
1.575092675026676270e+00
1.544170863489282342e+00
1.521933097798751300e+00
1.549011932761231947e+00
1.579834117998001553e+00
1.573253645389721900e+00
1.518207176154172222e+00
1.495683608362608830e+00
1.479986201211268337e+00
1.474053049937744886e+00
1.504500276296874883e+00
1.554538589914758573e+00
1.532332797869350838e+00
1.488260194625518951e+00
1.492023835033042589e+00
1.470138135365976373e+00
1.469166017578180883e+00
1.487742107262746138e+00
1.500267770354959840e+00
1.505576187605916827e+00
1.519084270601877451e+00
1.530420200544002851e+00
1.507863565041267506e+00
1.483282402942374345e+00
1.477181000769397956e+00
1.489697676200908871e+00
1.508319848717377898e+00
1.482361580830451331e+00
1.510027472759564837e+00
1.513689120286060508e+00
1.515502161904872969e+00
1.525687629221128772e+00
1.520829754572473158e+00
1.507870988729491213e+00
1.498666446517407325e+00
1.518032542015060660e+00
1.503598810086484550e+00
