6.138612447009248463e-01
9.981375421981560914e-01
1.258751464248208718e+00
1.499951575704078000e+00
1.653860788632119272e+00
1.783952135596508448e+00
1.846407295999817011e+00
1.926676086773034147e+00
1.904505369190367503e+00
1.924651910588924375e+00
1.888579011475950420e+00
1.905855531366707600e+00
1.904813275242458470e+00
1.915262563721228162e+00
1.898962204160040690e+00
1.899887200624314376e+00
1.879260278499558456e+00
1.843072636477737447e+00
1.860349120885722352e+00
1.877839995889496461e+00
1.896029972711234413e+00
1.864518252134730769e+00
1.825931097346511489e+00
1.849036179628953169e+00
1.869985504603542958e+00
1.893069036190375476e+00
1.887616732067912473e+00
1.868472781970266006e+00
1.874254382284142872e+00
1.885739011404883092e+00
1.896129604094434207e+00
1.904761600134741606e+00
1.930024033978550602e+00
1.951853131696554833e+00
1.963975822468096544e+00
1.919421478945836812e+00
1.893710773503061828e+00
1.856931788447198750e+00
1.868612074794325784e+00
1.863765335860094519e+00
1.866353057214581224e+00
1.896704369889541164e+00
1.889337184825460092e+00
1.856190332823477229e+00
1.850310103189299227e+00
1.861375322493822315e+00
1.865149478887859313e+00
1.860122181108038397e+00
1.907723369149676884e+00
1.918466154223080311e+00
1.923736389544525860e+00
1.864800098322384247e+00
1.871369202515679175e+00
1.885675332766738821e+00
1.880974463222699899e+00
1.912198443184438545e+00
1.928790694527810601e+00
1.891096258774189964e+00
1.867324746012467784e+00
1.863701669705965180e+00
1.875694727462531075e+00
1.891355416758104591e+00
1.892780127589468453e+00
1.875720493255280674e+00
1.883227709997679078e+00
1.901171205477929727e+00
1.910203270913036322e+00
1.883206929755218306e+00
1.871725420210294644e+00
1.876166403506304592e+00
1.878615935664904368e+00
1.874987399526988563e+00
1.869898457341213849e+00
1.869791251833569090e+00
1.845343172039948909e+00
1.863689584643533959e+00
1.875991533602507255e+00
1.868100683211225688e+00
1.877748274213765001e+00
1.857691617908001636e+00
1.862828943263534098e+00
1.866529778256460714e+00
1.855372766429205234e+00
1.865814571149786438e+00
1.866983829155323793e+00
1.848534357930035510e+00
1.824001360742996347e+00
1.802603362201139259e+00
1.812249479210327863e+00
1.821446993247949342e+00
1.858172080621463884e+00
1.838876237036045858e+00
1.853491806921821805e+00
1.819189223243663278e+00
1.797062533408603890e+00
1.812440066655867321e+00
1.856624925394416037e+00
1.862467333549550741e+00
1.882653748678456251e+00
1.859406602431067590e+00
1.829559896654435969e+00
1.814214880663630236e+00
1.813302153341916689e+00
1.810862789484479318e+00
1.810627636967526932e+00
1.807541271245185266e+00
1.824073159994500370e+00
1.800363293212483562e+00
1.817440259880373832e+00
1.812007454282067442e+00
1.863286059404977379e+00
1.854897567953097237e+00
1.812586299506737220e+00
1.786508775782724490e+00
1.829486405461067333e+00
1.829368462022850084e+00
1.855035937607296015e+00
1.846594042362097232e+00
1.875653680958584424e+00
1.873892992297849558e+00
1.893945550546980217e+00
1.882066109211110616e+00
1.859007551936604274e+00
1.845331586430631887e+00
1.811670844053817619e+00
1.781168649855449093e+00
1.765926650449049173e+00
1.741474576588270651e+00
1.757310197419381215e+00
1.757031844763917938e+00
1.784133909172979537e+00
1.814580627251271228e+00
1.848002842242659982e+00
1.871139859852332998e+00
1.876016345154156717e+00
1.850673112900198092e+00
1.845720245015337824e+00
1.861731224406768970e+00
1.823878432587869858e+00
1.795429521688073571e+00
1.787461277202034182e+00
1.758946003009239201e+00
1.746850672197697962e+00
1.734901700383128187e+00
1.775723152240512803e+00
1.838440799472059739e+00
1.865654324294518274e+00
1.859667186196691135e+00
1.833850722558153512e+00
1.815053211439173531e+00
1.856433880315474738e+00
1.867985623207332413e+00
1.877570910461465292e+00
1.853474033252352271e+00
1.880509629146924322e+00
1.836467676566625906e+00
1.833916328827718045e+00
1.803678939750654964e+00
1.802721908101034831e+00
1.756217124606832547e+00
1.730044695161536916e+00
1.739851353407341872e+00
1.756954823529927046e+00
1.726291760906087713e+00
1.741985604597312109e+00
1.747048613202056400e+00
1.752259475323558524e+00
1.755004565117009196e+00
1.770001521998729732e+00
1.757159509483544380e+00
1.750326023569585443e+00
1.756434559831350883e+00
1.772287900965345830e+00
1.779078944778417881e+00
1.800419940336103197e+00
1.791951756364364545e+00
1.760088445889326225e+00
1.736200996415178999e+00
1.746789246430276776e+00
1.740262117262817654e+00
1.763209622422225120e+00
1.745515227548737336e+00
1.751289709197212163e+00
1.731718942584009158e+00
1.752726862436417843e+00
1.728356147646408436e+00
1.753119490993509944e+00
1.759390334641085296e+00
1.783044799150243609e+00
1.736884502752932269e+00
1.766923314099928755e+00
1.779414712079554928e+00
1.783721816497667589e+00
1.800335203178168531e+00
1.814159144951142721e+00
1.788506167972463423e+00
1.794075204674370871e+00
1.779403849092632051e+00
1.747708446031726703e+00
