6.277186166311125026e-01
9.097585891722801410e-01
1.120473151128226430e+00
1.345729358067848436e+00
1.515307469095878545e+00
1.604785154751051879e+00
1.640774969851883203e+00
1.679002022644052738e+00
1.675979318929133877e+00
1.711529273586484434e+00
1.704252104389074374e+00
1.698337285070286473e+00
1.671656377957929207e+00
1.668503623006116765e+00
1.662632291765383297e+00
1.652629883850940340e+00
1.670231462590238358e+00
1.684793371197941703e+00
1.658586408558270442e+00
1.655283746455293636e+00
1.645919017776722448e+00
1.677087419760128428e+00
1.678353413100717617e+00
1.675009392251265883e+00
1.666619276990156884e+00
1.684566841582842533e+00
1.679681900381749138e+00
1.676178829962563510e+00
1.656549024258444636e+00
1.660201573586537194e+00
1.677933447367185860e+00
1.675140080592599112e+00
1.665712380658760372e+00
1.674519561421143887e+00
1.694295124078647907e+00
1.665945056516418887e+00
1.644727174294331462e+00
1.633730751452547425e+00
1.613163990818009541e+00
1.644902631920141411e+00
1.669660315783122906e+00
1.672511510831421688e+00
1.650023177699646126e+00
1.634097300985335455e+00
1.682266963240275359e+00
1.688172405720953062e+00
1.716749060153216710e+00
1.699775865438517108e+00
1.694700375708056317e+00
1.685860859911748388e+00
1.682468312095935614e+00
1.672306003060589630e+00
1.655344495609353261e+00
1.635823380658579573e+00
1.645131003530473368e+00
1.631730358663015856e+00
1.634904672652490287e+00
1.621092551393001457e+00
1.624978134394850837e+00
1.632775268168112248e+00
1.651563220180306546e+00
1.661540563776735757e+00
1.667550208388777211e+00
1.659529310283529346e+00
1.642805696202277899e+00
1.654077403096978482e+00
1.651327414841986307e+00
1.693106193834646556e+00
1.706917544756469285e+00
1.677919820624812486e+00
1.666522900824257025e+00
1.652405643833267046e+00
1.633771210320493328e+00
1.592806241104015585e+00
1.603511948899247974e+00
1.624724919588789840e+00
1.629715213958716324e+00
1.630372410240116920e+00
1.643584726898181358e+00
1.674264402444874511e+00
1.657243536013310869e+00
1.603985253058683336e+00
1.607819438342030782e+00
1.600179601776830829e+00
1.620704802809591394e+00
1.622788470962743368e+00
1.614090971088788073e+00
1.616237788118962015e+00
1.601627557601029261e+00
1.596011294158684368e+00
1.604504154557924389e+00
1.603233289965040775e+00
1.617171715072083904e+00
1.633565105295444297e+00
1.622132550695819297e+00
1.619700413971116637e+00
1.611582744913521825e+00
1.615815127614851354e+00
1.647739427463904560e+00
1.674491073429011934e+00
1.659164843546881318e+00
1.630274716043710992e+00
1.639629865725999336e+00
1.641572522176153459e+00
1.641077776067456861e+00
1.608442978468178630e+00
1.588846528579917150e+00
1.592072618330686584e+00
1.582953461155592878e+00
1.599605720322639923e+00
1.602515465872188738e+00
1.635953678111398801e+00
1.630094713802561213e+00
1.625130039120028291e+00
1.645194694186822515e+00
1.616078933585700650e+00
1.609092438583031415e+00
1.584100635798721735e+00
1.601209949507941044e+00
1.616550768744538402e+00
1.632333600426551179e+00
1.603170526464979151e+00
1.580555241944113565e+00
1.567336644725244588e+00
1.613893043662403048e+00
1.641607091440153932e+00
1.631257173316818854e+00
1.594568333610845157e+00
1.586433183982396411e+00
1.588813596329999189e+00
1.617211025483878073e+00
1.639461939063660445e+00
1.661274499185414699e+00
1.660040104263188043e+00
1.643525567523722808e+00
1.627011423985094352e+00
1.613623259096155227e+00
1.620142725035392806e+00
1.630498535842659136e+00
1.600149599657390231e+00
1.583031346793456473e+00
1.586085521162079015e+00
1.590411089201729578e+00
1.602771266209238599e+00
1.570768978646867264e+00
1.561833945095269849e+00
1.575166152826572574e+00
1.618264978417831568e+00
1.658350609727616831e+00
1.657811159411936464e+00
1.626905922137218630e+00
1.582062353524342768e+00
1.620747576605148899e+00
1.610515148595000001e+00
1.609416704325367542e+00
1.620138036123228265e+00
1.625466124768304876e+00
1.625325009054613190e+00
1.644582102001747037e+00
1.649606787239372485e+00
1.623624762437742231e+00
1.632554255448372960e+00
1.625265744607842899e+00
1.592921253307661988e+00
1.576709680350136367e+00
1.593018419433538835e+00
1.594055324490055270e+00
1.618374002538479406e+00
1.599548924181302567e+00
1.597289850477682238e+00
1.609896293484385232e+00
1.612658800217326993e+00
1.605611633397867388e+00
1.574990329949734535e+00
1.568798586370292680e+00
1.572319974529720943e+00
1.551689480075908234e+00
1.561156117897815054e+00
1.576978068024174728e+00
1.595891300870310836e+00
1.604568708260807108e+00
1.584517625554169529e+00
1.577831472456079798e+00
1.537807612966919368e+00
1.521239786127115856e+00
1.545400676441081922e+00
1.553088237564306917e+00
1.557269621037404406e+00
1.573873779013972740e+00
1.570490261411621846e+00
1.567244310822935693e+00
1.548944357097893576e+00
1.559916500956265661e+00
1.573711768601674388e+00
1.582105643064660727e+00
1.583813999692247121e+00
1.589234092607104909e+00
1.582278603912658399e+00
1.589616145825021087e+00
