6.161267347204913980e-01
9.025334276028620373e-01
1.082775046686764275e+00
1.361903747985084179e+00
1.494281609708162595e+00
1.634546715385589932e+00
1.707766683411944708e+00
1.741423763569505789e+00
1.736481429791456144e+00
1.753355171630476272e+00
1.738546475571861816e+00
1.730317019955868174e+00
1.690929732770864558e+00
1.688286658684703845e+00
1.716516023677564062e+00
1.715788246888149793e+00
1.705370546597829717e+00
1.695933475669607171e+00
1.680956295804269862e+00
1.665459549398131234e+00
1.678207582893554539e+00
1.720976773242419489e+00
1.718410104771922908e+00
1.711887428799945265e+00
1.688247489043380734e+00
1.670424158640267276e+00
1.697122053788017837e+00
1.718485168226848936e+00
1.720457713902236563e+00
1.761714583436001513e+00
1.765343638850891628e+00
1.745240367217020028e+00
1.722108965317880713e+00
1.692638497666510311e+00
1.679612691524429380e+00
1.647879833316495013e+00
1.655619497007103869e+00
1.659930613801716692e+00
1.664414737574353653e+00
1.735035448221670329e+00
1.747362504349200929e+00
1.722003720211050526e+00
1.730997129686363989e+00
1.707991443685462185e+00
1.668950167560032449e+00
1.653827987181983428e+00
1.652917253225245187e+00
1.680199046617964376e+00
1.732218343168092645e+00
1.733587584846380869e+00
1.699672101782244926e+00
1.680740469046558383e+00
1.671607019107810288e+00
1.660951380393610899e+00
1.674590426780012242e+00
1.676951598806689425e+00
1.664178899931020528e+00
1.633522914961973438e+00
1.627191833673660160e+00
1.664090987679120115e+00
1.663601761199967832e+00
1.664560242880299024e+00
1.663203426792405404e+00
1.667536676004526708e+00
1.673475284220210080e+00
1.680579874060085244e+00
1.663090981195633145e+00
1.664543314578571520e+00
1.643171842024619078e+00
1.634175636820151212e+00
1.640182603377814408e+00
1.632025459207617102e+00
1.627455104269477593e+00
1.652425440796359668e+00
1.639906779431000272e+00
1.690919654498839408e+00
1.696488789901588801e+00
1.709839211418062499e+00
1.726853971100430929e+00
1.730573591536179512e+00
1.718023331194383996e+00
1.727861973392592176e+00
1.719164793518063394e+00
1.716843880592565430e+00
1.712552609927405101e+00
1.696453067459151587e+00
1.685668356170981985e+00
1.678034546378637026e+00
1.672318818299745269e+00
1.677459937492288500e+00
1.681468235681956358e+00
1.681533673579808319e+00
1.682988670689806288e+00
1.674472733640207656e+00
1.658907421811286254e+00
1.679952708986118148e+00
1.650451291035799573e+00
1.637935326125169899e+00
1.646043516846090737e+00
1.653035945209139213e+00
1.652581309228683626e+00
1.663594302407984671e+00
1.673510313710491415e+00
1.699066062778133102e+00
1.701287366861122363e+00
1.693393938110422381e+00
1.659284446808022562e+00
1.661541464849529026e+00
1.637030751620681679e+00
1.625682400968312846e+00
1.628652390952668672e+00
1.653774589336661549e+00
1.622209366787851437e+00
1.625289451662642159e+00
1.666119359379627962e+00
1.684735523464342410e+00
1.686129565386198959e+00
1.690880536748446739e+00
1.695757540680361553e+00
1.671575496379356318e+00
1.649687119582218031e+00
1.613672008089013898e+00
1.603182464948922581e+00
1.614596087770108435e+00
1.608133229181129886e+00
1.585225122822218946e+00
1.579538642404076487e+00
1.597717315003765792e+00
1.615313911053175122e+00
1.639578479372125530e+00
1.673630812711967009e+00
1.657273165063145592e+00
1.645103534103473208e+00
1.647226808877104487e+00
1.648827931351599663e+00
1.647284301961538411e+00
1.641393945188833303e+00
1.672143082704768080e+00
1.695324815712836442e+00
1.716592126928908613e+00
1.701059086034154566e+00
1.647768743008644732e+00
1.615831142149451116e+00
1.577727329086005215e+00
1.572568131632825938e+00
1.582778106028858822e+00
1.598416784039398575e+00
1.610430250284083264e+00
1.615999040129961761e+00
1.606653531512109101e+00
1.611106543019187320e+00
1.630086847230978186e+00
1.633996860706084853e+00
1.671397062456513316e+00
1.670535021309731638e+00
1.686240130279646587e+00
1.700916581620033119e+00
1.681890197713159507e+00
1.672878202250707380e+00
1.651864794144040749e+00
1.656956162686750833e+00
1.646342379743727768e+00
1.657424015044901555e+00
1.639775080727015499e+00
1.616866512638275521e+00
1.613958171161446575e+00
1.604965830857206344e+00
1.600773084478955166e+00
1.613171717513685710e+00
1.588863145277952693e+00
1.601411486812845730e+00
1.580142933006085659e+00
1.610308075598166688e+00
1.602582390784773603e+00
1.615911387111731434e+00
1.632853198880240386e+00
1.620084483456207147e+00
1.623471284652520330e+00
1.617481122400284521e+00
1.599790582038576048e+00
1.627663569301781576e+00
1.624917164001584036e+00
1.598282893056471643e+00
1.569676598057621719e+00
1.592624585881426968e+00
1.588799860944600795e+00
1.589431512106596722e+00
1.585901353296711003e+00
1.601794385333640269e+00
1.598351719560619832e+00
1.586520995283789537e+00
1.558276083647504029e+00
1.578958607571708361e+00
1.593519603672675977e+00
1.618035058512802271e+00
1.596113879830920457e+00
1.614508085604512644e+00
1.624495525445723842e+00
1.616488076761718462e+00
