6.764675410235553299e-01
1.003870070304798023e+00
1.188452461865448395e+00
1.489544546130058489e+00
1.632798189107219855e+00
1.757030635820153508e+00
1.803258205524220559e+00
1.802917202108686112e+00
1.840991260457110812e+00
1.821849316614522207e+00
1.774668783958356588e+00
1.778412480904794979e+00
1.793570607065039901e+00
1.811849066777959427e+00
1.801810264209955825e+00
1.812581590704818835e+00
1.808668215175233129e+00
1.819584711654024467e+00
1.810431893348296573e+00
1.805941459236833246e+00
1.813576652901454755e+00
1.808025362683501891e+00
1.810066408922010428e+00
1.818385572282590790e+00
1.815917854118733077e+00
1.789227010821597519e+00
1.770412222813555703e+00
1.750831665290287553e+00
1.734961165622303625e+00
1.744292853876729277e+00
1.777051770053889479e+00
1.806129541547594863e+00
1.831165337968904794e+00
1.840544768896586580e+00
1.821059628363144833e+00
1.812141181172281401e+00
1.822900657803121938e+00
1.828687821729203966e+00
1.829395202088254679e+00
1.830746395168274532e+00
1.819647434085297277e+00
1.778959162274170280e+00
1.760374447158525868e+00
1.753761987804623113e+00
1.766641225208082533e+00
1.790220604123054837e+00
1.765845423165789629e+00
1.736816353800609614e+00
1.746379496014672128e+00
1.772628661180928988e+00
1.763030311088295221e+00
1.765490793540666292e+00
1.772270028236492712e+00
1.799500906144878565e+00
1.813844971991823263e+00
1.802115905200755597e+00
1.790558843603689221e+00
1.779276452979944523e+00
1.813256000586002781e+00
1.818897981637237482e+00
1.809459346521885337e+00
1.788136492532735655e+00
1.781570716018120226e+00
1.806377108558499422e+00
1.808327651391810065e+00
1.832619292611493700e+00
1.844278612513972737e+00
1.837104574232585330e+00
1.819424928210372272e+00
1.805936965622404466e+00
1.752373866471162556e+00
1.719651240772092304e+00
1.728934679634834160e+00
1.755521375579685905e+00
1.772544049150883483e+00
1.764574138431924455e+00
1.741915723810544936e+00
1.729215821574525913e+00
1.728972353222215208e+00
1.747406472009904954e+00
1.776645048544463590e+00
1.793630198865418190e+00
1.799003491919016762e+00
1.856498672657501237e+00
1.839899174265127835e+00
1.830235822931522760e+00
1.832457690639809789e+00
1.852043348121398925e+00
1.817932903534006162e+00
1.813142545715573428e+00
1.755395334757392289e+00
1.764292932123038060e+00
1.772570426024387524e+00
1.777876182518709713e+00
1.753655454164886551e+00
1.761730282487989907e+00
1.768749837151537552e+00
1.721269477638604384e+00
1.699414270270815930e+00
1.700637970403341193e+00
1.694643209555289021e+00
1.706631594833331489e+00
1.717800729161115925e+00
1.736400769047199644e+00
1.718507006947575411e+00
1.710824923464880021e+00
1.683246232649096674e+00
1.697940983866654596e+00
1.704685933084049365e+00
1.699673225998521442e+00
1.710240203474514997e+00
1.728373255676555864e+00
1.731848613910568657e+00
1.742524988017446930e+00
1.730924395683587358e+00
1.726107306525246798e+00
1.705396660641715689e+00
1.706732473730370403e+00
1.720464408965533432e+00
1.711507691838044076e+00
1.708166613237462439e+00
1.722776228091043693e+00
1.709154215943484711e+00
1.709182415329785876e+00
1.707822645874522260e+00
1.709307830973772369e+00
1.728880532992935315e+00
1.718846435786964832e+00
1.701679493741479421e+00
1.702775209068381645e+00
1.710087398139116033e+00
1.744367653600607637e+00
1.723462043391040810e+00
1.715496726942404626e+00
1.695813222635019990e+00
1.714427121818438815e+00
1.682590494691170502e+00
1.683683696136429209e+00
1.705780033827374753e+00
1.708968385930659917e+00
1.711373044023430490e+00
1.717757846015001366e+00
1.714711626680777368e+00
1.695860691637020690e+00
1.715287681022283683e+00
1.726046722877000006e+00
1.745034837744615652e+00
1.733644694413142506e+00
1.727877635540167933e+00
1.718229116884802954e+00
1.715078718700241200e+00
1.705917667793717118e+00
1.696877565112531849e+00
1.684639661675915168e+00
1.686870967380946329e+00
1.694653852424512053e+00
1.690633967402191518e+00
1.709107445871707265e+00
1.716869668736025201e+00
1.725541327972539785e+00
1.699999805659048846e+00
1.696043278851220526e+00
1.709410058597883530e+00
1.728853839392868741e+00
1.730508618207025950e+00
1.731347241604905385e+00
1.735769653979090776e+00
1.699549977864218686e+00
1.699017529162162088e+00
1.696790048406626727e+00
1.681590677777796916e+00
1.681321554583662392e+00
1.680474125318935474e+00
1.696685397911152027e+00
1.676114419068611694e+00
1.698584076405782239e+00
1.707770645763713624e+00
1.717600322940223023e+00
1.712984562101912189e+00
1.730140172873807503e+00
1.711463243190407102e+00
1.736587245955408587e+00
1.738955678042364283e+00
1.754933921423268650e+00
1.727073380599002617e+00
1.726172302337873221e+00
1.696030339173950408e+00
1.720930443559204104e+00
1.725049069505751209e+00
1.728306761673018110e+00
1.710373886843322033e+00
1.710804821118424579e+00
1.699862739554973468e+00
1.690960107756886766e+00
1.714153453415247608e+00
1.712379350245331500e+00
1.709950518163742217e+00
1.708803117509280378e+00
1.691155106584697476e+00
