5.820212052144460024e-01
9.221143252148965574e-01
1.022405408853087394e+00
1.302046257691826359e+00
1.422466158540504066e+00
1.552100556459715675e+00
1.593077014565891902e+00
1.627471878649733306e+00
1.626937974277169685e+00
1.656928548759665665e+00
1.637833128053348020e+00
1.659277977976984841e+00
1.621586855224894874e+00
1.618050505288133545e+00
1.593306191297034102e+00
1.614246089037249421e+00
1.617955804149158405e+00
1.622305485052956575e+00
1.603869285692409941e+00
1.600368837582269554e+00
1.590072834577233252e+00
1.618257021636596571e+00
1.609686719111834696e+00
1.622669858371556639e+00
1.647697448595994985e+00
1.649873295572516385e+00
1.622850643710771923e+00
1.635606534138617230e+00
1.625730415304430965e+00
1.596017848307799802e+00
1.572437865816164404e+00
1.571349872365884304e+00
1.601438451530257767e+00
1.627211454819809111e+00
1.623741263698327719e+00
1.617401511725176988e+00
1.608647702034842641e+00
1.615429691832726000e+00
1.637179842331904833e+00
1.623785814558946772e+00
1.659152963683188098e+00
1.654969520536988092e+00
1.626421672946551489e+00
1.599035292554015442e+00
1.584497972510029218e+00
1.558937785309609358e+00
1.552418763152746628e+00
1.559639657174749283e+00
1.592758145638229150e+00
1.625772065626711615e+00
1.624851350647705139e+00
1.612887444460338493e+00
1.616431441752424147e+00
1.638538823349400042e+00
1.644631796355863873e+00
1.625850115416722863e+00
1.587804587924236621e+00
1.580076872683304323e+00
1.594114918839284911e+00
1.581106329889844897e+00
1.556758136133392867e+00
1.573461565113333016e+00
1.593600828036769279e+00
1.560691500081217153e+00
1.531537611071860594e+00
1.549864578427011308e+00
1.560325026256756509e+00
1.568059880259320416e+00
1.563922574405624211e+00
1.555076411634320088e+00
1.545706228617353073e+00
1.519818592162687221e+00
1.521779265789256375e+00
1.530863892655391023e+00
1.548903781619245468e+00
1.599606718603421518e+00
1.607523221885519771e+00
1.601864932027908583e+00
1.576027456730426879e+00
1.559920962630745089e+00
1.553197533834455690e+00
1.532092475101834994e+00
1.525637966486746988e+00
1.507059603390210167e+00
1.508570510290309308e+00
1.513029073209777309e+00
1.550705056857776931e+00
1.570514342909633543e+00
1.609649084138614628e+00
1.606815820935022510e+00
1.567726899653544503e+00
1.545955467188989685e+00
1.529873536855070437e+00
1.536003742875362121e+00
1.548538211081488036e+00
1.559690692722241812e+00
1.579465800584993529e+00
1.576539922033177499e+00
1.560262962200143155e+00
1.528577623040501932e+00
1.516068716850193177e+00
1.531701488627678520e+00
1.515190384779373511e+00
1.514321144994106083e+00
1.526950197197743053e+00
1.535265086078891672e+00
1.537727977185136652e+00
1.567885893972627454e+00
1.537555588909891302e+00
1.517492969776614853e+00
1.517183013215095411e+00
1.529875350527904132e+00
1.515280592319323771e+00
1.514105904857342422e+00
1.498325802037194343e+00
1.483605810729003327e+00
1.511029510175656565e+00
1.521105195786978115e+00
1.513003743352984154e+00
1.506904455694656475e+00
1.501604578760164843e+00
1.512922764682320231e+00
1.532489845596716416e+00
1.550562785684806766e+00
1.547398698227302472e+00
1.528922391152020444e+00
1.507774982304611378e+00
1.497006435033470417e+00
1.507416321225603761e+00
1.494190194411102013e+00
1.483855242839051902e+00
1.497408864019325048e+00
1.505810698676971704e+00
1.533351894363595758e+00
1.524383152979878586e+00
1.510132920071685092e+00
1.496653403902016066e+00
1.505041795088661649e+00
1.517126107878692842e+00
1.534562514144379719e+00
1.536362691127139746e+00
1.515887568943077079e+00
1.518394999450751071e+00
1.546646096155480432e+00
1.545830936702203173e+00
1.535959959900914162e+00
1.518431445711685868e+00
1.518006243775712916e+00
1.515409777652313217e+00
1.511870035717465921e+00
1.515160977057945724e+00
1.527562238585691734e+00
1.481252008329157821e+00
1.481797752706009108e+00
1.503665422353730241e+00
1.517531066987608757e+00
1.523025565803921566e+00
1.531776822273090755e+00
1.508803768469615614e+00
1.503294856883874431e+00
1.472772986194933464e+00
1.466800030719763281e+00
1.472193169532928003e+00
1.482698105178876791e+00
1.507163133392680709e+00
1.535156442106361485e+00
1.517100682974919623e+00
1.516344933683533958e+00
1.528291906831791280e+00
1.509852133361986315e+00
1.502163119959128545e+00
1.474802192913858390e+00
1.465139844760322330e+00
1.489208157078672379e+00
1.506232793574591389e+00
1.489766419343666604e+00
1.514161343584046415e+00
1.514424370376812767e+00
1.518725898895466164e+00
1.511067431329366162e+00
1.505017503747093865e+00
1.475446186287177275e+00
1.475770114995928806e+00
1.494933143718431667e+00
1.518286124785414692e+00
1.506520960773399143e+00
1.510162434206954618e+00
1.512466089476028674e+00
1.503712011157410711e+00
1.501818870050626309e+00
1.523327328413543569e+00
1.500112480647572299e+00
1.504219495747513680e+00
1.498700128663434716e+00
1.490547132903334626e+00
1.497311158119405627e+00
1.502371326403688867e+00
1.479991920130144578e+00
1.503978113967694208e+00
