6.347379723224858550e-01
9.095430128713660745e-01
1.114952271556131524e+00
1.365815935817588089e+00
1.496489584157618014e+00
1.588703174616844516e+00
1.645910165388672519e+00
1.702092279598547808e+00
1.709436773147282373e+00
1.716586143672490739e+00
1.716737870477971217e+00
1.720370218225210079e+00
1.715266152642135999e+00
1.719452018539699978e+00
1.698440305976509190e+00
1.685045147771075502e+00
1.682230497963451699e+00
1.681598648022106124e+00
1.657909288850128116e+00
1.638697541647533784e+00
1.636757880522502706e+00
1.654848208521526143e+00
1.705748082350156070e+00
1.722923388526833355e+00
1.691630583757971262e+00
1.645898186446068667e+00
1.657910879738451415e+00
1.681980783747619279e+00
1.679823120071820552e+00
1.674382006447834970e+00
1.674956522287737615e+00
1.670775566408826629e+00
1.668417719154181356e+00
1.655459270733951493e+00
1.631968980640913669e+00
1.641279361090080435e+00
1.660815669879592393e+00
1.651829261869573795e+00
1.651171761778314373e+00
1.640158350025525236e+00
1.628216746925428504e+00
1.626624243130593506e+00
1.651204782680770533e+00
1.659783740505608396e+00
1.670328993439022636e+00
1.668025714553331484e+00
1.669196683794920366e+00
1.661735165557742588e+00
1.649421702732043471e+00
1.653926369108206229e+00
1.689521252030763421e+00
1.698082652446643026e+00
1.679213792148976259e+00
1.640639164729937427e+00
1.657285068410206286e+00
1.660930688882761075e+00
1.672461202803324110e+00
1.676109897047903141e+00
1.700275768453360481e+00
1.691448779881941089e+00
1.667075564978200974e+00
1.664324117820333626e+00
1.628398365015207183e+00
1.618898513496320080e+00
1.624753870664940036e+00
1.617710690731451129e+00
1.629510079052931770e+00
1.616364427763000045e+00
1.628263776484136116e+00
1.632476932123093416e+00
1.638804235248218610e+00
1.639300447471182975e+00
1.632374377357623585e+00
1.628466062690385296e+00
1.635705205904174342e+00
1.620700302314430408e+00
1.619600417475950627e+00
1.620040407776832669e+00
1.628020518935108019e+00
1.624478687314204750e+00
1.605722400605262834e+00
1.574703391376591544e+00
1.585881593316163185e+00
1.588922509274759198e+00
1.640518920354567589e+00
1.644543236727137536e+00
1.650172913562904631e+00
1.638170214343037223e+00
1.609217653189793484e+00
1.605867823050926679e+00
1.619543040254485700e+00
1.579446255640707175e+00
1.559243372023426444e+00
1.577767635702134630e+00
1.588752880302774617e+00
1.606833784399650522e+00
1.605449270428052744e+00
1.588941492680233436e+00
1.590760065800862044e+00
1.586670556045953973e+00
1.592795666573048052e+00
1.568221505939014770e+00
1.581946657627916863e+00
1.583198829293622545e+00
1.579236671348955845e+00
1.575706725584257173e+00
1.613787687906449886e+00
1.602056042666071489e+00
1.615903739354782598e+00
1.598682824031558702e+00
1.621890825781200807e+00
1.617502267886202327e+00
1.642901050082903991e+00
1.618140051937810187e+00
1.605508457703302749e+00
1.581662546290927507e+00
1.580206169649463144e+00
1.593101433036586023e+00
1.618221571291031280e+00
1.614730725422784285e+00
1.604114567754939769e+00
1.609453916909159288e+00
1.644843647722377122e+00
1.672665010429978061e+00
1.658967625536277080e+00
1.623523700529071689e+00
1.603846172913510948e+00
1.599670123419188794e+00
1.594723996624979323e+00
1.595890170196542224e+00
1.597439413413673792e+00
1.606988600260644606e+00
1.633171302322272478e+00
1.651984794381129662e+00
1.647498337317094386e+00
1.614174658369383009e+00
1.599306370312968406e+00
1.573742565466428989e+00
1.583566211461096884e+00
1.562196925758387200e+00
1.602236428019924608e+00
1.610188694264623743e+00
1.616969406228180972e+00
1.610749874771911783e+00
1.626764054049806507e+00
1.604754032768660243e+00
1.593217293400641665e+00
1.608939851312110481e+00
1.628112185120952127e+00
1.610926625276441149e+00
1.574884195714504331e+00
1.556885802042402567e+00
1.598439064452165104e+00
1.586674451503076844e+00
1.591037278911910713e+00
1.588585487903443116e+00
1.568000558172893077e+00
1.558182141932600073e+00
1.573852325848819289e+00
1.572274335245282817e+00
1.585400437026680542e+00
1.577770540647795094e+00
1.596204165528539054e+00
1.589259597728692297e+00
1.570213261177176856e+00
1.556668406118897341e+00
1.543509462879533167e+00
1.572435660518405109e+00
1.597145783199442004e+00
1.583862281562839591e+00
1.573160803697498888e+00
1.557903150150692584e+00
1.583776650327862967e+00
1.586106786494686505e+00
1.588973088476060003e+00
1.603125909504786062e+00
1.611659390923211532e+00
1.600356309347679362e+00
1.609684466984886875e+00
1.608254955149127419e+00
1.595168393408219254e+00
1.591278473340029143e+00
1.616489821238854541e+00
1.613221345030192877e+00
1.613313029075364335e+00
1.587382350401917108e+00
1.554010935957605311e+00
1.551548335812276136e+00
1.579263634795572857e+00
1.591849222169880340e+00
1.573299386772079256e+00
1.594174656392911782e+00
1.593558642605752640e+00
1.584738655578804334e+00
1.573699103802601806e+00
1.576827140435912655e+00
1.611311986152913489e+00
1.611587095078844900e+00
1.585867744504028787e+00
