6.631586237903207559e-01
9.562660629452462979e-01
1.137802093909956014e+00
1.394961036042674740e+00
1.536736829859513653e+00
1.689325164398325585e+00
1.727354774108034841e+00
1.748514970666839030e+00
1.735482991994429458e+00
1.716778295906153939e+00
1.721176483758347642e+00
1.718585383651519694e+00
1.718708403981773714e+00
1.748235974856243935e+00
1.763014077854270667e+00
1.705774107201967205e+00
1.717668842168840415e+00
1.724388441817312101e+00
1.713442198323569921e+00
1.705708053628033571e+00
1.744702528649374695e+00
1.757118336814914805e+00
1.785672425426602317e+00
1.784033759628957272e+00
1.775772640991757134e+00
1.721422202945503299e+00
1.740706659652503818e+00
1.740901531159777749e+00
1.773116449722160093e+00
1.751792412533429877e+00
1.740039226712286613e+00
1.729550191822283978e+00
1.767472217273914348e+00
1.789962666999101337e+00
1.792871141483127984e+00
1.787191285409867270e+00
1.775268079587988934e+00
1.721041664783022673e+00
1.686492168685169712e+00
1.705169478742105227e+00
1.728653369884862734e+00
1.720484841263417053e+00
1.729542949926177853e+00
1.739858034166282819e+00
1.714366510027292456e+00
1.672738793109518785e+00
1.641429334848452326e+00
1.667023631716060716e+00
1.701503141347881831e+00
1.712680333826773094e+00
1.722063531212956633e+00
1.722897031437512050e+00
1.724412671797483032e+00
1.751734560653436468e+00
1.769356481393206781e+00
1.766124693229637055e+00
1.740997074724344396e+00
1.707245044205755180e+00
1.677457639215688801e+00
1.663455561210686273e+00
1.684526895173974470e+00
1.710340016974511101e+00
1.757532409871528589e+00
1.748306257279719222e+00
1.787702553217239032e+00
1.759631235611418987e+00
1.731795742343967826e+00
1.688418382397966822e+00
1.675265477324450636e+00
1.663013545433274176e+00
1.660656948304973790e+00
1.638568660006176181e+00
1.652394872334487008e+00
1.668251254640954695e+00
1.698130161544079142e+00
1.695381632123306836e+00
1.679243131269776201e+00
1.666114411306141241e+00
1.689453924159999731e+00
1.697593338381587769e+00
1.707106310911754576e+00
1.733178492038670582e+00
1.737246510789539178e+00
1.702109948698532049e+00
1.682971739103586328e+00
1.640601320551048126e+00
1.638060823170468305e+00
1.617116375118279104e+00
1.632696687901615817e+00
1.637922950900682073e+00
1.665071889191095389e+00
1.667412790473005169e+00
1.688890721296294251e+00
1.700445320320454368e+00
1.743517033946667238e+00
1.746735150393724956e+00
1.760635624801832222e+00
1.730219248130423715e+00
1.732444544074083881e+00
1.708637475806848993e+00
1.706014404021815700e+00
1.672032639788288089e+00
1.702975680761659172e+00
1.693380702790899139e+00
1.681680052473660814e+00
1.647411302797908261e+00
1.658385993854925022e+00
1.668587223765091387e+00
1.703633106417107523e+00
1.686217368056391219e+00
1.681980534732727017e+00
1.673602683563762294e+00
1.660385194318558799e+00
1.646727795394357985e+00
1.647243374081113432e+00
1.632902171543302972e+00
1.650620556356604540e+00
1.627620197170748462e+00
1.612201146100804117e+00
1.627848505500065324e+00
1.626213226852669891e+00
1.654398382193584593e+00
1.667968765333384562e+00
1.646110639085615057e+00
1.643131467505785759e+00
1.649016110839024885e+00
1.662992792097307326e+00
1.672151761535641379e+00
1.671427867621527952e+00
1.674490014619304246e+00
1.676443421647231258e+00
1.671632152341013366e+00
1.666206829720253690e+00
1.695373112082243949e+00
1.715761373273060997e+00
1.688332039434452314e+00
1.675345077167007535e+00
1.660476524202347814e+00
1.686339686221510981e+00
1.661960751878836406e+00
1.668365328312142015e+00
1.670560416248911162e+00
1.676293566894319076e+00
1.672257106486512157e+00
1.679149665279707770e+00
1.635309740078512375e+00
1.656354219777996795e+00
1.653728684846389685e+00
1.680068408502220390e+00
1.670923830962735224e+00
1.686069983320701127e+00
1.664427454362795489e+00
1.676016045097596940e+00
1.653934848755286957e+00
1.681161594622284872e+00
1.671944201871921276e+00
1.678106941170197208e+00
1.625503676506883988e+00
1.612170856999953328e+00
1.593561887255444232e+00
1.630571246714767941e+00
1.635131579574768734e+00
1.661442538707441630e+00
1.646264881671537061e+00
1.646216984542708150e+00
1.654111050529880389e+00
1.664227558238066784e+00
1.644595002966802388e+00
1.627900870662448041e+00
1.628189345999437876e+00
1.622965093666464353e+00
1.615070889597214565e+00
1.612749815768447004e+00
1.637588839633548510e+00
1.634694991708471656e+00
1.622952918988173066e+00
1.630172061256533578e+00
1.631385693879903620e+00
1.618200631747907403e+00
1.621314813829067170e+00
1.611212981929064592e+00
1.645663112363360048e+00
1.654285877240996072e+00
1.664113388793521997e+00
1.631925318289917604e+00
1.620572006496941997e+00
1.628781377615719617e+00
1.638846408791451381e+00
1.647175173773718804e+00
1.678884382293713173e+00
1.647856689860047519e+00
1.638858780464199860e+00
1.628496828402487440e+00
1.631344460608200819e+00
1.630120409899766143e+00
1.634558017227211391e+00
1.629526760879678848e+00
1.583572112194421511e+00
1.581383010069725481e+00
