6.395420184696225530e-01
9.023174586361631944e-01
1.101894873847998779e+00
1.352529269707850590e+00
1.489881489605194620e+00
1.579934892659786705e+00
1.655606515196516471e+00
1.695204363865811636e+00
1.690028606672992151e+00
1.659963785025766470e+00
1.657045498585578258e+00
1.641004237214811479e+00
1.638221680081315634e+00
1.651124190882483189e+00
1.637458487365379023e+00
1.642366400967623985e+00
1.651891489632132837e+00
1.666639050425325896e+00
1.641243776054360781e+00
1.643423479702143863e+00
1.689574559510847784e+00
1.710379585785508194e+00
1.648805565693295172e+00
1.622747419714444028e+00
1.607100602754181207e+00
1.603619153599304292e+00
1.639954821364281168e+00
1.634464714124348905e+00
1.637163613459370337e+00
1.655482749320999591e+00
1.701857458073825935e+00
1.705793772180837831e+00
1.658425055149826299e+00
1.643821485245305025e+00
1.623959211314337958e+00
1.614347116426977813e+00
1.602285128128841718e+00
1.606897070728231069e+00
1.588906359667737966e+00
1.573055113858272458e+00
1.558897196441027644e+00
1.572331528045227245e+00
1.618483870094271859e+00
1.636367918566225654e+00
1.628669753869513404e+00
1.626594247288874806e+00
1.654637254296273063e+00
1.668110556764847319e+00
1.648396879850088981e+00
1.610307608800623624e+00
1.592045632066376726e+00
1.553229014809045960e+00
1.579097294826706133e+00
1.588149706466659650e+00
1.585033721440666898e+00
1.602358372980502210e+00
1.621928081758476692e+00
1.646508461174960303e+00
1.631063221659054818e+00
1.598182309126620071e+00
1.583034048171754193e+00
1.619851514428539696e+00
1.653411050148827721e+00
1.702722298557791003e+00
1.694653745023341207e+00
1.662909484027166762e+00
1.653054778347863296e+00
1.633442624104437080e+00
1.605695590772046710e+00
1.596104715978462041e+00
1.621067034558249853e+00
1.647314069838078598e+00
1.643763102500850115e+00
1.628274971887707645e+00
1.664638867764045571e+00
1.662931977360051494e+00
1.666667741473230269e+00
1.658181978060851991e+00
1.663839282938743613e+00
1.655979823631860137e+00
1.635896588202105928e+00
1.614084273810687531e+00
1.613233806394249070e+00
1.623888030649307535e+00
1.629092175210534510e+00
1.612705313620741210e+00
1.606282845306112650e+00
1.627482688980925518e+00
1.670635474618742400e+00
1.652021081435822492e+00
1.630649902834908627e+00
1.609806193911557770e+00
1.617417759888525319e+00
1.604704712291000313e+00
1.594196341700355291e+00
1.573861817566728716e+00
1.587545191429173386e+00
1.576382790804162770e+00
1.608366853584215050e+00
1.576416512601043207e+00
1.572945664599028959e+00
1.542757944969662898e+00
1.565927672853724140e+00
1.573683522590968442e+00
1.587984960487437425e+00
1.613749519757838202e+00
1.643426313301564523e+00
1.621727866379980565e+00
1.620828627769741459e+00
1.594376095627620948e+00
1.579132868298322334e+00
1.605809676669244679e+00
1.616228899406001895e+00
1.609395149036761508e+00
1.618773560959479330e+00
1.647870932291520596e+00
1.629503568207498754e+00
1.611240969208919349e+00
1.571612623299884604e+00
1.553210352312309972e+00
1.558161852014383397e+00
1.573492511930344229e+00
1.579656649618043307e+00
1.571674001268597243e+00
1.566232737171787681e+00
1.570392048886582126e+00
1.576434103422165611e+00
1.566265528915514071e+00
1.573624717432028586e+00
1.542763874470950203e+00
1.523105928652542573e+00
1.514393189108433901e+00
1.549814312826976792e+00
1.557760799427652110e+00
1.579829376823396192e+00
1.549826461424897550e+00
1.543801876527232109e+00
1.533806469100217784e+00
1.555688724339935991e+00
1.537927788276140184e+00
1.551231669577341155e+00
1.535890114265987982e+00
1.532273032185685002e+00
1.503322964666169437e+00
1.534349904224137529e+00
1.542281765973615437e+00
1.572081968538017405e+00
1.575452605925316663e+00
1.563734794603669931e+00
1.554909779413508053e+00
1.577426309382984337e+00
1.596208494036852610e+00
1.606359161663358126e+00
1.596771842865868374e+00
1.605637027627613511e+00
1.581412261939647346e+00
1.573373149760985301e+00
1.547269568371026027e+00
1.543965333217463876e+00
1.515094557120244767e+00
1.539070121371536093e+00
1.550917578478856695e+00
1.572198668484815709e+00
1.545049221247859039e+00
1.531911680246950347e+00
1.558455642646747297e+00
1.590368483991466242e+00
1.561466035424497356e+00
1.561431648782480197e+00
1.573806285303282371e+00
1.552263708670565512e+00
1.521627666136055046e+00
1.526820382089428163e+00
1.551803052606348876e+00
1.568052851823985794e+00
1.582548706127924865e+00
1.559392203867043358e+00
1.578375143286154136e+00
1.558060798475778386e+00
1.531658714852396797e+00
1.520835558664274556e+00
1.543944601590155896e+00
1.547707116148412165e+00
1.538691960291600935e+00
1.559426187038886136e+00
1.557926914685815900e+00
1.562410465178394325e+00
1.565041373152700643e+00
1.592914261783172192e+00
1.561883026981853773e+00
1.557112713846219965e+00
1.549977908997906217e+00
1.537744179468066408e+00
1.525862183935533301e+00
1.517607019744683150e+00
1.515537258137044097e+00
1.518437248579689980e+00
1.540626440065008040e+00
1.550765607451710881e+00
