5.141070010862258677e-01
8.848340593955856814e-01
1.113368624308457733e+00
1.378466588742063959e+00
1.540209365029969746e+00
1.689205891493162470e+00
1.738453987809628343e+00
1.756251346813305192e+00
1.760474124578029098e+00
1.765577363227940566e+00
1.769837858681310605e+00
1.813708652700293023e+00
1.821405719042007432e+00
1.795235255342179093e+00
1.768512102049146995e+00
1.751394163258215730e+00
1.779191663495668374e+00
1.798767794446121782e+00
1.802830962658368064e+00
1.799721689521298185e+00
1.800749035191728575e+00
1.786309780633091648e+00
1.782939375633256773e+00
1.801863121657616640e+00
1.779999965590612465e+00
1.770405561794625049e+00
1.765703909270191385e+00
1.790269202893316924e+00
1.768219532506666747e+00
1.772891745410520858e+00
1.798107667669722298e+00
1.826872689736908750e+00
1.814280158986925295e+00
1.767166315869623583e+00
1.749328063503214459e+00
1.755675129457127781e+00
1.767172855275729093e+00
1.760069901502099743e+00
1.735872071154487051e+00
1.756017404422667072e+00
1.781996839190959747e+00
1.827629904250817283e+00
1.844659739098519990e+00
1.810750122199290546e+00
1.785182376548257288e+00
1.764087037094208554e+00
1.783981144249701112e+00
1.771184395506717690e+00
1.758887194141623533e+00
1.733746195984130711e+00
1.717734016680556142e+00
1.723241973021491624e+00
1.752595319439062660e+00
1.768310880383429984e+00
1.771283118317355632e+00
1.773810435865032842e+00
1.763745722239044911e+00
1.752648282500886001e+00
1.776811081408170789e+00
1.785986892224522338e+00
1.785813899464797627e+00
1.781890218307903284e+00
1.774761412062658472e+00
1.747777143518788101e+00
1.746721517339750784e+00
1.759469874574997483e+00
1.776335717619006882e+00
1.767450470739832413e+00
1.764079198390184455e+00
1.776136281983748066e+00
1.767279890234059847e+00
1.708612551993975437e+00
1.740566113491875067e+00
1.754481311960076839e+00
1.779196183310670865e+00
1.794999230291429049e+00
1.819496620099158024e+00
1.803283607298918900e+00
1.784968367021100066e+00
1.740989055606355418e+00
1.727315254439293124e+00
1.741216294052278402e+00
1.775905120016040284e+00
1.768741108642524207e+00
1.791687043746694297e+00
1.772987787656572056e+00
1.820691626688282660e+00
1.808472722284524936e+00
1.789991537679886946e+00
1.749005140299653371e+00
1.739629929606071990e+00
1.724361935912500865e+00
1.731413721105812709e+00
1.690992373187878872e+00
1.704112771284101990e+00
1.699133045758530081e+00
1.714249919513831877e+00
1.713463324660124742e+00
1.701582856319526105e+00
1.741181771299546543e+00
1.738770488800316594e+00
1.700600846785350395e+00
1.665835921065762282e+00
1.659719811621344077e+00
1.661988885052174680e+00
1.645937343775278894e+00
1.680717759642250231e+00
1.707956940516722311e+00
1.711026052100816930e+00
1.674361858290622562e+00
1.660048629087499172e+00
1.638126407047638233e+00
1.676662637172511072e+00
1.714858583398131797e+00
1.720123958909291151e+00
1.702294459781646951e+00
1.687921908196174714e+00
1.681827269990995299e+00
1.690923938498706258e+00
1.669304208715107318e+00
1.663130260319719556e+00
1.684591296908557023e+00
1.696391408233432596e+00
1.704520968006616011e+00
1.701264400096416773e+00
1.717702087350335249e+00
1.721728480659318272e+00
1.713830166559042745e+00
1.710007072342473622e+00
1.695446279798324296e+00
1.674047640282733784e+00
1.668354889997106127e+00
1.692758458411748324e+00
1.700812384871716265e+00
1.681939142136760434e+00
1.654663491558487909e+00
1.653528937855500036e+00
1.655631883493695833e+00
1.658572191721374489e+00
1.665911887272404357e+00
1.655333481588894040e+00
1.663410287369013085e+00
1.664103231094973712e+00
1.673477121664083134e+00
1.698118493928691741e+00
1.692294640680009454e+00
1.684566465988114992e+00
1.674483255993727937e+00
1.702676947011967590e+00
1.683477403484559209e+00
1.672111038618348200e+00
1.659459168268719198e+00
1.659916095041047424e+00
1.667936570199158863e+00
1.662138870274894265e+00
1.632585004909213433e+00
1.637950405266920040e+00
1.666039066591883833e+00
1.710344669865611955e+00
1.717459494285454857e+00
1.653938878337941620e+00
1.637891366727183939e+00
1.668507947664782831e+00
1.672428568079570521e+00
1.705741707942340701e+00
1.703538241193037761e+00
1.689283678888012341e+00
1.664360825138203159e+00
1.644521441375614845e+00
1.639409364793825485e+00
1.662480943174544423e+00
1.652882854747944386e+00
1.640491700748891946e+00
1.649859952118669870e+00
1.682865650285865433e+00
1.699889448653287172e+00
1.671877895710856432e+00
1.674210474142057814e+00
1.684174318865943709e+00
1.686091498863632854e+00
1.705890073480707203e+00
1.702359650206492159e+00
1.707682753176675838e+00
1.695198204941078535e+00
1.683318195309067233e+00
1.667213828651213703e+00
1.637621302369648868e+00
1.644422932297793016e+00
1.653563810512978405e+00
1.668491073419683612e+00
1.678629722650772482e+00
1.674019488021184721e+00
1.625941540592878987e+00
1.621746616960361598e+00
1.625223345555050880e+00
1.635063303751997932e+00
1.647367481491501806e+00
1.674865894858110993e+00
1.669247482825847229e+00
