5.643423620423668741e-01
9.500189589701784065e-01
1.180662896216338353e+00
1.472363329470168569e+00
1.691713390497000313e+00
1.888491988302524405e+00
2.015530243815374156e+00
2.008268641305789526e+00
1.938049491627859000e+00
1.897277628012953965e+00
1.857976312860174284e+00
1.867685677913480502e+00
1.840153663580697430e+00
1.824791048938309235e+00
1.807125883395779509e+00
1.791825716276735259e+00
1.769498188168029840e+00
1.817252693710039946e+00
1.849849216683578046e+00
1.923856639277885083e+00
1.973548264222303672e+00
1.986144876325232511e+00
1.943172276323857917e+00
1.873477146314399322e+00
1.809257488818454052e+00
1.770658250061834638e+00
1.727869936818007490e+00
1.714350294087905624e+00
1.716671978788820274e+00
1.721149815103963254e+00
1.767846518461777316e+00
1.787644970567496383e+00
1.811281630054880187e+00
1.871198813886093104e+00
1.903217131681112173e+00
1.946198847711183122e+00
1.955692535271764232e+00
1.923201752628008077e+00
1.895175595790743017e+00
1.869237302802301270e+00
1.839084016016104162e+00
1.832634829779925312e+00
1.837014577417168892e+00
1.824882053490960221e+00
1.819933468072977290e+00
1.810713267823262473e+00
1.792946723875165960e+00
1.826462037989517562e+00
1.890706330833894278e+00
1.955932999547869588e+00
1.990125461880105195e+00
1.953283103494372508e+00
1.878801705535765976e+00
1.843136003140619428e+00
1.801339098687845253e+00
1.776021711451050367e+00
1.817049905765117712e+00
1.814875470107595534e+00
1.807870300185950185e+00
1.765442318596778914e+00
1.729598968477793708e+00
1.729191914594343071e+00
1.763210167972704134e+00
1.766927543842474746e+00
1.709050335749075833e+00
1.684088251025370742e+00
1.696501723729015865e+00
1.707385971983804707e+00
1.730972317228899771e+00
1.754895403979604751e+00
1.774583947580114396e+00
1.799846294314074280e+00
1.781033740287679246e+00
1.751426600665779931e+00
1.779982699563704918e+00
1.835495977338764018e+00
1.817442485125777774e+00
1.772649696376905615e+00
1.764598392775172941e+00
1.740689930455543655e+00
1.709653474325794953e+00
1.713811067889189355e+00
1.751309062847375086e+00
1.807616136429398779e+00
1.813760303094952731e+00
1.815725268100509160e+00
1.812903545406762573e+00
1.782860042717436810e+00
1.750021017441725002e+00
1.716484559529067644e+00
1.697039890481215840e+00
1.664010389170383020e+00
1.677190619228034807e+00
1.715120095276722267e+00
1.721667345648199232e+00
1.704311028757563795e+00
1.699054451403039900e+00
1.703719486565173025e+00
1.698344937790810194e+00
1.715093493180075868e+00
1.730294236939209584e+00
1.752781792025863261e+00
1.768693934787285649e+00
1.747692374824912465e+00
1.752256814458885037e+00
1.744509542226390320e+00
1.765264382597933279e+00
1.749036123090862871e+00
1.729383163732421291e+00
1.737700998613076697e+00
1.742926991694613736e+00
1.734539364798589167e+00
1.720884278739786444e+00
1.711141725227457888e+00
1.696101184813319618e+00
1.701325773303500322e+00
1.716790630841029230e+00
1.735605631582191943e+00
1.756601747011367509e+00
1.736281060278760169e+00
1.709155201652785339e+00
1.707304439808664531e+00
1.749703624278062808e+00
1.781807668458960547e+00
1.806138476191330611e+00
1.777427956144926213e+00
1.755109259194218119e+00
1.732772154372844708e+00
1.719418311948215594e+00
1.699313304754951792e+00
1.697552606264566499e+00
1.666915707953846582e+00
1.655835869707293684e+00
1.659958358033961190e+00
1.688499822502701253e+00
1.700299417019582204e+00
1.692755072391510351e+00
1.690923128052187252e+00
1.704694171496778932e+00
1.713951105708762634e+00
1.733456572838367071e+00
1.727399754629295847e+00
1.738448465294756273e+00
1.739628708590532868e+00
1.760478785561065074e+00
1.756369811448684315e+00
1.775863696476768228e+00
1.761025917098857141e+00
1.776521690740707093e+00
1.759077208482985988e+00
1.754918300744600090e+00
1.729399133936116773e+00
1.717776528814746406e+00
1.685018866742155952e+00
1.713184389843383837e+00
1.733686334017033648e+00
1.742731893125476716e+00
1.728063036490512738e+00
1.712293078127256729e+00
1.670730125376923780e+00
1.696889297408079589e+00
1.691506979013311485e+00
1.702440736993501069e+00
1.709354534827969063e+00
1.685039851013662382e+00
1.671588729697278009e+00
1.688842485500291257e+00
1.679511459243947069e+00
1.688206224314843240e+00
1.641169703521580203e+00
1.641141265046865527e+00
1.638399626319702485e+00
1.661345661774912275e+00
1.709865458535363203e+00
1.764563362441144978e+00
1.734335445456360647e+00
1.708322712126783882e+00
1.669377237722841079e+00
1.666217446424753224e+00
1.647649099949550333e+00
1.661668195120527436e+00
1.655264607156723189e+00
1.667717863393004762e+00
1.684158368202775424e+00
1.700254329045654433e+00
1.678636351890942180e+00
1.651946364293323866e+00
1.627475818405695662e+00
1.649238719608724368e+00
1.684141585589290946e+00
1.697253296823162838e+00
1.697270116165388920e+00
1.676095035168478686e+00
1.649344624214941879e+00
1.639706929042103134e+00
1.618077977170660375e+00
1.626133758725190281e+00
1.635956894362225356e+00
1.664827351293562963e+00
