6.394005124539311469e-01
9.829510499424410908e-01
1.187837623594510950e+00
1.457998429213432035e+00
1.676549278858552761e+00
1.808229802046130041e+00
1.907531571475870047e+00
1.909461364886094525e+00
1.881492453376536700e+00
1.874312869871520348e+00
1.873359822760815696e+00
1.856313107679517627e+00
1.847902561209468386e+00
1.794641761520035406e+00
1.847076771883023216e+00
1.842977354022196312e+00
1.890145013544124675e+00
1.877646842397106663e+00
1.874848913550138052e+00
1.849563835038592341e+00
1.853746023626899442e+00
1.839336808315561678e+00
1.834907881815304842e+00
1.817808633153110254e+00
1.825387000858922804e+00
1.838074562333344542e+00
1.849474404134311412e+00
1.857828357584779155e+00
1.859420551020156909e+00
1.888323985616213951e+00
1.871795571646184708e+00
1.890920677134089845e+00
1.833543222063527267e+00
1.854081196423769562e+00
1.866399273641682788e+00
1.874704841098008723e+00
1.828056730013921660e+00
1.822543104314206186e+00
1.828488258330077665e+00
1.855222055176786622e+00
1.830380376663521380e+00
1.869285164933463417e+00
1.890174376671851952e+00
1.883438341777068370e+00
1.890992815646989067e+00
1.899244914305222132e+00
1.849923135535401331e+00
1.819007669828061724e+00
1.835692563685969114e+00
1.818676505035795588e+00
1.841024190432797081e+00
1.810458164713665052e+00
1.800241412931070650e+00
1.791105362621504993e+00
1.829423080881265928e+00
1.848520253216234810e+00
1.887909001053915681e+00
1.864782800470490498e+00
1.881822929621076224e+00
1.855659218812621303e+00
1.854563597040397305e+00
1.825422444421405777e+00
1.833322030628929733e+00
1.796497750290985573e+00
1.803953012350709040e+00
1.786383757539373285e+00
1.815619827911810091e+00
1.828538972603436008e+00
1.876704483479510799e+00
1.869467326113754657e+00
1.821222631724211283e+00
1.802223329730241019e+00
1.800576376093592668e+00
1.792083680006156143e+00
1.805489320404216169e+00
1.801250782876020029e+00
1.815762933582057981e+00
1.811731273391924191e+00
1.816601299020008220e+00
1.816140184963999316e+00
1.817449541386039202e+00
1.787034611412633422e+00
1.782847395442004323e+00
1.786102209085778769e+00
1.784327601755999471e+00
1.798914291968606971e+00
1.777705752562316110e+00
1.787276164974290760e+00
1.799511612314399933e+00
1.833851096052602436e+00
1.849186148359416082e+00
1.871972562908895021e+00
1.857699915854448935e+00
1.819120523724275351e+00
1.780767671778901384e+00
1.747620668778213426e+00
1.756667372804171956e+00
1.782994105269961382e+00
1.784656145705662889e+00
1.797671601220375948e+00
1.794044595997376312e+00
1.780837356207656486e+00
1.768470749593254121e+00
1.784697008544922081e+00
1.781406822953119917e+00
1.789965614699686736e+00
1.769634920134555589e+00
1.788962174411446782e+00
1.806728034719995435e+00
1.805419208698137101e+00
1.780207457109007629e+00
1.789355889929078236e+00
1.816440674392508559e+00
1.814552958813531847e+00
1.841311229617683898e+00
1.790234779508424801e+00
1.767388709649730272e+00
1.807647528439289442e+00
1.794229643599963842e+00
1.774340539878486389e+00
1.805589720466021841e+00
1.779004633823422221e+00
1.780479452202041735e+00
1.787850979464757906e+00
1.805737840980661035e+00
1.812351495569409332e+00
1.826494346487299580e+00
1.825481238996994993e+00
1.830353554432263774e+00
1.819530538155615051e+00
1.777591933338321883e+00
1.744553384484552661e+00
1.753769560342592015e+00
1.758813437708127481e+00
1.822527536483402821e+00
1.788757003080536645e+00
1.785564926659460205e+00
1.769253771629885730e+00
1.796804174634774709e+00
1.788910521431080536e+00
1.782527941628617274e+00
1.760767494520426135e+00
1.791735600824782004e+00
1.811241541861099202e+00
1.832880515822961742e+00
1.790038061164198613e+00
1.772366486647423578e+00
1.779801604992344632e+00
1.785817201644948948e+00
1.740855311432376373e+00
1.733410787287218646e+00
1.757732383192402548e+00
1.802309317485492945e+00
1.816834500058729374e+00
1.785267964344123603e+00
1.760395335158344121e+00
1.768091896436889243e+00
1.729193012455380485e+00
1.726088333683558185e+00
1.737157273489161602e+00
1.738631693295865421e+00
1.720785648125154887e+00
1.717667180215894485e+00
1.711986028086804668e+00
1.740771348341120239e+00
1.737646218546498478e+00
1.732723203188360150e+00
1.697433389875109722e+00
1.705025548696980531e+00
1.744984830601959969e+00
1.781015499199647190e+00
1.742509824053820600e+00
1.734565931271926154e+00
1.715564750079780820e+00
1.698427754883677698e+00
1.724678314957419412e+00
1.724956350451625431e+00
1.720096744730937655e+00
1.728802319343737404e+00
1.728552229427975151e+00
1.701148751110807211e+00
1.700604963115772916e+00
1.695314265372446672e+00
1.692450799419428664e+00
1.696978949106425771e+00
1.698342470344054611e+00
1.711700126032707381e+00
1.726501887993888484e+00
1.712823266974580427e+00
1.718365591355094368e+00
1.723033695487083516e+00
1.724285849688735439e+00
1.677903635840502616e+00
1.692220806538736078e+00
1.699303289444952236e+00
1.709330106634778357e+00
1.735840797761796894e+00
1.727341433024237372e+00
1.737851076268879913e+00
