5.723231907977427424e-01
8.689859537575417292e-01
1.100719956844674385e+00
1.362813719719732308e+00
1.473119524261274460e+00
1.612114681203374866e+00
1.652112410428356215e+00
1.654778629865396145e+00
1.633137379060857430e+00
1.662116630395884309e+00
1.637338960676347099e+00
1.663264951865955465e+00
1.599567828916088175e+00
1.599028471734804002e+00
1.569001146831702886e+00
1.598152176396608226e+00
1.597726703950132388e+00
1.595403159033667473e+00
1.554133212424790855e+00
1.589405107498101266e+00
1.564422179011576430e+00
1.576784604937129908e+00
1.548965972916052536e+00
1.596156643324387447e+00
1.601304699705426549e+00
1.631295465518102672e+00
1.631134828946496418e+00
1.656204145325856691e+00
1.619516231742064161e+00
1.599139320612679382e+00
1.566816295072733345e+00
1.574236880950485196e+00
1.555075219909662243e+00
1.575969095807234321e+00
1.577942733121670216e+00
1.608276831000928775e+00
1.592935416796790404e+00
1.614969074078093536e+00
1.611362042473242440e+00
1.646979139936201042e+00
1.640725112486445258e+00
1.638808104284152023e+00
1.611432755294658570e+00
1.609932208500072459e+00
1.590438997331092619e+00
1.595354256545704841e+00
1.593821086158570433e+00
1.601886001135218507e+00
1.600100286205917932e+00
1.583178361270086931e+00
1.566846222794609167e+00
1.605098575733604482e+00
1.606451221469154422e+00
1.629389873517670617e+00
1.622946668481967558e+00
1.624040891068715409e+00
1.605612897754918889e+00
1.613282466203765031e+00
1.601508827203265373e+00
1.602707819170188674e+00
1.563771069645562450e+00
1.563775293231248309e+00
1.532682254830594504e+00
1.557814794284680948e+00
1.528792934440827533e+00
1.516678650691790420e+00
1.524610361874594533e+00
1.563668864141150694e+00
1.549255739612980909e+00
1.557678323538530973e+00
1.571529740073170700e+00
1.582661910602520594e+00
1.594393004651351697e+00
1.626550361627976837e+00
1.637257407347248339e+00
1.614500918022734988e+00
1.584152927893644591e+00
1.587873198777337125e+00
1.610158954530405806e+00
1.613714445304034628e+00
1.601123095595340606e+00
1.606353786288361896e+00
1.594849950326348464e+00
1.564230119614324899e+00
1.566032025854063647e+00
1.574869557340739412e+00
1.548326674201885078e+00
1.540748859624075706e+00
1.540108739144120609e+00
1.561418495484605318e+00
1.594606229277897969e+00
1.614872308647896437e+00
1.626894468796454829e+00
1.619390131030896240e+00
1.597249645133064000e+00
1.616908304296019727e+00
1.599037407965134161e+00
1.577466119306935477e+00
1.585134605097751948e+00
1.596299545108764040e+00
1.564256249037100588e+00
1.564387248896353722e+00
1.554391655911243397e+00
1.568551716481958236e+00
1.544757304814074139e+00
1.553618676233065710e+00
1.531619336290264366e+00
1.527741559692621376e+00
1.522934060265400236e+00
1.532829555607107430e+00
1.510920547699008853e+00
1.531771305971045161e+00
1.551019997953505758e+00
1.602543647466408316e+00
1.568470892427069163e+00
1.539415168423762914e+00
1.522335580068761907e+00
1.546951152371381033e+00
1.544075343057768723e+00
1.541007494240100639e+00
1.532760811700736525e+00
1.579212596658522205e+00
1.558892591686503959e+00
1.585286084437563581e+00
1.566143076030869441e+00
1.554380387855013090e+00
1.531220915793293891e+00
1.531542142298496945e+00
1.537585412930782880e+00
1.545072354900797862e+00
1.539691852383333170e+00
1.543555716098103714e+00
1.526029233404948116e+00
1.534900281363722252e+00
1.546866869746639450e+00
1.555713694930430435e+00
1.524978515417072300e+00
1.517626621912294915e+00
1.554474806774046591e+00
1.559759263031549326e+00
1.553762169227931311e+00
1.582496153283901252e+00
1.565308670146751124e+00
1.562743739812912924e+00
1.520112561988883115e+00
1.529502377028587379e+00
1.536324266380414860e+00
1.544020655448839596e+00
1.543321875435758939e+00
1.556649714766676684e+00
1.557103537612891220e+00
1.602442451157662262e+00
1.565699033072666335e+00
1.546154981755791136e+00
1.512693201365739704e+00
1.520077144227969246e+00
1.508199083457961498e+00
1.519796500414072771e+00
1.522099698201314188e+00
1.535424286281685591e+00
1.534536566716379724e+00
1.536014142025077023e+00
1.549958826066652140e+00
1.564286921722195300e+00
1.536415438391162569e+00
1.555073450093615861e+00
1.529680184639130358e+00
1.516339591904642514e+00
1.521823381655151852e+00
1.567810873231807678e+00
1.554688123731663874e+00
1.593715371935230385e+00
1.589195084006056469e+00
1.583135665311926843e+00
1.550572255941345068e+00
1.541991026569501821e+00
1.530614994464928547e+00
1.547326768324769120e+00
1.532921255900002055e+00
1.555408181547128788e+00
1.535337935102752516e+00
1.523163727420353108e+00
1.513340309726143529e+00
1.538255884570513210e+00
1.537128736526011341e+00
1.544429436201174788e+00
1.543484285897759989e+00
1.572119551710662089e+00
1.558956743564907432e+00
1.540649500022616136e+00
1.533647865482624884e+00
1.551310534535897956e+00
1.549833298999119036e+00
1.548679317655318854e+00
1.557722795037919328e+00
1.570361239728474301e+00
1.538576241891462137e+00
1.548297003363314550e+00
1.577371107922703963e+00
