7.178708505289514985e-01
1.005032809911575509e+00
1.230317812912124165e+00
1.449158956458130421e+00
1.566168095320035203e+00
1.615745265121982799e+00
1.656900058357905214e+00
1.657880204393211043e+00
1.690477873487666871e+00
1.698212490461863844e+00
1.720629439381357928e+00
1.692842620151315147e+00
1.685697376559462946e+00
1.658775737470772782e+00
1.648147662691361148e+00
1.656613785068133948e+00
1.699072227995746420e+00
1.691496157072855722e+00
1.660297476846765985e+00
1.634195781270676662e+00
1.628561616061098727e+00
1.665037803634986657e+00
1.660877213020952148e+00
1.617126492503184521e+00
1.629736969036075900e+00
1.668066184250225348e+00
1.703367491972656023e+00
1.749758869730040800e+00
1.758309750782651060e+00
1.723791744711316909e+00
1.660067723414349716e+00
1.623776983307845700e+00
1.615373448682308810e+00
1.637776093352084406e+00
1.654716850699418096e+00
1.670408281944478546e+00
1.661056882745008734e+00
1.621834900280307190e+00
1.623643141933931444e+00
1.632473969014051285e+00
1.644986738806783810e+00
1.666867478766367094e+00
1.683153339807219817e+00
1.689922633939177077e+00
1.719337042069868149e+00
1.756170034873053121e+00
1.751006760243174254e+00
1.699593880845761129e+00
1.630597968583762158e+00
1.610095497451943913e+00
1.626129738626545640e+00
1.609684150595975805e+00
1.626703070557312669e+00
1.631356032127745825e+00
1.647850893843608056e+00
1.636187978669595866e+00
1.616570280053513553e+00
1.601555193114527986e+00
1.604911750481027521e+00
1.612878147206370905e+00
1.616349676423252557e+00
1.613418245409944607e+00
1.598142612156146836e+00
1.613796236035661469e+00
1.650755994894044898e+00
1.699384528479666923e+00
1.734316536246584439e+00
1.752456186005885597e+00
1.742766421285581346e+00
1.689563702288342961e+00
1.611607926490823850e+00
1.599928181443240005e+00
1.607889679465382748e+00
1.620901390174377177e+00
1.624155576278469848e+00
1.617745673882310387e+00
1.603215892658254482e+00
1.593088640069964868e+00
1.621912732717210259e+00
1.627931531760322237e+00
1.618621273198636246e+00
1.586307100448051344e+00
1.600479614425394548e+00
1.605880423692227055e+00
1.588958427861981049e+00
1.595805565507821822e+00
1.605362220788200123e+00
1.602683705307916595e+00
1.591720381135064422e+00
1.588305172934593390e+00
1.610763641209700836e+00
1.597051230156324886e+00
1.573787755224495433e+00
1.577783852563936495e+00
1.592403811805635838e+00
1.597754176503417778e+00
1.634279783008113940e+00
1.648363684823751951e+00
1.616898701993406906e+00
1.608265817890159655e+00
1.604271483088389072e+00
1.593529337459270501e+00
1.579772416491643794e+00
1.599297489826979390e+00
1.606661303280265685e+00
1.602703823486213208e+00
1.595117362333216660e+00
1.585397042964558301e+00
1.597402505535729489e+00
1.616704148491343140e+00
1.622342087192433002e+00
1.597007222142029947e+00
1.594305305784186277e+00
1.616294961175536837e+00
1.632233940929362248e+00
1.627322832026544486e+00
1.615551847463958302e+00
1.577917174858792126e+00
1.587558625168354887e+00
1.581397689216446745e+00
1.573014432360297032e+00
1.592757091491504351e+00
1.613763341228786174e+00
1.601111610696112075e+00
1.567222761214950078e+00
1.578289953552001412e+00
1.582921292365570665e+00
1.613758871059702171e+00
1.613613343854316096e+00
1.623936615612016521e+00
1.612654729772783790e+00
1.597923499715655504e+00
1.590099109742021621e+00
1.620323361654643968e+00
1.624812678208520156e+00
1.613582708660508791e+00
1.600508002872359503e+00
1.573991057426064488e+00
1.579695271003743962e+00
1.602260340923884030e+00
1.615546508169027673e+00
1.613070724730096384e+00
1.578222565968360414e+00
1.555274093439058092e+00
1.572931965398753240e+00
1.597433175871710631e+00
1.620827570065433321e+00
1.576662090969246588e+00
1.569487542757230791e+00
1.570600645986907962e+00
1.573805276192864477e+00
1.574759884317482816e+00
1.613871489836908646e+00
1.642777517832126888e+00
1.656649725266914563e+00
1.633365362775574425e+00
1.600585784593831828e+00
1.582859964099614158e+00
1.573828790921708798e+00
1.585523371375706869e+00
1.587603406580153420e+00
1.584138925185905045e+00
1.588889262342184638e+00
1.574215937457115855e+00
1.581579920803616979e+00
1.581211970142168965e+00
1.586754522344386853e+00
1.582464584858828127e+00
1.569087644729805220e+00
1.558836302470366864e+00
1.574683259816165970e+00
1.567506578073019075e+00
1.594826603217230909e+00
1.570818484885540434e+00
1.573792906939649905e+00
1.565428383098644627e+00
1.571622092382312763e+00
1.577271949748786151e+00
1.565151256678768421e+00
1.567134448865352470e+00
1.575726788855599914e+00
1.573815600570724005e+00
1.572602603129116705e+00
1.555973846850102316e+00
1.566886069780049295e+00
1.562708711027281927e+00
1.561061615577292505e+00
1.580482798286721779e+00
1.575455056615404636e+00
1.565738865740208485e+00
1.556990368419893134e+00
1.539833164775478602e+00
1.564307215971454612e+00
1.566291513473834662e+00
1.564859188721569927e+00
1.568035765958963657e+00
1.602931387529422658e+00
1.591863293367839605e+00
1.572603431901052673e+00
