5.773733614277989368e-01
8.800844460590157015e-01
1.045994826226634977e+00
1.352825948841583914e+00
1.504586766549521171e+00
1.660789716995769494e+00
1.701331762300637873e+00
1.749168884145026581e+00
1.687136460655759507e+00
1.699697248669191696e+00
1.671333490108721342e+00
1.675279009257701901e+00
1.666768892954382464e+00
1.682772628884632082e+00
1.665808664597738575e+00
1.678700056357194770e+00
1.654041177961920406e+00
1.644378557717225853e+00
1.630618231387231498e+00
1.645297325220905105e+00
1.617996513059307917e+00
1.611564947854557506e+00
1.599844571420678152e+00
1.599434005101768586e+00
1.630828953282009941e+00
1.656614459602945955e+00
1.656322657632849138e+00
1.665044101685081213e+00
1.667191144100019340e+00
1.709275087414973804e+00
1.743452183895356278e+00
1.708339237797759758e+00
1.679926230444507063e+00
1.682146940903126664e+00
1.641483073125479253e+00
1.648243135105540658e+00
1.643039416318291535e+00
1.600223691399570880e+00
1.583609049617269449e+00
1.575703097161481825e+00
1.576176682481760016e+00
1.600065098773574501e+00
1.619602929653817025e+00
1.610126761619290914e+00
1.649155800922441850e+00
1.661484207479575037e+00
1.667953422575569222e+00
1.694532613491601003e+00
1.681862129978748177e+00
1.670848142146323489e+00
1.676516022718969934e+00
1.687392890748529606e+00
1.673980091448455054e+00
1.661084480682299080e+00
1.654356350054563940e+00
1.652159855894323348e+00
1.649472327333732391e+00
1.665009271995022244e+00
1.655657301613372656e+00
1.642727424408040093e+00
1.618320171343640812e+00
1.598753180542012320e+00
1.584492171390363691e+00
1.597903440799706365e+00
1.646672161353071484e+00
1.635746933475604514e+00
1.663508049609824013e+00
1.696796523487024144e+00
1.722895694624390739e+00
1.732196035884090657e+00
1.720014736487053497e+00
1.671746440602719153e+00
1.611674789050314915e+00
1.608757603143614379e+00
1.594568604046358251e+00
1.578810494958430066e+00
1.586784198625539100e+00
1.593060498602833608e+00
1.578993099910906306e+00
1.597914657851394971e+00
1.608270722705029909e+00
1.607070405812313751e+00
1.617010250127675741e+00
1.590462006551551788e+00
1.593735427122286108e+00
1.622086347455799160e+00
1.619331551007455072e+00
1.623701934346724718e+00
1.652889607709250308e+00
1.621947000274386319e+00
1.599389128051713627e+00
1.590868453023818185e+00
1.581581220318521108e+00
1.584282838189621456e+00
1.572365814944799878e+00
1.558155183812337530e+00
1.546456281277760469e+00
1.573914637206289990e+00
1.572759445409884105e+00
1.605386103413759313e+00
1.602899180327803208e+00
1.594728552265976429e+00
1.596159493205510982e+00
1.573514672204874953e+00
1.566112104595458465e+00
1.566915657478652912e+00
1.576903545317598798e+00
1.580704105998687270e+00
1.588034127627536263e+00
1.604038823657345736e+00
1.629387577884332305e+00
1.613414645182185359e+00
1.613634669821592427e+00
1.627966132785455766e+00
1.597811311357080211e+00
1.594952791839424400e+00
1.616879569344856549e+00
1.662589215103936979e+00
1.656995078050203407e+00
1.611900115127416599e+00
1.606324752911507892e+00
1.587454278702944421e+00
1.591576212459489881e+00
1.569833298698805057e+00
1.543994218054091316e+00
1.554407794217842698e+00
1.552447750089189116e+00
1.558328265560692705e+00
1.547166491322588877e+00
1.535427360881291614e+00
1.513817899979184034e+00
1.518556735165028648e+00
1.520191170230281941e+00
1.546610978580552853e+00
1.541172245229026405e+00
1.550206441431806859e+00
1.589155079008171878e+00
1.590977370258624513e+00
1.573580881745818116e+00
1.563915560881166567e+00
1.567296904189309670e+00
1.552515652646886180e+00
1.559290399082411405e+00
1.558089051154014637e+00
1.538710029619693609e+00
1.533446391928135588e+00
1.551197490612277852e+00
1.545662871890697954e+00
1.546891480238247407e+00
1.555701453845050874e+00
1.556103431076547361e+00
1.575058275939587471e+00
1.595675340476223836e+00
1.595492297060314701e+00
1.580457716635731868e+00
1.552270069313829381e+00
1.544423830365978745e+00
1.532701808152344025e+00
1.539456838098250735e+00
1.548445344948621294e+00
1.580851170394424576e+00
1.582864173239266981e+00
1.544702750359979282e+00
1.547789055916409584e+00
1.543694703012479685e+00
1.546587569204948887e+00
1.572163802186328230e+00
1.558115332393190222e+00
1.533303737032349456e+00
1.560167141582327943e+00
1.570694606033592455e+00
1.577966370203301993e+00
1.555078782538304116e+00
1.541714458895522499e+00
1.520354051504267723e+00
1.501174407321760773e+00
1.505429710390385534e+00
1.510199656044923344e+00
1.509996881561729287e+00
1.542889707277103284e+00
1.555119206687413991e+00
1.549476663609557825e+00
1.560806046446547857e+00
1.551832850401658970e+00
1.535899927817596655e+00
1.539293707037468151e+00
1.565292628243834638e+00
1.587153639404846883e+00
1.577395623191342633e+00
1.550034081872423641e+00
1.527573308727195878e+00
1.518101501656716756e+00
1.535662438112497696e+00
1.558039987256208292e+00
1.529115177680757665e+00
1.513051628767905221e+00
1.549263629007831433e+00
1.587470449950694862e+00
1.596374161450160978e+00
