5.188527481479140446e-01
8.372658517542233003e-01
1.085294093045986008e+00
1.315230534859557654e+00
1.433509718739913064e+00
1.503335224347726262e+00
1.572818321241756800e+00
1.594211969771978099e+00
1.600508647748002167e+00
1.609951000896900464e+00
1.614710029477936182e+00
1.616344097520205469e+00
1.592990283207613933e+00
1.557951821789007152e+00
1.545751178568534279e+00
1.513679026040485098e+00
1.538803945419888075e+00
1.544718789670979309e+00
1.556460807197652674e+00
1.571138592566581282e+00
1.584370034136417971e+00
1.576710303814078395e+00
1.535120376756370142e+00
1.517046060849561062e+00
1.533633618515544805e+00
1.537835039548392846e+00
1.555051057605658427e+00
1.590044664716092848e+00
1.582114291573597953e+00
1.558367969650950702e+00
1.538566578759214876e+00
1.518761583865753106e+00
1.522311685558014327e+00
1.530109240455452380e+00
1.535937922863120697e+00
1.560046242212577372e+00
1.579827812934503806e+00
1.564253947098491082e+00
1.584227911738877337e+00
1.605806740960659784e+00
1.618661381021516465e+00
1.592985672182361867e+00
1.595594062819022829e+00
1.572960097841983984e+00
1.563733842131269203e+00
1.556024579770733496e+00
1.545071325880027269e+00
1.547024605734255820e+00
1.552671393190780069e+00
1.533514435851392133e+00
1.526724092038069136e+00
1.542267879195812430e+00
1.552413727725895587e+00
1.521061621401583075e+00
1.524216257651958006e+00
1.480038300164738141e+00
1.479842056844770992e+00
1.470936947274863460e+00
1.495774673920214681e+00
1.496874615499815597e+00
1.488289479060194154e+00
1.490519597668323426e+00
1.494645734179147700e+00
1.490067346776013935e+00
1.507873130989576982e+00
1.518148631879461474e+00
1.553126913380562746e+00
1.560855693556037593e+00
1.553852498815490923e+00
1.523754909311076267e+00
1.521488481381948255e+00
1.546046440531894106e+00
1.580887971619343135e+00
1.570730936149851598e+00
1.578876128396839107e+00
1.569787315254917548e+00
1.551715994482980587e+00
1.546269051411157225e+00
1.526637927328078570e+00
1.518176439427995739e+00
1.530374164420145622e+00
1.529925953404248196e+00
1.538818955687261125e+00
1.528358281032164312e+00
1.526009199568566288e+00
1.533321323859244023e+00
1.556435365227687662e+00
1.543303311501882602e+00
1.530281850584815917e+00
1.540194898965689507e+00
1.537858174325008820e+00
1.535795880471542363e+00
1.515297419725807337e+00
1.488837407379604683e+00
1.482159675380068320e+00
1.518264634922097400e+00
1.526503169059560516e+00
1.536639718863064497e+00
1.542634978942697188e+00
1.510968886888615081e+00
1.485978858874290820e+00
1.479461136008748401e+00
1.493435866000449419e+00
1.524364302834867457e+00
1.519194203226202244e+00
1.510717514261820993e+00
1.491377676781983075e+00
1.470984296839154437e+00
1.466486504377731537e+00
1.463317687392556632e+00
1.452550927509447032e+00
1.458686752347493787e+00
1.453858589996435580e+00
1.447213681251143358e+00
1.486303907454371132e+00
1.509935517393275584e+00
1.511202787534801528e+00
1.509387866355719199e+00
1.473551416608410713e+00
1.467658068662286652e+00
1.474205267525527274e+00
1.493529778132186570e+00
1.474719620803462750e+00
1.469425353516809585e+00
1.483310718613210843e+00
1.474597490260735944e+00
1.476186551970075866e+00
1.462460207564051817e+00
1.467044134239139375e+00
1.471979396814447894e+00
1.507029837382789283e+00
1.504300459658498124e+00
1.507724299335448714e+00
1.482328587598171099e+00
1.489569805246845569e+00
1.478500666946332087e+00
1.509341572582777014e+00
1.510522355214053869e+00
1.510562083727778671e+00
1.479279546066573525e+00
1.453333408098091972e+00
1.465715191280278162e+00
1.476948377347273578e+00
1.469724965006014461e+00
1.464806893760724371e+00
1.458177436735413446e+00
1.475899346235469034e+00
1.476251020456742058e+00
1.489749913541510429e+00
1.467570777777030600e+00
1.467534448129907965e+00
1.454140726984113119e+00
1.457465590345804696e+00
1.446915067853784098e+00
1.476427162366300561e+00
1.472944870269640383e+00
1.462823552929121362e+00
1.467035367931644130e+00
1.486733403064964154e+00
1.472818230392484162e+00
1.461838022237412549e+00
1.450546229556098465e+00
1.460523312855922518e+00
1.459659414918052844e+00
1.456726353406169849e+00
1.428289254439564226e+00
1.437352557438856593e+00
1.440710935129048798e+00
1.472413984657574337e+00
1.470185333841560915e+00
1.463331816852562639e+00
1.461857689696852036e+00
1.477602984285657062e+00
1.470248956234335269e+00
1.461448680464177308e+00
1.443684707428534164e+00
1.442446289129337478e+00
1.445248071706806359e+00
1.442529987491279808e+00
1.466729427183190770e+00
1.451998073741426420e+00
1.453215105808651986e+00
1.435232975268151190e+00
1.447468432308178787e+00
1.421515519952541107e+00
1.452378644770812244e+00
1.450242972100196814e+00
1.455049100774798321e+00
1.441328370879370491e+00
1.420064627620998943e+00
1.418110533690745356e+00
1.408913181942849979e+00
1.426551027526367088e+00
1.422545008444733750e+00
1.439638344439092332e+00
1.453480359060521643e+00
1.472495090058056233e+00
1.465626930224943614e+00
1.466806535412234380e+00
