5.179092877279134477e-01
9.127848588857718770e-01
1.191409669133219662e+00
1.389618769285532629e+00
1.534679637133615548e+00
1.648732755174580733e+00
1.684639510711184451e+00
1.698205487704542493e+00
1.734822333694107988e+00
1.721052962036245804e+00
1.733754974660932424e+00
1.725540859183424702e+00
1.723679280506655198e+00
1.683751494135601989e+00
1.684274803665043230e+00
1.680407073115848915e+00
1.681099659265318236e+00
1.654710572506410182e+00
1.658383214990952537e+00
1.649197118880829871e+00
1.652982766359771816e+00
1.667545734681004088e+00
1.682561570536840412e+00
1.695743837939007959e+00
1.710273397679766383e+00
1.722683356544677302e+00
1.746183262868267860e+00
1.716034014309889333e+00
1.682369456396777707e+00
1.660576293313201779e+00
1.672799353120604460e+00
1.651265176221375031e+00
1.648957022320561405e+00
1.674793751214779913e+00
1.674554240205452516e+00
1.623046134012558595e+00
1.604193842294449501e+00
1.599586678614018043e+00
1.595251732442278803e+00
1.618145588723430617e+00
1.634758018720189332e+00
1.630926368438176510e+00
1.616763929113281373e+00
1.609526469213034661e+00
1.632738593655590487e+00
1.621332854061078965e+00
1.622057249596292827e+00
1.615860446902168235e+00
1.639473162782088211e+00
1.626839323375786961e+00
1.611790549686636931e+00
1.605272985870961566e+00
1.630648122554773760e+00
1.671417920026706527e+00
1.704612331290637162e+00
1.729819126224211523e+00
1.763711375658432168e+00
1.730710614223203603e+00
1.683500167439999418e+00
1.663136438026328046e+00
1.693214960065398289e+00
1.672535139735856324e+00
1.667599774617892550e+00
1.640186010787304971e+00
1.637133134875456975e+00
1.611923872696551241e+00
1.636236494386791973e+00
1.686195207680852626e+00
1.706623385652306313e+00
1.701618504848776858e+00
1.711651678427672740e+00
1.745959611300823777e+00
1.766970198660518854e+00
1.732960222629950753e+00
1.672210305211344172e+00
1.649216146573393216e+00
1.639313354909033515e+00
1.660633970233941659e+00
1.667178285539087534e+00
1.650227254465453486e+00
1.658313226144452646e+00
1.626278451542946479e+00
1.610727032786967605e+00
1.592457434799759763e+00
1.594327626875635451e+00
1.563878191596797862e+00
1.594796891072056022e+00
1.573059505774179412e+00
1.555798259774706649e+00
1.555071725429392870e+00
1.573924380428378011e+00
1.584933694416696737e+00
1.611107441701119525e+00
1.624736372142588703e+00
1.657304783475795684e+00
1.668009895200600168e+00
1.671986012159582868e+00
1.638500818966649897e+00
1.604229289387312241e+00
1.593515164904540482e+00
1.606287190542217580e+00
1.599022150970903944e+00
1.615427942145859275e+00
1.638919380553290894e+00
1.655510090425271752e+00
1.652560638613610244e+00
1.623513349568650010e+00
1.597876055258374617e+00
1.626204248847245015e+00
1.624089500957085930e+00
1.620725566312879673e+00
1.622249930614823477e+00
1.632958815868168934e+00
1.633431498183558928e+00
1.642154021095544536e+00
1.645291683679741546e+00
1.605587879386570549e+00
1.611194379482748795e+00
1.588002390775884232e+00
1.567965707022801469e+00
1.592514331870555244e+00
1.637500722083242488e+00
1.658268791350085314e+00
1.646990129235574196e+00
1.640294735023641426e+00
1.607296318635872190e+00
1.608272750619532454e+00
1.607700442659553586e+00
1.628971039070821858e+00
1.623624135417371050e+00
1.612161339146096051e+00
1.619691993995660884e+00
1.609114133046473771e+00
1.590428525865670073e+00
1.611595806610989889e+00
1.593938259082531061e+00
1.603714735139148972e+00
1.605263093845560096e+00
1.610499186558444595e+00
1.613011155125363416e+00
1.604777688493782994e+00
1.609228116237388040e+00
1.616936887636523990e+00
1.604445814426220585e+00
1.597262982777244877e+00
1.576334705356000843e+00
1.542516933700177839e+00
1.524459818172883674e+00
1.536639735931783379e+00
1.544014139732946322e+00
1.580327979225764734e+00
1.610295680456081735e+00
1.632561589442847794e+00
1.642935087678718098e+00
1.627624368620796957e+00
1.597397410280364971e+00
1.602696254927795660e+00
1.617913023103401793e+00
1.618030554610883964e+00
1.593960236416742671e+00
1.582548281112419630e+00
1.603832721127292915e+00
1.636855394912117623e+00
1.592286021101588123e+00
1.577337253627976832e+00
1.606720439841381243e+00
1.601616871418193533e+00
1.629300117448928553e+00
1.625510613669045368e+00
1.611221426524320988e+00
1.604425365437396556e+00
1.593260132631519443e+00
1.581728349805115785e+00
1.577801961963370303e+00
1.591117075891316679e+00
1.566343435767449721e+00
1.601188354004080772e+00
1.602128877952466057e+00
1.604971354302687336e+00
1.571154841141960912e+00
1.556075796884833107e+00
1.560416791936870995e+00
1.572869844780440785e+00
1.565608504831827563e+00
1.589027933405672721e+00
1.606598890081476716e+00
1.612261838170864436e+00
1.596567876573287359e+00
1.601823006618891654e+00
1.591287463176493056e+00
1.634222891934484556e+00
1.639149369421855740e+00
1.650986427552443070e+00
1.618902200102019240e+00
1.604930480993249864e+00
1.589796666219801535e+00
1.597762882891743841e+00
1.595547413227248024e+00
1.608737563617648636e+00
