4.943725562423670894e-01
8.814520593451560249e-01
1.123293938555723903e+00
1.370657636519162503e+00
1.565688264522622886e+00
1.758120578220436103e+00
1.889115775584163215e+00
1.935308224383524456e+00
1.924611886564065122e+00
1.880329400665316175e+00
1.828390258206511465e+00
1.779540118411055305e+00
1.744719637427724290e+00
1.798410321377076793e+00
1.813461307590781058e+00
1.831909317638521939e+00
1.868062720779147812e+00
1.854821684221860334e+00
1.825095994538882493e+00
1.824250052269475342e+00
1.856357575732165976e+00
1.851552597573749237e+00
1.801539866805514700e+00
1.771360879210302830e+00
1.784198059009953319e+00
1.798766633992764152e+00
1.803279054033573470e+00
1.773562359597538718e+00
1.806488064610423550e+00
1.879476629315105285e+00
1.885581212042230392e+00
1.835325290725084324e+00
1.784711002960774895e+00
1.759946223793386499e+00
1.756987910601646607e+00
1.776051247908587039e+00
1.809566678346886670e+00
1.844290968678462761e+00
1.874848290383497318e+00
1.840653836580488312e+00
1.801549779525938755e+00
1.823173408269179285e+00
1.849945460727786539e+00
1.850359229720166088e+00
1.808822070887284195e+00
1.804846139214882683e+00
1.808851306186543217e+00
1.782731003298477557e+00
1.783519776972233739e+00
1.817675038551513023e+00
1.838231357347086536e+00
1.814529855200985642e+00
1.811953881866348981e+00
1.829531643035042121e+00
1.839586109684061332e+00
1.874916369197261456e+00
1.876475616289062787e+00
1.832291836603420432e+00
1.847280143560029453e+00
1.863269796356806118e+00
1.832402572244479888e+00
1.739745806606695533e+00
1.707194490095454986e+00
1.753351613819906119e+00
1.811441609914382633e+00
1.854467459898766712e+00
1.866715282414598720e+00
1.851961035346735285e+00
1.808092860358227361e+00
1.790920193336341448e+00
1.785964914994599084e+00
1.776004452802089961e+00
1.783368707305077461e+00
1.763877565229652555e+00
1.756307153321268411e+00
1.767633198785071080e+00
1.772288385918143749e+00
1.777929771684146232e+00
1.787027403092939393e+00
1.830569832706785638e+00
1.858306381499437165e+00
1.883405062365389959e+00
1.861054725348375571e+00
1.842244547746502148e+00
1.770172816599917986e+00
1.723158003538237892e+00
1.732276808883967067e+00
1.783297987293062326e+00
1.882144823643098430e+00
1.916442884431918570e+00
1.909484195141700091e+00
1.814277897627886826e+00
1.757985914417898421e+00
1.725381049659141741e+00
1.698075717311918309e+00
1.685509751757598318e+00
1.694981701361366389e+00
1.718092759002523451e+00
1.729441764080754229e+00
1.773512268712252427e+00
1.796125078373930428e+00
1.841943342899784675e+00
1.864332651253195694e+00
1.871036822219655171e+00
1.835003098216319906e+00
1.800115063168834739e+00
1.767938330401392255e+00
1.791120197920884616e+00
1.806961481109713663e+00
1.815448736403184382e+00
1.798668589458939371e+00
1.788465235654880692e+00
1.767206280883357516e+00
1.781185167466518893e+00
1.807793502686507514e+00
1.802848672939355135e+00
1.753742029078539710e+00
1.734836355183024592e+00
1.759636989114025107e+00
1.786605691859686651e+00
1.823800741831024474e+00
1.858558577705315962e+00
1.841012497799372927e+00
1.796615917755208791e+00
1.775532702590624012e+00
1.783306867762163073e+00
1.776410130115916752e+00
1.794787880702658489e+00
1.799636789891860156e+00
1.785704947144747035e+00
1.746893078527673282e+00
1.733182767539125591e+00
1.750766256768439222e+00
1.778505756142461758e+00
1.788692555908676152e+00
1.822657521308009843e+00
1.814367032238821009e+00
1.849268785035345086e+00
1.830115918302098299e+00
1.804689167041362285e+00
1.764039951752654156e+00
1.749610631985454745e+00
1.724992357201649895e+00
1.728954190684935499e+00
1.720982024061638027e+00
1.702567205132527794e+00
1.706577778904043496e+00
1.696875218823564735e+00
1.686485032950349128e+00
1.719894958683955144e+00
1.772891085614063167e+00
1.820683425061282001e+00
1.849897008753073058e+00
1.845165665841934644e+00
1.843057621464831541e+00
1.794932320211257926e+00
1.752392925949407987e+00
1.722843254288705328e+00
1.737581481252764348e+00
1.753962667385698282e+00
1.759546807487476050e+00
1.760476984022564917e+00
1.731932848651901669e+00
1.693430765590449472e+00
1.709001980827943079e+00
1.695475573969871252e+00
1.671876047621832173e+00
1.662638713545602664e+00
1.648966507283632144e+00
1.650760987090584830e+00
1.658606266362899984e+00
1.692144129584752577e+00
1.713147055323362089e+00
1.736017037633173166e+00
1.742137004056798499e+00
1.723933699243062279e+00
1.732540444788956302e+00
1.758667360350608222e+00
1.762033806451815288e+00
1.711549942595529838e+00
1.691440273750371759e+00
1.674133875120122239e+00
1.695490373121221195e+00
1.673864227092084933e+00
1.678250214825286246e+00
1.678792668288414669e+00
1.675683539052549964e+00
1.651539399720675982e+00
1.655479995240191071e+00
1.677671125108385120e+00
1.699585821735749791e+00
1.698739818830292014e+00
1.722758208302879179e+00
1.729268872698622950e+00
1.712674248889447970e+00
1.667175861994529162e+00
1.648157419228823084e+00
1.638932622486779289e+00
1.641079079147252262e+00
