6.149490060840330230e-01
8.696236091663052115e-01
1.088833788566217597e+00
1.339245737220323473e+00
1.463819487491320182e+00
1.561346464737471518e+00
1.567987853905046469e+00
1.590280437237771460e+00
1.646605075440924049e+00
1.615666010865003166e+00
1.553060133510387963e+00
1.542594923000492946e+00
1.554859345564661544e+00
1.596457073404380145e+00
1.618416211214174671e+00
1.621577566304480911e+00
1.633544813265503270e+00
1.638853260640787290e+00
1.659716989472887816e+00
1.645201642992020652e+00
1.633853872973646926e+00
1.616446448036231720e+00
1.581740366702921730e+00
1.572226176902120631e+00
1.571682760215868058e+00
1.586031192386943234e+00
1.589795135530119419e+00
1.596597238019463516e+00
1.618186161545890123e+00
1.618627580202943284e+00
1.638179001068329921e+00
1.639420947643047910e+00
1.609976655586909056e+00
1.623084018523029304e+00
1.629371670676206030e+00
1.628767164437934234e+00
1.610269467809388289e+00
1.610915580358428745e+00
1.607492449074047869e+00
1.582148449126448808e+00
1.561256721745673870e+00
1.553179376107754806e+00
1.554176532792577170e+00
1.553957183278233289e+00
1.548648350542730645e+00
1.564720603584215164e+00
1.543289382145517807e+00
1.575368106598231233e+00
1.625375169790812757e+00
1.601818793948958097e+00
1.584052062509914371e+00
1.606744033198112431e+00
1.628500530324111573e+00
1.633444338246561323e+00
1.661307971234072367e+00
1.674625770309187134e+00
1.619471728323991666e+00
1.598301773538525872e+00
1.593805291205932395e+00
1.587660356784700078e+00
1.576953553608850811e+00
1.580940013843088687e+00
1.565820738647774046e+00
1.590901749837797530e+00
1.585517458140609071e+00
1.632593932144469351e+00
1.656958650150574197e+00
1.699610502760207753e+00
1.676284028010165406e+00
1.616249416299307518e+00
1.582821024355153927e+00
1.584940021762633044e+00
1.578985256576740381e+00
1.570605709510607184e+00
1.552596233217330646e+00
1.530990023906501296e+00
1.547389413601706121e+00
1.543804618453741506e+00
1.555378079087491150e+00
1.544636751216230452e+00
1.558597887825491357e+00
1.574191774448927328e+00
1.598231717922468986e+00
1.575848720074178422e+00
1.557873794408371593e+00
1.546805112782511538e+00
1.538804765645695349e+00
1.529478354157875142e+00
1.547071540275915202e+00
1.576957499385563066e+00
1.589769710529728819e+00
1.592567808824752129e+00
1.574232582410256542e+00
1.532892575187515094e+00
1.509206915721880593e+00
1.540015385238692636e+00
1.563854323770909938e+00
1.577768462799074900e+00
1.583174243537309511e+00
1.580117994003259252e+00
1.564445117979975208e+00
1.539184482065073301e+00
1.506442996027312464e+00
1.500132554328926338e+00
1.495062389460792618e+00
1.529000259765592284e+00
1.554265119890237523e+00
1.552638521553543649e+00
1.544138295576704012e+00
1.564388373044536928e+00
1.592243658185441557e+00
1.565592575303570877e+00
1.548301886414662931e+00
1.547589917498378487e+00
1.535138099969571623e+00
1.546072243656229084e+00
1.559461460462564508e+00
1.565160120054098547e+00
1.567264400574817751e+00
1.533473081222510137e+00
1.520694757095982563e+00
1.522499554644158870e+00
1.513752613518825729e+00
1.516171827798676208e+00
1.534510345878253634e+00
1.541514752542694655e+00
1.539267362442172882e+00
1.569870501401629870e+00
1.615581777424241361e+00
1.599517567422262587e+00
1.568577531485512155e+00
1.553716075826556908e+00
1.555820998224412222e+00
1.549804267218670040e+00
1.515550964193614236e+00
1.509311731802213341e+00
1.513791700306872379e+00
1.531539871880603698e+00
1.526883883016458832e+00
1.531289708598866817e+00
1.526531140802100284e+00
1.537995393156656565e+00
1.564794949080082764e+00
1.594157099889598417e+00
1.605092215067609018e+00
1.594427507101316976e+00
1.561194531587470902e+00
1.533675216016905152e+00
1.559780272935891166e+00
1.546691716694004626e+00
1.563553618216655838e+00
1.582791308824991194e+00
1.574623677508658171e+00
1.544520900667990970e+00
1.552247807161769133e+00
1.573104741175817889e+00
1.533229273068184462e+00
1.511920442772232809e+00
1.555166406345523056e+00
1.565879002986140467e+00
1.577403852271828555e+00
1.568292828600297284e+00
1.558914834180877174e+00
1.554869120893983103e+00
1.543187557553007627e+00
1.549754970403921517e+00
1.555529141690474404e+00
1.547435304897692987e+00
1.556185896827897430e+00
1.557845950113159850e+00
1.532788410098613330e+00
1.516084198800969673e+00
1.532985300848487498e+00
1.515484716643447749e+00
1.516464660833000577e+00
1.539151612781915590e+00
1.593462704111232364e+00
1.603611540591620255e+00
1.602372999674717358e+00
1.572842103438464312e+00
1.569434170110483695e+00
1.553817177095902169e+00
1.521941838801202040e+00
1.493511613768373936e+00
1.482700065640286224e+00
1.453443372330778471e+00
1.471752970650339609e+00
1.492586010637826144e+00
1.502953202490555418e+00
1.521603558820916913e+00
1.507133645406959044e+00
1.487063967188436697e+00
1.484552732808791076e+00
1.471922788805784421e+00
1.486134140482257671e+00
1.492123029863130723e+00
1.499622517390867049e+00
1.501423953843622705e+00
1.498166375596297506e+00
