6.644184888354291996e-01
8.812290658196409998e-01
1.130905156637032727e+00
1.398801998395164503e+00
1.526402699507876104e+00
1.620918131857527422e+00
1.640264651846198518e+00
1.652316971546563318e+00
1.682232845044426162e+00
1.695400574370397040e+00
1.652420200722929389e+00
1.612433520197590786e+00
1.597462147420380729e+00
1.621251934731868127e+00
1.616653108733499877e+00
1.635796844947304818e+00
1.657898088468630515e+00
1.644802576338781464e+00
1.610111420785490521e+00
1.595467660981236158e+00
1.606200436973441725e+00
1.649992931697463749e+00
1.659102043939973736e+00
1.638281405572684202e+00
1.628112910284846615e+00
1.601967163988497589e+00
1.628359199703728333e+00
1.623941441680306630e+00
1.603989769822323108e+00
1.594046943686341145e+00
1.612482573592589619e+00
1.603817574135392610e+00
1.631465292691865576e+00
1.623694962278922960e+00
1.595561235681239864e+00
1.584952576681358805e+00
1.592007746319649586e+00
1.600258890147653101e+00
1.619029221517823691e+00
1.625464440125818921e+00
1.655641746540910342e+00
1.627400301915062908e+00
1.598331918342058788e+00
1.593980320566316555e+00
1.582209007173567938e+00
1.584942836671596744e+00
1.597846314435199089e+00
1.618448878450204909e+00
1.643448550174761325e+00
1.645984133653140002e+00
1.613834792748460645e+00
1.609356606959363667e+00
1.635429987880471892e+00
1.633500830795049596e+00
1.605197264857729289e+00
1.613493951344041832e+00
1.631535557832132444e+00
1.630511892882419156e+00
1.617438952938560659e+00
1.585434887224508538e+00
1.618640935955641513e+00
1.602431255830853551e+00
1.606538621865311489e+00
1.625369779159594241e+00
1.626464672854002647e+00
1.601899682435024452e+00
1.587700477701154744e+00
1.569526060893445818e+00
1.565546637653076445e+00
1.544123664367208049e+00
1.569458267051068834e+00
1.573955562074101477e+00
1.592507828888350296e+00
1.580984859668206566e+00
1.592819032727940343e+00
1.599409354175306941e+00
1.590425878224880352e+00
1.572706481713892712e+00
1.581710719397643627e+00
1.586575580302821864e+00
1.595310321644859863e+00
1.609488536623589372e+00
1.630964322498726915e+00
1.605468764755747513e+00
1.617275816303783476e+00
1.609137888778024772e+00
1.584526316016684033e+00
1.564316011148594976e+00
1.549437267756843539e+00
1.592284097454303771e+00
1.635236954054681613e+00
1.640448213720894444e+00
1.616843282576984953e+00
1.590711011519085893e+00
1.582128375830880396e+00
1.590836348873683193e+00
1.558166867292982261e+00
1.547492574869041349e+00
1.571129607628952929e+00
1.558930260601585127e+00
1.545480856115827972e+00
1.549512589609277402e+00
1.537031154721996584e+00
1.525068511899397405e+00
1.549457243604976275e+00
1.568262870776835793e+00
1.592629939615058277e+00
1.623287457349311236e+00
1.622808231282663494e+00
1.575720742407679564e+00
1.562836038019179696e+00
1.555885303846783696e+00
1.562768832287469545e+00
1.571517626446528038e+00
1.582906488170357173e+00
1.588799824233039670e+00
1.591472190864111846e+00
1.560293356700918288e+00
1.584863243627655738e+00
1.580898081075702288e+00
1.556037765061471623e+00
1.593885803365835185e+00
1.597764354308181423e+00
1.572093036038514802e+00
1.581445013249350495e+00
1.580502665792298922e+00
1.585473577187394900e+00
1.594811158743577151e+00
1.609321393185810356e+00
1.601336308512030904e+00
1.596959664112583388e+00
1.566198645824977032e+00
1.545195400644663541e+00
1.544959993106880258e+00
1.571127380628381642e+00
1.593974857201983397e+00
1.610479408717803151e+00
1.594523655029259190e+00
1.548952545389400637e+00
1.538969033627453520e+00
1.549542715701768492e+00
1.565752800879848028e+00
1.573120931938876588e+00
1.568845704199330671e+00
1.586124612812286561e+00
1.598248442211768205e+00
1.581960166605887563e+00
1.560721714425809648e+00
1.563021771610887622e+00
1.549013957123866359e+00
1.553870366856501706e+00
1.549266500889113995e+00
1.546648808298225708e+00
1.567890383875683025e+00
1.593075262348438548e+00
1.600637039837811804e+00
1.599084663671004769e+00
1.584768215528857604e+00
1.566851763133712216e+00
1.576997786555035752e+00
1.564915062338434026e+00
1.544100147533182588e+00
1.528909163789238690e+00
1.511052483104924571e+00
1.561079609192669526e+00
1.594038494153179553e+00
1.605412834353825202e+00
1.626198794236754175e+00
1.583170104502471975e+00
1.552354117008346135e+00
1.550785534413104072e+00
1.587873044828227220e+00
1.605431170466080193e+00
1.602380223131046000e+00
1.627416420861072854e+00
1.577839334141473815e+00
1.540941477502566492e+00
1.519534822987027134e+00
1.524880003219593050e+00
1.546793768462358942e+00
1.569215333137119250e+00
1.571855277724592881e+00
1.560298361692080249e+00
1.543191224120984195e+00
1.546353338612214356e+00
1.541931092427883065e+00
1.540119823132505728e+00
1.527838572396494898e+00
1.530921928630215811e+00
1.556237302175819792e+00
1.598391966944011422e+00
1.574414000104890077e+00
1.563441350278768072e+00
1.578479908993403846e+00
1.567317834902942186e+00
1.572554277900208852e+00
1.556439584726470482e+00
1.547851149210875965e+00
1.529072670200547046e+00
