6.289486474878563937e-01
8.625351375226141259e-01
1.081898245424730787e+00
1.342653342289691798e+00
1.520922044615884650e+00
1.623558249398433739e+00
1.670292233703462692e+00
1.668104410185974107e+00
1.674783703380538169e+00
1.671663804395001840e+00
1.667794235931659097e+00
1.669215904912085824e+00
1.659961375211647994e+00
1.667080812174896787e+00
1.688611498437192049e+00
1.691767498758913080e+00
1.676048466918880875e+00
1.637233345017538699e+00
1.618831636271039098e+00
1.600690781829853249e+00
1.592763376538375075e+00
1.633369780528826753e+00
1.673778124519095023e+00
1.637780922024481667e+00
1.642260524360097618e+00
1.635299451963568851e+00
1.648535394663045883e+00
1.631142971130411290e+00
1.650432035405678066e+00
1.638231007745822199e+00
1.652156399336279780e+00
1.626194366801695823e+00
1.665451873834932650e+00
1.664593727303537385e+00
1.658535012835604228e+00
1.681954632544972572e+00
1.673254153042696979e+00
1.643291635037405163e+00
1.613295177784507040e+00
1.586846003861946963e+00
1.587440243163576570e+00
1.591550276264374952e+00
1.599494211584957082e+00
1.635360222223848359e+00
1.640366589201173841e+00
1.623477050673153288e+00
1.622696306769313424e+00
1.668754525436897840e+00
1.712483842738768081e+00
1.700019177380426960e+00
1.649220958878889753e+00
1.631600724083758669e+00
1.649091619471568126e+00
1.672417624627052568e+00
1.648384243505442548e+00
1.625524163839072944e+00
1.599400614069747206e+00
1.605446891711358459e+00
1.591543623941434227e+00
1.583585503498891267e+00
1.563829065976165111e+00
1.549927959054251847e+00
1.536315592983819256e+00
1.551394325816192854e+00
1.574350312471710200e+00
1.614293297344481681e+00
1.620867898246964423e+00
1.625407363333653432e+00
1.650238849079584291e+00
1.677045679723173421e+00
1.701499758781043425e+00
1.716256865910364304e+00
1.691777875812782161e+00
1.656584930666162636e+00
1.640719150028817186e+00
1.619322904706744115e+00
1.599571420434043434e+00
1.600511392908573249e+00
1.587040328159786018e+00
1.597327340143334329e+00
1.621155777117237573e+00
1.627782515687005604e+00
1.610342846987533605e+00
1.590621788071900244e+00
1.608784515145071481e+00
1.588911821770566890e+00
1.600298121751588365e+00
1.615869516239122561e+00
1.635635428810767067e+00
1.622035341986478363e+00
1.636208138707914372e+00
1.621379360160500882e+00
1.595025796406213781e+00
1.557376138642152297e+00
1.560739043491755407e+00
1.541712067600878200e+00
1.563763176725321280e+00
1.599177955996291089e+00
1.642620805009079810e+00
1.625111150592539744e+00
1.616293636042974491e+00
1.587567919900588986e+00
1.559533791265702574e+00
1.553168863843018332e+00
1.538829258970023650e+00
1.528810294911856049e+00
1.565085582241231288e+00
1.550142228120048316e+00
1.526444751947918288e+00
1.525372098860057202e+00
1.518768285750339286e+00
1.522227910261434003e+00
1.539742507253513581e+00
1.555305165627980157e+00
1.556870546568640101e+00
1.574400522013422288e+00
1.557571492770341903e+00
1.561328076531862230e+00
1.561492900513789639e+00
1.611472776393740869e+00
1.604675242836237414e+00
1.615028731918565663e+00
1.579446275563309632e+00
1.573720965251844239e+00
1.572267408690638968e+00
1.578649947204601611e+00
1.562338614890951494e+00
1.546480140783146329e+00
1.533898950678382000e+00
1.551051670279543382e+00
1.539293532689621768e+00
1.531833014924902869e+00
1.535259198463185593e+00
1.558056823356171572e+00
1.563312247811083466e+00
1.569576579956454720e+00
1.605050801014081152e+00
1.604694020767562845e+00
1.590499684911763190e+00
1.589194514137109993e+00
1.603659622135843676e+00
1.590043508731070698e+00
1.569376136243060271e+00
1.544089329144370248e+00
1.552829548464940812e+00
1.534426857334040495e+00
1.540255306576291616e+00
1.542486586235601642e+00
1.568199097810252240e+00
1.566279458247723300e+00
1.552351295161193301e+00
1.519118977229698020e+00
1.506135947990491664e+00
1.504848517507050731e+00
1.533830805133460373e+00
1.555716453360474816e+00
1.550691038272268507e+00
1.538929151401904338e+00
1.571740136443253277e+00
1.576266724712503065e+00
1.586338651464652250e+00
1.588551616564470859e+00
1.588248047077860825e+00
1.579852835068358496e+00
1.586100026238814964e+00
1.555913699226226798e+00
1.565104617684726751e+00
1.570240964550710050e+00
1.565634625835998328e+00
1.578476212633883602e+00
1.576639300661717868e+00
1.548798996493278901e+00
1.518648331953259989e+00
1.504060517949994624e+00
1.492685304414783642e+00
1.520880235890674337e+00
1.543865278282989584e+00
1.556127566873729107e+00
1.548457384796107172e+00
1.521303409747898350e+00
1.497913131044185331e+00
1.498166750046580953e+00
1.512520882334627004e+00
1.551611888713277931e+00
1.538568395402330147e+00
1.543253622962454052e+00
1.548842189063059038e+00
1.547893888336574264e+00
1.540377326705608008e+00
1.562862888940060424e+00
1.574821431162302776e+00
1.590892819393894264e+00
1.602483019728142999e+00
1.603539567289353096e+00
1.619031487167143846e+00
1.613030973171922344e+00
1.607353500543188041e+00
1.595354656834445883e+00
1.562412450772039829e+00
