5.951913896542613269e-01
9.314934146102903378e-01
1.091485312057543400e+00
1.361365820541244664e+00
1.479461345464436528e+00
1.589004890978356510e+00
1.616042775934943387e+00
1.660229977177978267e+00
1.651374712669302358e+00
1.645605055639429048e+00
1.601464357788019433e+00
1.601317185506155205e+00
1.616788130073156138e+00
1.663653958515079578e+00
1.672506925340909723e+00
1.674001261404402641e+00
1.614991826341332537e+00
1.600736087275527408e+00
1.581772762832793333e+00
1.595859137350772228e+00
1.574767092728782680e+00
1.581831708822089899e+00
1.580911647658406638e+00
1.592922743472253932e+00
1.597031014540124971e+00
1.618667913956795879e+00
1.648394929885056204e+00
1.663314436154211373e+00
1.660940519719154906e+00
1.658105094938875146e+00
1.626064797657608807e+00
1.609585114039884024e+00
1.603398592386594990e+00
1.621051664608526233e+00
1.632339584815037714e+00
1.614188196096326022e+00
1.577947175041314543e+00
1.584931742408310695e+00
1.600083581337557792e+00
1.617028203148802801e+00
1.641210162520025717e+00
1.663687578971615677e+00
1.674574506490686288e+00
1.654487228612001593e+00
1.647900562234270172e+00
1.644909301172942984e+00
1.620103155720958865e+00
1.593639865302111325e+00
1.618989523705437916e+00
1.624879359054153261e+00
1.628835708567454077e+00
1.607055248489496657e+00
1.617782740610475445e+00
1.611426857741345531e+00
1.587195436676302362e+00
1.577516200810509028e+00
1.585842449693545264e+00
1.574649461475993828e+00
1.575870122306152865e+00
1.565308526165205549e+00
1.573820867837190107e+00
1.595923326831466316e+00
1.599482099590947559e+00
1.583830098301288736e+00
1.610550908816585691e+00
1.637793033806043796e+00
1.609493616675736982e+00
1.623511244289898237e+00
1.617064862325727992e+00
1.603741448352472121e+00
1.614038314963381016e+00
1.605686692695454276e+00
1.584942676812865603e+00
1.603420879059772819e+00
1.602418843580592167e+00
1.609348701817476579e+00
1.641877339681225845e+00
1.623671579288401778e+00
1.615170633855447013e+00
1.597473215975633076e+00
1.564328664188773921e+00
1.535494633142014731e+00
1.562104040571248520e+00
1.590783064874230934e+00
1.599241362903267127e+00
1.569760283421312685e+00
1.582704438653744772e+00
1.596160645100002773e+00
1.604282007367619611e+00
1.623242724472635290e+00
1.591744547728714432e+00
1.560629992395251797e+00
1.534022700687851071e+00
1.516959007045321384e+00
1.540310165495102135e+00
1.553997712681394194e+00
1.564825728507646563e+00
1.575426888688334692e+00
1.580520752496466397e+00
1.567772081654775329e+00
1.563984586912007479e+00
1.544794607430442834e+00
1.533251603676041963e+00
1.530407569243754651e+00
1.559223553756903247e+00
1.567659673952138233e+00
1.567547455715751825e+00
1.551520085302777296e+00
1.548455933632182813e+00
1.561394723982085786e+00
1.584374891096017368e+00
1.577585255034278822e+00
1.589321691195382025e+00
1.573114270645805446e+00
1.578769568398306733e+00
1.565470226700816703e+00
1.580878646903345564e+00
1.569174454612802583e+00
1.576033978377083811e+00
1.572542034325967508e+00
1.578148475393466699e+00
1.581380036419294033e+00
1.607394401824528529e+00
1.597465873483439713e+00
1.599501287820731976e+00
1.593131252409904386e+00
1.562448134686845069e+00
1.547871488726760614e+00
1.554647015266057641e+00
1.534492959838314574e+00
1.539416335761349064e+00
1.557767331967055746e+00
1.576688829568611450e+00
1.582388668210251925e+00
1.612203163495257607e+00
1.607194187344163527e+00
1.589327698471983075e+00
1.566971382789518419e+00
1.523037855936060003e+00
1.499173839133041808e+00
1.544126047659309720e+00
1.545878391371628746e+00
1.542154094331040115e+00
1.546610424208600953e+00
1.544921205407747022e+00
1.518770994998696722e+00
1.543516371497575701e+00
1.538564182917194101e+00
1.569124517984022305e+00
1.554185948446611398e+00
1.562284848191590525e+00
1.579375471397919561e+00
1.624933208904471016e+00
1.607861275445271465e+00
1.585230720625542933e+00
1.575403748324564424e+00
1.551899886993871380e+00
1.537567187570157978e+00
1.551355753163033757e+00
1.575462475494218584e+00
1.604072455703781985e+00
1.558115907497110264e+00
1.535715954109702297e+00
1.520986093103826819e+00
1.519639847493962970e+00
1.504746987152489002e+00
1.516811738340490656e+00
1.500552253912745604e+00
1.522784468433332261e+00
1.541073117020253624e+00
1.559372210435735262e+00
1.533510590369977944e+00
1.534684042211771571e+00
1.526349141991681702e+00
1.517267040962295477e+00
1.511834500947753845e+00
1.504443856643827626e+00
1.501536054275092180e+00
1.500641440727216613e+00
1.511717398513110044e+00
1.536902764087735296e+00
1.526566075126127409e+00
1.534985294204481487e+00
1.542561606959785170e+00
1.540058467716513224e+00
1.549759716329059511e+00
1.550934318357619857e+00
1.530062257989527330e+00
1.522500125932804593e+00
1.528800881802774292e+00
1.550859311543139718e+00
1.509101381581864132e+00
1.511297552923812626e+00
1.503218340753309290e+00
1.511667064601290855e+00
1.513132685316146864e+00
1.529506924866001150e+00
1.488643242721417792e+00
1.478041719520955644e+00
