6.439433132491999556e-01
8.652639103842106882e-01
1.054766194980263583e+00
1.316161960903108330e+00
1.455014722516886572e+00
1.576682660462405350e+00
1.614934063775631978e+00
1.630768824378039383e+00
1.629735341829817719e+00
1.635147500467228232e+00
1.663180123523536835e+00
1.650369458568340608e+00
1.662893161282746002e+00
1.634417705629807926e+00
1.628548794260351151e+00
1.620801549617365778e+00
1.619023768900042848e+00
1.588944395154054945e+00
1.580806994464512449e+00
1.589386216686436537e+00
1.588476037853694178e+00
1.611688211831471929e+00
1.655789770448868214e+00
1.659888509672645007e+00
1.645643080941376013e+00
1.612745334620876880e+00
1.636483838646854316e+00
1.636850306931105559e+00
1.656493843206919614e+00
1.650044039624489978e+00
1.624869856705185134e+00
1.588493218954681208e+00
1.596155161443213011e+00
1.614698499532125631e+00
1.602326500435787615e+00
1.603990052175456205e+00
1.602764339325532861e+00
1.631210194307918693e+00
1.644781831064396016e+00
1.641190791551633499e+00
1.651495246445662257e+00
1.690946661537422679e+00
1.664596591182988528e+00
1.613896182607132079e+00
1.622200842906661000e+00
1.587954898472844434e+00
1.576728776523740994e+00
1.578984966385139632e+00
1.550198230915074804e+00
1.527886134548566588e+00
1.539590289337657625e+00
1.544478246182851677e+00
1.574098351605281332e+00
1.568794695106834780e+00
1.590301285824226918e+00
1.587395416588956776e+00
1.586556217923195566e+00
1.572556247227542503e+00
1.566168573017868271e+00
1.592376332375468273e+00
1.600989752248210829e+00
1.590205550754269614e+00
1.595393495789786398e+00
1.576261007630186839e+00
1.575227193530120084e+00
1.597674914588643302e+00
1.608826542208617427e+00
1.606208046695907221e+00
1.610924899162348156e+00
1.621522578986414276e+00
1.665000143446942804e+00
1.676210130569628420e+00
1.671228847189287547e+00
1.632179242377731931e+00
1.604930435596793270e+00
1.581871863288326407e+00
1.608924385677030333e+00
1.607470839189837131e+00
1.600981439092925118e+00
1.571935679281058373e+00
1.548530197959983035e+00
1.521436056161011185e+00
1.507633248778079693e+00
1.508654400839258392e+00
1.519459441358964380e+00
1.530749676476030885e+00
1.526724203414109970e+00
1.526019732982922816e+00
1.543002259977352741e+00
1.541680142727626324e+00
1.553508316238713327e+00
1.550849550094897999e+00
1.532112362582840559e+00
1.499449926638599884e+00
1.510197813470958605e+00
1.514982791760779213e+00
1.512593843689582940e+00
1.526390762242372912e+00
1.556803063729875314e+00
1.533842126437510389e+00
1.544193165949275581e+00
1.514287968975537968e+00
1.534602115039961578e+00
1.528267665094621419e+00
1.541698235848741882e+00
1.550569861078275435e+00
1.540484672624619078e+00
1.533565310204867638e+00
1.528578339780296336e+00
1.539315780581845372e+00
1.520348608471892904e+00
1.521268690942993995e+00
1.552874096066775733e+00
1.560753768369808725e+00
1.541415921899559116e+00
1.513998635374707247e+00
1.500644335934914197e+00
1.508661872295457007e+00
1.507090686013056846e+00
1.537527751891796912e+00
1.555908332246558778e+00
1.528200703774455826e+00
1.508692870691245469e+00
1.514297053362428702e+00
1.523136035103314745e+00
1.538423821881993891e+00
1.549848941359776022e+00
1.553228868317110933e+00
1.547404525104578488e+00
1.536097592426531655e+00
1.519382043013044692e+00
1.525448422566276108e+00
1.530964764081988339e+00
1.543328294932355460e+00
1.548784737516782695e+00
1.553254988849521956e+00
1.567373800587643196e+00
1.536844344990993205e+00
1.511368831706957794e+00
1.472042393709999786e+00
1.500281257776111321e+00
1.530657162896809531e+00
1.546678839246042214e+00
1.533085750337290554e+00
1.542602233223102415e+00
1.528395493318340792e+00
1.545386366490075991e+00
1.543610966156450770e+00
1.515551964021179865e+00
1.519824941486605407e+00
1.522823694731997080e+00
1.520991662245009701e+00
1.525408802410250564e+00
1.500404201412610217e+00
1.504760159874174663e+00
1.514112297072654600e+00
1.542327801110829899e+00
1.550139518013635920e+00
1.557164588587299781e+00
1.562493665825638756e+00
1.548153084745080399e+00
1.526796784676528684e+00
1.512572068338944087e+00
1.481050793022520962e+00
1.511608340344008372e+00
1.534592987190874114e+00
1.538692673983518944e+00
1.535572942098222038e+00
1.524455361830234779e+00
1.534845593065929048e+00
1.519528375995813141e+00
1.554791355739264080e+00
1.552153883832351422e+00
1.558013351832100879e+00
1.536900634139182875e+00
1.523300069954398595e+00
1.546027238777357926e+00
1.535611643637780244e+00
1.535969509172449676e+00
1.531378864659261430e+00
1.512277604146125665e+00
1.480010820758097312e+00
1.504854514755234351e+00
1.531428008361735094e+00
1.539775456095039630e+00
1.512527733818531006e+00
1.526422742764301566e+00
1.533118530813387226e+00
1.544380166941125676e+00
1.526591794542856650e+00
1.520473995076126794e+00
1.545462992549897274e+00
1.536424360087420116e+00
1.495613312152678454e+00
1.511706294428814434e+00
1.530066541922140200e+00
1.527826963669312477e+00
1.536160758904277168e+00
1.529716293986922659e+00
