4.812171596411582430e-01
9.174045158864990723e-01
1.085408993279856071e+00
1.350198910129152052e+00
1.498643486322684959e+00
1.623383802082225547e+00
1.687459842142163380e+00
1.706606206844088591e+00
1.694669595641802973e+00
1.717563747667169682e+00
1.701452938492775235e+00
1.739345822116656892e+00
1.753687764519894277e+00
1.780469360635850373e+00
1.749835326511359757e+00
1.685296047969788935e+00
1.648088786927798699e+00
1.656052561134721213e+00
1.632184605957793355e+00
1.637050593326554004e+00
1.643531906348058680e+00
1.631846956428640638e+00
1.621597408693378428e+00
1.636628266677355947e+00
1.706307473987186851e+00
1.737260203802262648e+00
1.760107971065760113e+00
1.778175483678227531e+00
1.742583759603705262e+00
1.711855393400861125e+00
1.703424922883651327e+00
1.691373454158124900e+00
1.674388874194507215e+00
1.672109356561878757e+00
1.661062647369725420e+00
1.665590420892649526e+00
1.647317725675851774e+00
1.624545011653606208e+00
1.607587723322516426e+00
1.623468605415086197e+00
1.657987527862664123e+00
1.705914411337585701e+00
1.699086607819555450e+00
1.702993190465045270e+00
1.727762951232095556e+00
1.761422500858431661e+00
1.766476910447823068e+00
1.720813127674446941e+00
1.681695998894504607e+00
1.677311796811420841e+00
1.696141163723646317e+00
1.680964240630430373e+00
1.679704512742155931e+00
1.673464709690502650e+00
1.665654991275010932e+00
1.635286226643213103e+00
1.629466698126700974e+00
1.604295736013910734e+00
1.587157297343263274e+00
1.610164229238634226e+00
1.630757945515846075e+00
1.634445548055861508e+00
1.639665955307562539e+00
1.667603407981111285e+00
1.642333822277790567e+00
1.641373340245989576e+00
1.685131663545001102e+00
1.715083368367238625e+00
1.759487444815219570e+00
1.787123361522976905e+00
1.784479010121638343e+00
1.733746411853897440e+00
1.691722043338523607e+00
1.652593539786882282e+00
1.620213252723685660e+00
1.604798141513161802e+00
1.609442406113773538e+00
1.586718621097730209e+00
1.572809505297481758e+00
1.576179199139031262e+00
1.604633592096429862e+00
1.658894728120007045e+00
1.689129987928405852e+00
1.679131347179732225e+00
1.675731765986478106e+00
1.651410218755125170e+00
1.638270590316708963e+00
1.623872618810739965e+00
1.609534056952831138e+00
1.591407628510613570e+00
1.603350015045907018e+00
1.621165714822414783e+00
1.651534113508393631e+00
1.672779341870798131e+00
1.687157768577632444e+00
1.658611071975232276e+00
1.647157371821098559e+00
1.625232609253517424e+00
1.614603124854403271e+00
1.611627826243823502e+00
1.597770366433154177e+00
1.627689626690799862e+00
1.669071966156797426e+00
1.664189822733895818e+00
1.623874591981973703e+00
1.586744152610392478e+00
1.568284813213117745e+00
1.587098766166223918e+00
1.633794352261101146e+00
1.604190053194733512e+00
1.582783876200318129e+00
1.560162245353683863e+00
1.562358431145298487e+00
1.563190237783103065e+00
1.550179721867341875e+00
1.548424507306797704e+00
1.556640771208914309e+00
1.567201591998349963e+00
1.582558252535239740e+00
1.573207191638503533e+00
1.533382963013325995e+00
1.501024845509077776e+00
1.521168483286210016e+00
1.539728991012396575e+00
1.568867339900514857e+00
1.561754987505143522e+00
1.578209959896099024e+00
1.582991099788808809e+00
1.616629876187408055e+00
1.623235103315007422e+00
1.635042263614715718e+00
1.647575360691170498e+00
1.633455408784363794e+00
1.618004509905562216e+00
1.632826889303156337e+00
1.613111409881698322e+00
1.623621915673716387e+00
1.618794048490759030e+00
1.597404904671249071e+00
1.538541460790206594e+00
1.529553350992079785e+00
1.530780631117914625e+00
1.566516784948871477e+00
1.571715287928070026e+00
1.586043798781444192e+00
1.570095581778618410e+00
1.568568905232091693e+00
1.569031323784414456e+00
1.564183313961178046e+00
1.546841958521984361e+00
1.536773670412323600e+00
1.526069441229337409e+00
1.544483582782911757e+00
1.555624377346236376e+00
1.575770142490840131e+00
1.559687110089671203e+00
1.555452458324770193e+00
1.564262696948775622e+00
1.573663891109712054e+00
1.569195914661069668e+00
1.570598051106134152e+00
1.548424215910693569e+00
1.532409648959761395e+00
1.529205671776400877e+00
1.532753273879635669e+00
1.547646488461575043e+00
1.558169824210738463e+00
1.580921724671438211e+00
1.587645238362184186e+00
1.562741789451948415e+00
1.565452242308748465e+00
1.580360133709235226e+00
1.569318511711175868e+00
1.560062925106346698e+00
1.543645920385414705e+00
1.519077830159232478e+00
1.549286773777700077e+00
1.533007759108817813e+00
1.543996657348352342e+00
1.565674700957627730e+00
1.593047094462757718e+00
1.612188136366233815e+00
1.586414755830945600e+00
1.560857065694563062e+00
1.540496942859650664e+00
1.507040090558558365e+00
1.523340356456784450e+00
1.535234015303678090e+00
1.530749889546461517e+00
1.528838577816235222e+00
1.556587907636889367e+00
1.550424950641101862e+00
1.553454166712613160e+00
1.546860497470464058e+00
1.553318610814199419e+00
1.577688895597997076e+00
1.584542240604682739e+00
1.558468305825616129e+00
1.539526423442463487e+00
