6.249317748016475216e-01
9.348794881210824581e-01
1.143016796706744387e+00
1.395749596463241593e+00
1.533181609985104332e+00
1.665539951710475641e+00
1.704073061396521815e+00
1.728441978912575117e+00
1.738536634494227684e+00
1.762971309542960885e+00
1.738489952944932693e+00
1.732149006656374279e+00
1.694605635057872428e+00
1.687756095534802103e+00
1.677417903311793523e+00
1.705453000006343256e+00
1.700051011883089158e+00
1.719541077566925091e+00
1.689681560827761331e+00
1.714226246791889396e+00
1.729646191790606302e+00
1.743440154022070532e+00
1.751037835548037158e+00
1.719525413004999281e+00
1.703552995427397354e+00
1.704733360436298639e+00
1.711680551363378822e+00
1.683288498833613422e+00
1.676433150716415410e+00
1.677001960380210432e+00
1.699581623529821117e+00
1.750226298193992669e+00
1.749222982446166474e+00
1.709028325289648320e+00
1.712283253887979306e+00
1.719621923728004820e+00
1.708798344853826645e+00
1.705590782477871103e+00
1.703033803241816857e+00
1.667140820352956299e+00
1.677339108981546145e+00
1.685070036901239021e+00
1.700795665165564019e+00
1.675968115615495968e+00
1.670854953422098221e+00
1.670217955881196703e+00
1.690494780846997891e+00
1.689362819265792570e+00
1.711400183036885014e+00
1.703925719101418990e+00
1.676819932961913340e+00
1.662295382562564816e+00
1.676959567480957869e+00
1.707922953546709310e+00
1.736719661548456362e+00
1.713479941489490344e+00
1.701886277733649644e+00
1.701350860149852595e+00
1.722964094071996799e+00
1.702838901166796148e+00
1.691117440437032160e+00
1.684507502223066444e+00
1.696952325850213938e+00
1.677689162796894395e+00
1.698804268915067084e+00
1.704132562595492395e+00
1.710712540108915380e+00
1.699720947661590431e+00
1.705919339323058281e+00
1.714184207553457906e+00
1.720580856678371573e+00
1.722689294733172227e+00
1.717196600719445465e+00
1.690289087741167151e+00
1.651835050875029465e+00
1.657232395469409258e+00
1.703881561911436915e+00
1.682959310686320320e+00
1.695423690621263191e+00
1.683385084226776796e+00
1.690989892448461651e+00
1.686137246122129119e+00
1.699194338740402266e+00
1.697245967440396797e+00
1.666033197246637343e+00
1.658733509984476884e+00
1.656862090475390570e+00
1.642886379936721486e+00
1.630265069666120947e+00
1.625651269752622419e+00
1.605890768960688275e+00
1.605874001478171609e+00
1.615628205212286339e+00
1.613725987277005336e+00
1.623329941169545876e+00
1.646818613038925516e+00
1.659837370177159155e+00
1.650285035991396310e+00
1.649582229149308521e+00
1.662363358106536460e+00
1.661933193277730814e+00
1.648365505982925860e+00
1.648927107132154513e+00
1.651267456371975362e+00
1.656059994778327216e+00
1.664004006693382776e+00
1.711313039815452575e+00
1.704516934642956505e+00
1.697603295302023918e+00
1.659933085312379486e+00
1.679130850982380796e+00
1.690256622817400967e+00
1.667908809010962834e+00
1.645235725138603833e+00
1.617198161474973750e+00
1.629765275179763329e+00
1.621607103884612933e+00
1.616590598349959773e+00
1.647341247991967350e+00
1.629510604384714512e+00
1.614587942650091312e+00
1.592541128568206954e+00
1.620423277479191126e+00
1.625990822478958320e+00
1.640537338208665208e+00
1.631203477617369613e+00
1.618653687598980984e+00
1.616048804053383359e+00
1.634611036794382244e+00
1.648751387849425321e+00
1.678832757533491815e+00
1.661494252240556246e+00
1.622586251781440669e+00
1.597580936398704798e+00
1.630212880485245597e+00
1.630918478571458996e+00
1.640659024370047403e+00
1.610196499164254780e+00
1.620428495972678018e+00
1.606933894216128866e+00
1.629346922062911096e+00
1.626329510569661574e+00
1.608175259271650059e+00
1.600329026184568626e+00
1.625375087879999958e+00
1.656744739950109624e+00
1.684423055087420407e+00
1.650535831656735342e+00
1.605202444702721776e+00
1.569749147344225104e+00
1.562196373443503150e+00
1.544746938945551706e+00
1.570635545857073989e+00
1.585975190056876594e+00
1.620181232013749861e+00
1.634247833162776331e+00
1.630667060452514638e+00
1.608695648004793588e+00
1.596355630892951849e+00
1.585762540464470849e+00
1.583812053609498838e+00
1.601336193589808943e+00
1.638454540897567258e+00
1.642370336788880447e+00
1.651498063132571525e+00
1.625288793743882687e+00
1.629253790827082105e+00
1.639164132493967418e+00
1.627661724969137413e+00
1.641728079165406751e+00
1.608201241433810491e+00
1.572441229792628237e+00
1.561514942883781121e+00
1.561821567379925835e+00
1.588489414834738378e+00
1.595396172264394785e+00
1.585328943281359093e+00
1.602431900994576219e+00
1.626811254357969583e+00
1.601171934867858582e+00
1.585973368016565965e+00
1.565303543843787226e+00
1.537674628553301392e+00
1.537066566276813262e+00
1.544323905523275586e+00
1.543117594471767440e+00
1.575692005813014829e+00
1.601396416021541258e+00
1.579943625223749981e+00
1.558716483344093406e+00
1.604755752645148581e+00
1.608839208903995344e+00
1.612259072388810388e+00
1.592410737258164177e+00
1.590805376802183480e+00
1.571198118391619269e+00
1.599520083917248536e+00
1.603299660219193346e+00
1.599208066897821912e+00
