5.759833009825271466e-01
8.918494273189739863e-01
1.102260542426226397e+00
1.347088264288063275e+00
1.448184740372095103e+00
1.547116422728316731e+00
1.572903725259377605e+00
1.598901660936976166e+00
1.626290358619622234e+00
1.663697425641555094e+00
1.680669407960653228e+00
1.707137971449681713e+00
1.691306368969044627e+00
1.695731378569814263e+00
1.687751818838703510e+00
1.673449853512805729e+00
1.667059095664593205e+00
1.658380602062248688e+00
1.672509652821846826e+00
1.675354207934324657e+00
1.656859820344408041e+00
1.646846028419346020e+00
1.641049087766211390e+00
1.659532795167379948e+00
1.648541487678699013e+00
1.655181085540897934e+00
1.646641577858913408e+00
1.669229698765819725e+00
1.674012944600136832e+00
1.676031188002430117e+00
1.675635617258985466e+00
1.681626336206030414e+00
1.688288893978411753e+00
1.671017664279605075e+00
1.666769744268814302e+00
1.636795942785993718e+00
1.619872500376561719e+00
1.611856551884849553e+00
1.608877742073641537e+00
1.612333701784123940e+00
1.650794454182641369e+00
1.669894787439986317e+00
1.711577031179696506e+00
1.713780553490559022e+00
1.697375671384558249e+00
1.669087287922530249e+00
1.644230583049376193e+00
1.631962907133019725e+00
1.649949954893298987e+00
1.653446446790149515e+00
1.646130654806329474e+00
1.671960418544565563e+00
1.683617242803511438e+00
1.695858231095757507e+00
1.654076197542549087e+00
1.643580557889017690e+00
1.635726512533616894e+00
1.635048668025014251e+00
1.625156911062673126e+00
1.611432291776514480e+00
1.614863561848113527e+00
1.596637281853980239e+00
1.613491219614903605e+00
1.642119539986856891e+00
1.672740085970428003e+00
1.671851534456600952e+00
1.671199840256628821e+00
1.648701421080341900e+00
1.627388186699582517e+00
1.634115454543513479e+00
1.634209980546056595e+00
1.676883222956319530e+00
1.690636362731036568e+00
1.691353049852186929e+00
1.655872828701267396e+00
1.652290034363937288e+00
1.640939528392226121e+00
1.627101156514114022e+00
1.604427773224478049e+00
1.606254017647664512e+00
1.630407090533757986e+00
1.652740524814273471e+00
1.633221764525041753e+00
1.611138186235322456e+00
1.602104203853077280e+00
1.608331965799578933e+00
1.626412881572365521e+00
1.633241214380035000e+00
1.665013484459081372e+00
1.672508192514438496e+00
1.671510074164663351e+00
1.689951036230684656e+00
1.698024527342754331e+00
1.686023487497759099e+00
1.659151074926795033e+00
1.652843944353325156e+00
1.658086033350205213e+00
1.644769845483154747e+00
1.623172448899165454e+00
1.616667764981479571e+00
1.655692663832073919e+00
1.635233285924477142e+00
1.635978771104165119e+00
1.632115354189019207e+00
1.635654376031412394e+00
1.651781072845152742e+00
1.682933759182577038e+00
1.680832057824559689e+00
1.671353303960014358e+00
1.638947901028131593e+00
1.625095746649975803e+00
1.593974562231146530e+00
1.613105059645295380e+00
1.626214908174467677e+00
1.668752663954281568e+00
1.654647307509140575e+00
1.655457732179253405e+00
1.653698522817051542e+00
1.660248784050352810e+00
1.665367793033213362e+00
1.693243123417232265e+00
1.630245615201389331e+00
1.607225014613497871e+00
1.582493419994742911e+00
1.586873575734989439e+00
1.592186377446445533e+00
1.575593583947046961e+00
1.571984874081143069e+00
1.564228246838864855e+00
1.576374255036418592e+00
1.565422663801279812e+00
1.564200308845691501e+00
1.563117609665209740e+00
1.577221753809898708e+00
1.611318107835012281e+00
1.601750494032505578e+00
1.594153362266491847e+00
1.587185453918047662e+00
1.585790723261356838e+00
1.574281883742173926e+00
1.584293284307413563e+00
1.601252875956272748e+00
1.617579765867246389e+00
1.594236282526764859e+00
1.577311597283008515e+00
1.562105584780227652e+00
1.587185116686231190e+00
1.587673741005905415e+00
1.572807171391206627e+00
1.583659928692699781e+00
1.600283706149533636e+00
1.586597460116793812e+00
1.563709871717543054e+00
1.548453626416353535e+00
1.512607871170963847e+00
1.537027647750707438e+00
1.567860785527519063e+00
1.551806447737443140e+00
1.572012324747848577e+00
1.565227454379603200e+00
1.565662947180753051e+00
1.553914190903013415e+00
1.541017114151693512e+00
1.539531962331891934e+00
1.547091313741228547e+00
1.568056299216986416e+00
1.601064231651437630e+00
1.587092462116845404e+00
1.576070657650320284e+00
1.586295943904143524e+00
1.592364296237238852e+00
1.584360318818271107e+00
1.616472773865571311e+00
1.623522026962535003e+00
1.617236177317825652e+00
1.576474935587638404e+00
1.580931839149781304e+00
1.568610113693036379e+00
1.562298256776990302e+00
1.533543850930458197e+00
1.539134844785214229e+00
1.563362773859683141e+00
1.560598012626687625e+00
1.546865006928468178e+00
1.541231110204189569e+00
1.557815418043800859e+00
1.567746989675022240e+00
1.578651889004190512e+00
1.563098537483186723e+00
1.559040124064491550e+00
1.572146262221225888e+00
1.580014085370000210e+00
1.579646585058233965e+00
1.569257215889251933e+00
1.576039118424718222e+00
1.569330618383490306e+00
1.576779286128491719e+00
1.565685190630234036e+00
1.555330197264327863e+00
