4.979415503671464904e-01
8.093010901948388680e-01
1.070136945566991127e+00
1.271264907598325777e+00
1.472774368259862188e+00
1.568936055970782339e+00
1.599597844994668838e+00
1.588075111115132998e+00
1.631076846518323853e+00
1.639581877400222210e+00
1.660811875865054521e+00
1.652304987140895021e+00
1.687733983451483066e+00
1.685346294197290540e+00
1.683570481212251613e+00
1.720794067798154359e+00
1.730995214087004186e+00
1.749300258873186076e+00
1.742307272736241419e+00
1.680257584262309756e+00
1.624977702569381233e+00
1.596311621669106895e+00
1.590163224451565549e+00
1.606201366660682250e+00
1.623703191276733016e+00
1.609991233566250513e+00
1.640988883101121010e+00
1.663673293665593134e+00
1.664832711345687777e+00
1.677556570303975203e+00
1.698884986707407174e+00
1.714828316392912999e+00
1.727250879067384171e+00
1.699107733794556596e+00
1.686772398720228772e+00
1.644060676911022645e+00
1.668461124516278815e+00
1.670824840705732228e+00
1.674101789043523913e+00
1.637331635252666784e+00
1.616939948828537421e+00
1.622562145968505787e+00
1.654872499044828027e+00
1.649956309954270894e+00
1.660130115498257064e+00
1.687899106348175193e+00
1.748547936310988815e+00
1.758487883063608370e+00
1.709270907258115813e+00
1.688502693230993668e+00
1.676015455170851709e+00
1.659267635812687436e+00
1.680486148860032447e+00
1.687752836794611522e+00
1.643950048353735927e+00
1.603743216218961987e+00
1.595606428427776891e+00
1.566756294962163176e+00
1.557712332189036486e+00
1.572280706669249239e+00
1.590296707125814724e+00
1.605017427723139711e+00
1.648353279831820117e+00
1.681266187230871179e+00
1.714055541452081943e+00
1.700034613381649962e+00
1.750660975216404180e+00
1.741293957080440880e+00
1.707978259997271264e+00
1.648565694046699504e+00
1.601681407164476711e+00
1.575939125330652502e+00
1.586983776274996760e+00
1.596314437237495998e+00
1.608819768307226505e+00
1.632498078792724572e+00
1.635553371382821641e+00
1.617924894932010416e+00
1.615392326051075855e+00
1.596571342245065805e+00
1.591621667480873414e+00
1.594629444420723630e+00
1.599339461107380789e+00
1.622603186418780430e+00
1.592261283163605601e+00
1.604959930355882136e+00
1.631884894913137707e+00
1.624157963848667841e+00
1.623596105480822560e+00
1.608806996246255894e+00
1.609107994253750284e+00
1.591267227330330325e+00
1.586249065738613684e+00
1.575488375175607692e+00
1.613827144982664441e+00
1.590266897798648049e+00
1.584598183503163948e+00
1.586267716975473308e+00
1.586551003882392230e+00
1.570854531957875722e+00
1.604547302792922014e+00
1.616197835043475584e+00
1.604139167957405299e+00
1.623692397806270060e+00
1.662892340564432470e+00
1.644615410478457385e+00
1.633851736686651401e+00
1.633587381798033533e+00
1.603466006280637846e+00
1.589837765913189926e+00
1.583380026902791560e+00
1.593549919849844398e+00
1.590011896372198974e+00
1.587183927625970048e+00
1.540425506140400191e+00
1.581320557758564282e+00
1.637196708325975303e+00
1.641825544252924152e+00
1.649985403978179832e+00
1.642992856666809498e+00
1.616496118593143239e+00
1.576947094424747453e+00
1.563151567422658594e+00
1.565446001083789174e+00
1.560106310613187830e+00
1.557713870353965024e+00
1.568327062725230592e+00
1.548066379354758659e+00
1.539210822729662365e+00
1.539092760599550802e+00
1.557705298969375596e+00
1.582733662108358308e+00
1.576041876895054594e+00
1.590173608135963423e+00
1.591437855656663514e+00
1.615199844610784918e+00
1.627325351382519436e+00
1.637963022295190862e+00
1.616501194540017838e+00
1.594140194249453302e+00
1.574357810851938932e+00
1.563883752281370221e+00
1.557453279870699037e+00
1.564373355009021305e+00
1.604673786029442217e+00
1.613517940130615891e+00
1.621548734080888066e+00
1.602293324697020571e+00
1.624611434703901569e+00
1.616770156231927213e+00
1.604927806250277422e+00
1.572164571268797495e+00
1.572526123404515808e+00
1.562762181777717529e+00
1.583643128638648534e+00
1.560215775591862641e+00
1.567947659574528529e+00
1.555465201614256943e+00
1.538301723156925593e+00
1.548449694796911302e+00
1.530779542782256364e+00
1.542458478376160791e+00
1.543688824687482919e+00
1.602762729718457679e+00
1.597593788599181552e+00
1.616115612013583558e+00
1.596220153714102974e+00
1.593294409823715840e+00
1.610688962403094004e+00
1.623800212287637823e+00
1.601320774457710483e+00
1.596002717206930432e+00
1.631271770267261223e+00
1.623316101049381288e+00
1.615494320692881569e+00
1.592091519384145837e+00
1.552957230327558502e+00
1.532516089555971073e+00
1.555362560095084667e+00
1.579841338196795952e+00
1.583796364680420288e+00
1.555212018042566591e+00
1.548885760941471457e+00
1.551707660420966750e+00
1.546292317588828347e+00
1.517121603098572580e+00
1.522915178088647847e+00
1.531090081096819988e+00
1.560134198381361026e+00
1.584092090822747823e+00
1.566174160471444088e+00
1.573059749421862108e+00
1.552148190535863170e+00
1.566243363712058301e+00
1.553699682271010962e+00
1.547010859347940359e+00
1.531099848672683006e+00
1.534311841878042815e+00
1.542110781613975856e+00
