5.656239776882139303e-01
8.712025783155791236e-01
1.118574839590421144e+00
1.322502205131656172e+00
1.487478076230672519e+00
1.562337271753681200e+00
1.576573656676317325e+00
1.602390826681294067e+00
1.633426595839009510e+00
1.596954552134220329e+00
1.583859832035350967e+00
1.584498196985564267e+00
1.588313176071947552e+00
1.614470263132744998e+00
1.624924551073750223e+00
1.609738210462377417e+00
1.639980916908327702e+00
1.623058116802556183e+00
1.619554884863228850e+00
1.638567831422401699e+00
1.642802719954713497e+00
1.597444697153531878e+00
1.616878381708252599e+00
1.615110534483268356e+00
1.604401947322440236e+00
1.612633282166354709e+00
1.598470106937337265e+00
1.587666583744950399e+00
1.574565816102012183e+00
1.577489804184802447e+00
1.581909346885986833e+00
1.588180839373865005e+00
1.625322092122000406e+00
1.617591437665830467e+00
1.615471973091705093e+00
1.590459107804174321e+00
1.615922930822864423e+00
1.628628950225422978e+00
1.655709321041411552e+00
1.659695344338175449e+00
1.644084865896879410e+00
1.639520529069128374e+00
1.628819849572809453e+00
1.606630007331866228e+00
1.588360262312243254e+00
1.609008414595597625e+00
1.613525466274780662e+00
1.566146950328530130e+00
1.554155877181038647e+00
1.552640969996118336e+00
1.559654372391144461e+00
1.561208561884585677e+00
1.593124027399493992e+00
1.586156220931888905e+00
1.568298417612706386e+00
1.558565574954499100e+00
1.548540291832155136e+00
1.548631677008720731e+00
1.575528119673767824e+00
1.594718789578574825e+00
1.594789365352733856e+00
1.575619076200405200e+00
1.576303884404395284e+00
1.573513036523455089e+00
1.581585898123513356e+00
1.599011077882864562e+00
1.610377826284215441e+00
1.598706675937573429e+00
1.589127974151554934e+00
1.591621208365446627e+00
1.597918211165332725e+00
1.603685483982997706e+00
1.593841847097892783e+00
1.594290327538338436e+00
1.577285449741136603e+00
1.561356669737413050e+00
1.564809287363993828e+00
1.550832365413126190e+00
1.548505575526690548e+00
1.551400384869942251e+00
1.565859996542854127e+00
1.572188201335046109e+00
1.583986741655406094e+00
1.571744034124559430e+00
1.575160270065631751e+00
1.574662297350448270e+00
1.582334992391042361e+00
1.565494205846351017e+00
1.587195046530520237e+00
1.575007716755939313e+00
1.581314611142178528e+00
1.563913688976668936e+00
1.557795017337599175e+00
1.534393378429677712e+00
1.550316327528952653e+00
1.551910426042668378e+00
1.560746457830555878e+00
1.558523523882253459e+00
1.569238770100358282e+00
1.583284964919085214e+00
1.598213931445919833e+00
1.590789659722017246e+00
1.574776399550475325e+00
1.540016409953870680e+00
1.535453274599444917e+00
1.553510044742104856e+00
1.548821289635592180e+00
1.525359233669270509e+00
1.522859665794578987e+00
1.528616993078603770e+00
1.521132056199083094e+00
1.541972417517372795e+00
1.537322712963624438e+00
1.529608756449184481e+00
1.530548353546643092e+00
1.529207327768531632e+00
1.536600791152203938e+00
1.527390260584255754e+00
1.547527274308387435e+00
1.539006673290316707e+00
1.525193003971730521e+00
1.521545633505140493e+00
1.536380432888204473e+00
1.530167635377929880e+00
1.529775427019362866e+00
1.511022028576938458e+00
1.526765093246792437e+00
1.530074035654058306e+00
1.531232466894351330e+00
1.540197428980410121e+00
1.529654639784376213e+00
1.517247155525700331e+00
1.498458840521638358e+00
1.487943218627764130e+00
1.495949225329649357e+00
1.497965853843999939e+00
1.506921886974466496e+00
1.517849924797088246e+00
1.524366502996108652e+00
1.501651351549854185e+00
1.516156682213670948e+00
1.525335202248280675e+00
1.511140702966554450e+00
1.516665502273279786e+00
1.524197350261421890e+00
1.510475029689863025e+00
1.507166431277771279e+00
1.498047598727136220e+00
1.538820317037015606e+00
1.527288851657163438e+00
1.539883948708518524e+00
1.527387942036860791e+00
1.536539680050293288e+00
1.528779896795791737e+00
1.513306458158594880e+00
1.507382315318938293e+00
1.512009482607286515e+00
1.510818336434160969e+00
1.503330062086069674e+00
1.491099280634361479e+00
1.513576543315401812e+00
1.528592638913677693e+00
1.507596466464523832e+00
1.490308801071337896e+00
1.509982132211302064e+00
1.529953718723768397e+00
1.540329156588695625e+00
1.522315994153283780e+00
1.508606872474449689e+00
1.520159681830551390e+00
1.527698637280669791e+00
1.528800522008092022e+00
1.532864114126248900e+00
1.566868761733033466e+00
1.515291614354701277e+00
1.507066409937138696e+00
1.489393502877923936e+00
1.522759381569512627e+00
1.517562958592245659e+00
1.511678960515202341e+00
1.502080880836466514e+00
1.512116038577509869e+00
1.511703457861274247e+00
1.516065792461755324e+00
1.511583379810425010e+00
1.506539121156173389e+00
1.506623736093510635e+00
1.505731494513015578e+00
1.506222325396130213e+00
1.516439306074093496e+00
1.504687248198212757e+00
1.505238549416646476e+00
1.517633785427563442e+00
1.500566571739968547e+00
1.491132496354816928e+00
1.501666559796183797e+00
1.515745714811134626e+00
1.535581095194257673e+00
1.535890299669850467e+00
