6.693430926490874233e-01
9.426870606082411452e-01
1.171027552969135188e+00
1.489396276195881663e+00
1.622063114718215182e+00
1.720962107914176586e+00
1.721862682610939776e+00
1.729102099470624321e+00
1.729261212815712989e+00
1.736939400296962255e+00
1.759075819865848933e+00
1.736115635575186111e+00
1.722930570223339508e+00
1.686861330171835371e+00
1.691331124611444414e+00
1.681405173502284578e+00
1.693759936203395933e+00
1.679852419213649695e+00
1.700104765559224296e+00
1.688512223044463356e+00
1.638624813197500973e+00
1.626808942191272811e+00
1.633688191566241565e+00
1.676824375301205983e+00
1.719842713153548752e+00
1.733913698722383323e+00
1.765538228904480533e+00
1.759366706504148059e+00
1.753548438144071353e+00
1.725958691683005863e+00
1.685006482412273021e+00
1.648831218160353274e+00
1.666852834973496567e+00
1.641042108771161745e+00
1.667413884997575479e+00
1.680341745805335352e+00
1.672685709290773870e+00
1.638433221136714524e+00
1.634412723740389817e+00
1.609092583114554831e+00
1.646833681961290985e+00
1.645926894719955236e+00
1.638860092748599895e+00
1.630031504016050903e+00
1.632853854268105698e+00
1.646736198643687477e+00
1.638021263699081187e+00
1.636437814423639336e+00
1.649119400697137694e+00
1.671608155433137455e+00
1.689333895346567749e+00
1.701303189472503696e+00
1.691394750794769974e+00
1.680789218762573256e+00
1.716622231413897248e+00
1.759649262452629204e+00
1.763572933844662183e+00
1.741260649444132502e+00
1.728679927535403449e+00
1.714315033636228947e+00
1.672817919638271977e+00
1.637752061854474972e+00
1.654017053716298369e+00
1.659892675574525134e+00
1.659520237217074978e+00
1.663119529599825341e+00
1.664526570913880565e+00
1.655314120575652970e+00
1.647210238780082658e+00
1.634325134035738092e+00
1.639426132185942242e+00
1.694676206016196174e+00
1.724647638958891838e+00
1.734837917630799975e+00
1.742049800389185776e+00
1.745796466073914921e+00
1.768833779361401293e+00
1.727095946886464395e+00
1.703710931114579719e+00
1.655261099848998496e+00
1.658236149437359197e+00
1.652677554093676893e+00
1.649197633925403972e+00
1.654537749745723874e+00
1.666684389796050825e+00
1.673515919141133068e+00
1.641828278938346486e+00
1.624733811871809541e+00
1.619154222899231277e+00
1.626923920804961066e+00
1.647726378780416834e+00
1.629020378906405053e+00
1.611152100941227294e+00
1.626716075697002051e+00
1.605268923166643269e+00
1.612590918456645595e+00
1.608218344788137966e+00
1.604059335637298744e+00
1.641354122207841382e+00
1.663388780885858065e+00
1.681342705091792400e+00
1.677087123749045894e+00
1.675356808242116635e+00
1.648958246354985224e+00
1.635274650466113311e+00
1.624738401725285941e+00
1.623335072935180756e+00
1.614393923022791943e+00
1.640903013320616166e+00
1.664571742484364458e+00
1.655667299819177041e+00
1.662495481820171372e+00
1.639931472197217799e+00
1.628964293735819746e+00
1.626973793391219836e+00
1.622772987718461568e+00
1.602069535473768402e+00
1.611924126468719187e+00
1.605115759151794608e+00
1.595437050761504993e+00
1.589571457581969272e+00
1.627085764998344786e+00
1.651266901953793109e+00
1.642688192848309692e+00
1.650294468957374194e+00
1.656559029392941973e+00
1.667286976463190351e+00
1.626627548556863090e+00
1.588592331922104028e+00
1.592663206397351150e+00
1.617732330314560762e+00
1.610983414106006872e+00
1.625951828410102884e+00
1.606918663606981656e+00
1.591553100754256933e+00
1.604593463473582782e+00
1.608010410524856049e+00
1.652167384374606751e+00
1.687590512011259980e+00
1.666915025456421118e+00
1.667607722070655552e+00
1.642096874764193970e+00
1.616122140425580556e+00
1.614785218039759940e+00
1.609469804425099682e+00
1.641887838234001862e+00
1.625269705129052111e+00
1.632928746192953584e+00
1.647882672397073422e+00
1.689577966553878152e+00
1.676896224193983098e+00
1.686714178187166846e+00
1.670857831700605756e+00
1.655148798086159001e+00
1.605021520231654009e+00
1.596206408885345818e+00
1.602039146307725037e+00
1.612312820529623547e+00
1.640888540521329597e+00
1.628228212669822428e+00
1.609763334676810320e+00
1.589084604303898418e+00
1.596846923085025072e+00
1.604805589515786002e+00
1.614280838773890059e+00
1.629170258275184135e+00
1.639971863133577568e+00
1.607226053395796050e+00
1.612854723055079154e+00
1.624619549748500758e+00
1.642120976654825037e+00
1.643202297518238320e+00
1.635182790478495685e+00
1.583461772497254616e+00
1.607881019108503784e+00
1.630633438073927133e+00
1.614869002302375289e+00
1.588507134357341588e+00
1.596201443803278996e+00
1.609749879377170734e+00
1.663531991091856233e+00
1.650119085498594762e+00
1.630788994759229338e+00
1.644149727500388680e+00
1.623912141320206892e+00
1.614238828865808939e+00
1.598114807469278809e+00
1.590053136445022108e+00
1.580617236596257191e+00
1.560417160988861296e+00
1.578550925141563921e+00
1.538173519058458671e+00
1.573667954342885311e+00
1.571753856156871798e+00
1.570550407891735833e+00
1.561553160426885745e+00
1.560667536509634745e+00
1.556030117143254010e+00
1.561453740864159556e+00
