5.256851315947811409e-01
8.693122962378190266e-01
1.102489453260948160e+00
1.328435531247084578e+00
1.466716231160923201e+00
1.571641369785780729e+00
1.631892918643476964e+00
1.654071739832851495e+00
1.683716962544082207e+00
1.676459125863765331e+00
1.663053317797897890e+00
1.649806471475437686e+00
1.626149006102843853e+00
1.586107971967311903e+00
1.598915017069706179e+00
1.590285351968850680e+00
1.592238148440576762e+00
1.620263512804586581e+00
1.670972776087904510e+00
1.699609234330917040e+00
1.676949644535101314e+00
1.608082782381031084e+00
1.589543275501593467e+00
1.557784923434947899e+00
1.583905083385045431e+00
1.595647445551744648e+00
1.626510966546424353e+00
1.627866655649113259e+00
1.627008608052572747e+00
1.641910231056390890e+00
1.633824436328897178e+00
1.610224255584324027e+00
1.595844874638600253e+00
1.589459976444248301e+00
1.567179641365664455e+00
1.575603184676086954e+00
1.568867800196823703e+00
1.561810640295935970e+00
1.584605291764289214e+00
1.589343098680135125e+00
1.618907644322858497e+00
1.638343393194553910e+00
1.642994447509187328e+00
1.641375599612511449e+00
1.622679810717489346e+00
1.617668077555921347e+00
1.612079010359289688e+00
1.596666418037237856e+00
1.570284416851950082e+00
1.549214848550468648e+00
1.531716219532988754e+00
1.533416282543586640e+00
1.550775268184578781e+00
1.551443263930226912e+00
1.578974151114911795e+00
1.573417115943168909e+00
1.579443972243815164e+00
1.575775864757507749e+00
1.584986980296122505e+00
1.579576558734287817e+00
1.548843750465665803e+00
1.553584566681837531e+00
1.553539161328813645e+00
1.563465284836344837e+00
1.571745675452481894e+00
1.586239059201251189e+00
1.606560933458230256e+00
1.601924434926565999e+00
1.615213914273781803e+00
1.611727311151614384e+00
1.592250639987560668e+00
1.576988701559441708e+00
1.589000367474026065e+00
1.573541751320951976e+00
1.561902385058796527e+00
1.547454883148786653e+00
1.546259583112379321e+00
1.566084636431169796e+00
1.577404702227276356e+00
1.591548697661008482e+00
1.581731684414768635e+00
1.544244086161088658e+00
1.536687827071474333e+00
1.564221737768155318e+00
1.556865835145387233e+00
1.545883701584706671e+00
1.525059150437579003e+00
1.565999492245599534e+00
1.587654008378910575e+00
1.575071544551950753e+00
1.556858300637985026e+00
1.524930992764244708e+00
1.536665764691513836e+00
1.537495602761705271e+00
1.522788965232007907e+00
1.523943573797534423e+00
1.563417825215658752e+00
1.575943491277070896e+00
1.562376668506445965e+00
1.518936864342152138e+00
1.547887263304108529e+00
1.520178288808149869e+00
1.542048752535834621e+00
1.561545079621972310e+00
1.563226130451526696e+00
1.558325428141690727e+00
1.564545206175693037e+00
1.566393705818047488e+00
1.574665870810488588e+00
1.547551453699328450e+00
1.513078075779729081e+00
1.531276038347843427e+00
1.514198087588953578e+00
1.520827945445524243e+00
1.540208151285115346e+00
1.542152683933295299e+00
1.546013210268123439e+00
1.547748852872816716e+00
1.577653637449419666e+00
1.586682375254400812e+00
1.614934632773519008e+00
1.583365582117932213e+00
1.573614036913591585e+00
1.537770123725515692e+00
1.544745722308374036e+00
1.503286794119915060e+00
1.514941030610577055e+00
1.519662841482610549e+00
1.534454132499218471e+00
1.512630904474061344e+00
1.514270988064892798e+00
1.534476953829686741e+00
1.537026312741983647e+00
1.530283759035959035e+00
1.536171649971319608e+00
1.523822397005683449e+00
1.535946997452653839e+00
1.522051384108259242e+00
1.543593042360921652e+00
1.527804216915912061e+00
1.523270635223678893e+00
1.531457302969408962e+00
1.558608934454213335e+00
1.553691644609768607e+00
1.540090347158394657e+00
1.523735321185448965e+00
1.533827783929212041e+00
1.502067282953368776e+00
1.490329875019315908e+00
1.487210658277832831e+00
1.500967449281314314e+00
1.499180961501757725e+00
1.527808011725296122e+00
1.526246885404183073e+00
1.513392629312652282e+00
1.495405265265412398e+00
1.489621773496193624e+00
1.496510531518479459e+00
1.547880109994614228e+00
1.525079407699488909e+00
1.517631026534242089e+00
1.546386902444667477e+00
1.552089168677496467e+00
1.526225217220846142e+00
1.519994495937261769e+00
1.541668468338353470e+00
1.540875932258290337e+00
1.533161155991165314e+00
1.531889425345320133e+00
1.531620436538515095e+00
1.539179831799656117e+00
1.547206783575640454e+00
1.540850281963032975e+00
1.511799541737744335e+00
1.505705910889705068e+00
1.501317066926457500e+00
1.522307402732671289e+00
1.514904383078343519e+00
1.525128524432524335e+00
1.515291063814095729e+00
1.501924856701402300e+00
1.502462182440700511e+00
1.514425174945233099e+00
1.510017049750112195e+00
1.501965462521342554e+00
1.498316067265161422e+00
1.500058203403437762e+00
1.487980334858673093e+00
1.514838703675363885e+00
1.527051884786196023e+00
1.533723278496424980e+00
1.529146436076507243e+00
1.501748406053655893e+00
1.493676520466953095e+00
1.516191576408632002e+00
1.537995524201913877e+00
1.536190513268638647e+00
1.527177323467591386e+00
1.522512901650205475e+00
