5.311155922044354938e-01
8.686130602732209383e-01
1.085029603746532345e+00
1.326182236938429737e+00
1.449234802486186524e+00
1.562557293141891401e+00
1.588997489859083512e+00
1.619764406637135501e+00
1.618702589173319994e+00
1.614141458065428081e+00
1.606458864074293391e+00
1.617360476635588462e+00
1.626192985551369485e+00
1.618997217559342117e+00
1.595979198135895949e+00
1.604097645367931646e+00
1.602525446521686492e+00
1.596981639711271717e+00
1.576564804848340939e+00
1.571230438937027518e+00
1.589560151664063392e+00
1.602882181043294274e+00
1.604934041137107359e+00
1.585172222482190030e+00
1.585026196887066030e+00
1.606585451994722247e+00
1.605232952415780234e+00
1.618021698391501673e+00
1.612399575721191303e+00
1.626555340536341987e+00
1.643024441510891664e+00
1.617977806503394289e+00
1.574745515282329089e+00
1.559827776105526143e+00
1.569750975697395079e+00
1.585269157953569152e+00
1.587689089230761352e+00
1.570271328551610557e+00
1.572695465454218011e+00
1.566087653691327741e+00
1.562434157638979748e+00
1.567001479527896146e+00
1.585456821247099191e+00
1.585220238613167965e+00
1.592115646803721862e+00
1.569931738710347080e+00
1.572325722956527727e+00
1.580119529553349222e+00
1.591188676403274993e+00
1.608281020568662401e+00
1.595822403286442093e+00
1.594170370843509987e+00
1.581622492772930766e+00
1.567485811919220762e+00
1.568389311508644468e+00
1.583392329194331039e+00
1.601244557230174115e+00
1.587051192566247604e+00
1.567930339280663832e+00
1.558617693457795994e+00
1.562430746813766147e+00
1.586531106600971297e+00
1.620560539710351300e+00
1.627047116374415126e+00
1.588268970380044776e+00
1.591453723113576357e+00
1.573685684425251807e+00
1.577584820965201695e+00
1.605310571493010485e+00
1.618355187915836435e+00
1.615910627719308046e+00
1.567760527142096905e+00
1.534600586279972534e+00
1.516302432274715395e+00
1.541552511826631111e+00
1.549868378955102877e+00
1.560884566248004646e+00
1.553503123770666905e+00
1.580586906720706786e+00
1.611202174856445568e+00
1.627335150320864399e+00
1.616417762839262418e+00
1.589515315199539591e+00
1.565596583948451359e+00
1.547747243656829808e+00
1.518261260899898213e+00
1.526931993802874699e+00
1.495459778646344384e+00
1.524545020323558209e+00
1.545598117753796075e+00
1.540984119419054554e+00
1.543774695426854526e+00
1.557030404848883443e+00
1.572756673495742108e+00
1.567273355426670012e+00
1.550987260571804915e+00
1.545639869704990010e+00
1.518292981189613977e+00
1.510687264033946153e+00
1.512049202759292443e+00
1.537068049463806263e+00
1.540706721160314263e+00
1.554950819731543810e+00
1.533803900267886045e+00
1.543237288623624304e+00
1.562769145303027685e+00
1.542004292761017803e+00
1.516860315813517213e+00
1.528115578662484042e+00
1.519833530177019609e+00
1.532342224214168880e+00
1.515633471024769419e+00
1.537507075992597727e+00
1.546898483985004624e+00
1.549448335961656209e+00
1.529530704753428338e+00
1.531246973230893316e+00
1.520598104860368727e+00
1.514986155771132159e+00
1.525461824417853052e+00
1.538585645215904574e+00
1.517874082193085838e+00
1.537255408975638948e+00
1.550071847969524796e+00
1.542222437671513458e+00
1.497558386862313018e+00
1.510398405177019843e+00
1.507631257928734980e+00
1.502575752305880474e+00
1.491210162265227845e+00
1.498528014405839048e+00
1.520572741074919687e+00
1.542372229654952021e+00
1.565340174358279102e+00
1.580252173178246178e+00
1.572258547435844811e+00
1.551191246266564683e+00
1.516181477309124004e+00
1.525122303866396800e+00
1.520014266254872570e+00
1.529422253846741686e+00
1.513968516366102746e+00
1.499163345257473745e+00
1.503741277407158572e+00
1.496837978977841654e+00
1.507046374433516966e+00
1.503963779124886546e+00
1.494423776411659910e+00
1.487877061479663254e+00
1.504456773890390897e+00
1.498369492255018143e+00
1.515699265295393339e+00
1.521786422240289482e+00
1.545418377595659143e+00
1.584414889669892856e+00
1.558965564903747492e+00
1.541421904754719741e+00
1.556280140404164847e+00
1.561981113033025226e+00
1.544934204363637820e+00
1.537471399210103229e+00
1.535583866331154512e+00
1.517767590334519134e+00
1.481463089917489429e+00
1.457049982035914848e+00
1.464470442437663111e+00
1.489035487522087919e+00
1.508999144644443957e+00
1.530100704726295335e+00
1.549996106833339216e+00
1.558362413719470485e+00
1.563525576383675286e+00
1.547507600852881637e+00
1.534833531819093544e+00
1.508652825637206929e+00
1.509452792847751690e+00
1.499996605279247497e+00
1.483975669769378003e+00
1.488051170933763601e+00
1.484709953873896371e+00
1.487988116474087130e+00
1.482444590449655264e+00
1.498098072636966371e+00
1.514998319799424786e+00
1.544053575083936369e+00
1.544998471364570580e+00
1.548817517141639177e+00
1.530388413467518971e+00
1.550447834991637297e+00
1.548450779594244597e+00
1.531363954392010340e+00
1.533095438733926619e+00
1.530221979818513711e+00
1.513417599331955854e+00
1.518993563594334795e+00
1.499011056276901677e+00
1.498355584730588719e+00
1.485600621079690820e+00
1.471017151367087772e+00
