6.140927151683425178e-01
8.386214122864064091e-01
1.081589106974031766e+00
1.326159274252139753e+00
1.472703848883007094e+00
1.602932190367265308e+00
1.655040627167529532e+00
1.669351759824834636e+00
1.677098861981603406e+00
1.697052655461156023e+00
1.735170563898346563e+00
1.767944374533918728e+00
1.782334060877021953e+00
1.739178447360890445e+00
1.716624512751700138e+00
1.690682245160420205e+00
1.662232001173568063e+00
1.648040928016503592e+00
1.665471446313476989e+00
1.667956407743367064e+00
1.679394365963714053e+00
1.686951298387230347e+00
1.699751804702586133e+00
1.658442142336547409e+00
1.676500522526774839e+00
1.704976083872973280e+00
1.730764951716078581e+00
1.739895671165770263e+00
1.750031579112628410e+00
1.764348541183522912e+00
1.742857715240114569e+00
1.712914807112946969e+00
1.710165055163142878e+00
1.663707222657887730e+00
1.646075119518210839e+00
1.661572054495838557e+00
1.668950448812041243e+00
1.653392505028642656e+00
1.684245429616794576e+00
1.686999485344575112e+00
1.711762175785321194e+00
1.680530567147478838e+00
1.698920020902363381e+00
1.697451775992586454e+00
1.749747949020948212e+00
1.761351078186695895e+00
1.733146928500933548e+00
1.679425016190195574e+00
1.659578255711323447e+00
1.663406101210675336e+00
1.670978455772856641e+00
1.658120411340498590e+00
1.678871417988426984e+00
1.683458882464405448e+00
1.700069048541008376e+00
1.683889278621693686e+00
1.669080333133108551e+00
1.648880878903211444e+00
1.671838306428183207e+00
1.664641637098115190e+00
1.647575740022661162e+00
1.650995291872992654e+00
1.671621971599026812e+00
1.674303130613381319e+00
1.712425817865645294e+00
1.725459184947211400e+00
1.740382512474839549e+00
1.732034839890399969e+00
1.754217857480988130e+00
1.756468759759331588e+00
1.717572646741617026e+00
1.680906242349810897e+00
1.661183917846986935e+00
1.624627829632961484e+00
1.628525434565689212e+00
1.651762144943317079e+00
1.664243007319649914e+00
1.649018172771436808e+00
1.648884092000656665e+00
1.634388955712494207e+00
1.630184342198042646e+00
1.658531077805850185e+00
1.683679763454138945e+00
1.671737664857796180e+00
1.673435035261964021e+00
1.642774646610534628e+00
1.606508399386648023e+00
1.628542661566027894e+00
1.673955018928643179e+00
1.684245472082395390e+00
1.632310896930329713e+00
1.628461997803421157e+00
1.642756527050030169e+00
1.621201174179885518e+00
1.601089436669131949e+00
1.618836946398470422e+00
1.629707427804856890e+00
1.613526833867769739e+00
1.626277857992287412e+00
1.641302715393777811e+00
1.656595996882146427e+00
1.653293986187595044e+00
1.645666719583400273e+00
1.636302096035312070e+00
1.606268762336356293e+00
1.602028358018086962e+00
1.606972518668923877e+00
1.619380356965077761e+00
1.632409055181277324e+00
1.621581809134133634e+00
1.621217984775977561e+00
1.609194638330964988e+00
1.593924536261426717e+00
1.619475207616254853e+00
1.623663723286906002e+00
1.631614462708633084e+00
1.626973257216266067e+00
1.661974492513787816e+00
1.683523761768088711e+00
1.662471275871791443e+00
1.665699518941486268e+00
1.669154962787368968e+00
1.652779934463976641e+00
1.640303440684413028e+00
1.642956755955193193e+00
1.625762560382697286e+00
1.630936724851508535e+00
1.655928854884627377e+00
1.667747873336344222e+00
1.651892318615260979e+00
1.647387390978297672e+00
1.628699331868180611e+00
1.624393451632911045e+00
1.597254188364237271e+00
1.624799376958670161e+00
1.630300952133882042e+00
1.649952068562020147e+00
1.615102560168964363e+00
1.586066494253557835e+00
1.568812639749253668e+00
1.592703520123805561e+00
1.572427743222244878e+00
1.594889758115020983e+00
1.581808235177033284e+00
1.592516054983938778e+00
1.596120932082677912e+00
1.625377658200828579e+00
1.614658855595355158e+00
1.608520176211929664e+00
1.590765700111247849e+00
1.604092324200656616e+00
1.607408200173651602e+00
1.620172210055393691e+00
1.646835004687274173e+00
1.637140516365426235e+00
1.660542122863888803e+00
1.642768570189021782e+00
1.595537131703274270e+00
1.584504873872298436e+00
1.582254432454590631e+00
1.609919194993927327e+00
1.627311689769197267e+00
1.634636937888036545e+00
1.608702054084206745e+00
1.604432668039680321e+00
1.607311330204348465e+00
1.608956724405703032e+00
1.613527209362086268e+00
1.600848848667634439e+00
1.588147064231362648e+00
1.607649261973205901e+00
1.607920579741336953e+00
1.602861814009342245e+00
1.613654818789914902e+00
1.619527184028041411e+00
1.619718645336488683e+00
1.610697611291822762e+00
1.589626977820225218e+00
1.578213705769801356e+00
1.579239418370927961e+00
1.590407801004611210e+00
1.618427109267059683e+00
1.615434742603909291e+00
1.608735011502908430e+00
1.611306481840874660e+00
1.629823870790240159e+00
1.627104053993025046e+00
1.620575538053525166e+00
1.621770567878562774e+00
1.606845211919073479e+00
1.600872560799863731e+00
1.599526420891804301e+00
1.588012411583614503e+00
1.577937772601885280e+00
1.599905872199720802e+00
1.579387266621864683e+00
1.588136549143688070e+00
1.578861889186950807e+00
1.560796451572415977e+00
