5.524830132018833106e-01
8.521483340683368990e-01
1.134215815451255605e+00
1.318249740232463108e+00
1.492789525302684384e+00
1.573987932919790778e+00
1.616247588951766900e+00
1.659892111252125879e+00
1.675185161616602691e+00
1.676753405395394747e+00
1.706835296775180977e+00
1.717928512631196725e+00
1.681693286286475297e+00
1.677599481406722326e+00
1.652254425817635930e+00
1.675228121901666700e+00
1.697193896105990474e+00
1.717511796035754212e+00
1.730492009573497247e+00
1.709933814254726236e+00
1.695687762406256738e+00
1.685228522281597030e+00
1.659311326996255609e+00
1.631931312298107617e+00
1.609365620454088042e+00
1.612016633833937007e+00
1.661056578472783540e+00
1.696477421242685413e+00
1.705781845944781328e+00
1.726545353877252831e+00
1.745557485727097680e+00
1.741009875717543842e+00
1.715629251710026670e+00
1.676175344531676714e+00
1.656744855794153759e+00
1.647414692493404109e+00
1.670948560090703028e+00
1.690703228204938791e+00
1.688773434813108931e+00
1.687044608416893521e+00
1.674773899817453282e+00
1.675088671806556073e+00
1.698359856572769999e+00
1.717266198874343619e+00
1.739436494519039922e+00
1.719857794485782021e+00
1.719987661138810742e+00
1.716695331124252988e+00
1.691160500911976783e+00
1.679634423373109753e+00
1.653131191409872081e+00
1.655179558445469379e+00
1.649434422430689828e+00
1.651152008525694326e+00
1.655306036696587046e+00
1.635603905089368704e+00
1.606738052096708724e+00
1.589628999506888407e+00
1.602179930498262239e+00
1.642874834429749908e+00
1.644622129766073027e+00
1.632026507536544102e+00
1.628511314606980953e+00
1.634307106153223055e+00
1.638365256338433662e+00
1.634800219247178665e+00
1.637937586650505706e+00
1.653611590181573110e+00
1.698527572083274428e+00
1.759980037250863383e+00
1.747888856217761688e+00
1.736592616967727709e+00
1.720774931991827739e+00
1.694460219552982760e+00
1.661508283861006019e+00
1.640064016419297666e+00
1.614788793098262065e+00
1.639843509453177139e+00
1.657641583882448311e+00
1.669867096091034453e+00
1.667615951505378558e+00
1.615733896802227676e+00
1.609347186888694381e+00
1.646768201736257708e+00
1.681615598783148258e+00
1.642003599095413158e+00
1.629961793562296757e+00
1.604320925714557200e+00
1.614772930261388018e+00
1.636936752427367470e+00
1.652353630810138307e+00
1.639089424600357336e+00
1.635613208210770386e+00
1.644459299051078682e+00
1.623339722148085418e+00
1.645064390638043106e+00
1.667175304567912297e+00
1.664742843109373815e+00
1.654243350086214370e+00
1.613005126636372966e+00
1.607530922468944246e+00
1.590483348706672517e+00
1.604959306098132199e+00
1.638531078588612910e+00
1.649067706549996126e+00
1.660251328747159194e+00
1.657749791806519157e+00
1.622567794812376674e+00
1.618346395266358817e+00
1.625453161423658921e+00
1.635804311547677026e+00
1.624984192226114121e+00
1.625930251154157569e+00
1.650080326787503715e+00
1.627731057838228468e+00
1.601231785090172499e+00
1.605184945313798517e+00
1.600367126708708287e+00
1.600260960678644206e+00
1.602295784485120667e+00
1.603905526595660547e+00
1.607277836836681129e+00
1.597034876591942876e+00
1.577604521399333048e+00
1.594849142696861399e+00
1.605244705556978069e+00
1.588646280624139928e+00
1.585509264850956335e+00
1.613947959938406562e+00
1.598739063858538589e+00
1.605497871232849594e+00
1.602011303344674786e+00
1.602492491215922632e+00
1.625537512573007159e+00
1.597331583398821531e+00
1.605342746647893337e+00
1.594907331434413322e+00
1.623867862262031947e+00
1.634608581313003572e+00
1.601260374134201525e+00
1.571306345398687743e+00
1.564314463926786081e+00
1.575191844372951344e+00
1.573217630360332686e+00
1.576508272410890310e+00
1.596255390214172731e+00
1.597599322731005245e+00
1.585927387254219445e+00
1.584108765696466081e+00
1.599866230945780732e+00
1.622206222538479015e+00
1.608645933531128058e+00
1.602643862723226453e+00
1.587076574443599064e+00
1.585328036992231571e+00
1.576303271689125651e+00
1.575949780801633393e+00
1.577560482918904938e+00
1.566681684639861016e+00
1.562075970623745258e+00
1.568156580345177797e+00
1.588700366743365011e+00
1.596064792999497106e+00
1.578627646662773332e+00
1.582468815087795910e+00
1.578110548598852025e+00
1.577150119336596434e+00
1.578112038398893802e+00
1.585484511965913113e+00
1.576743387330871604e+00
1.603381845709792364e+00
1.574558142147042705e+00
1.577742405107065649e+00
1.586262970713611331e+00
1.613857678964337516e+00
1.603969321819767258e+00
1.610234872555407870e+00
1.599986509358144904e+00
1.619140273532033714e+00
1.615897620529945566e+00
1.611909524577432640e+00
1.578504017850054453e+00
1.587528734061962155e+00
1.606961843951242086e+00
1.583340315914626872e+00
1.575019445655864381e+00
1.567993841284811340e+00
1.576524215737060253e+00
1.568629664395439161e+00
1.558746557845636982e+00
1.538862660506921776e+00
1.536891267038580589e+00
1.548089015342641428e+00
1.551498686040876152e+00
1.553474443150667961e+00
1.542243224416947056e+00
1.533495992030067923e+00
1.571399117278513557e+00
1.581712700033840457e+00
