6.580962089768552792e-01
9.285736231632562010e-01
1.163375627746051633e+00
1.387413521156817708e+00
1.522840456665155218e+00
1.608267296002485525e+00
1.667634528213708833e+00
1.688126355272273171e+00
1.695201419895478789e+00
1.718044197956726471e+00
1.731979445097569181e+00
1.715687954552388206e+00
1.718033829774075816e+00
1.715225008355035552e+00
1.707667107901889914e+00
1.692249879300481652e+00
1.699424545223783278e+00
1.710640544993511813e+00
1.684715867609931417e+00
1.683502421170483876e+00
1.674143078035260190e+00
1.677697620320736549e+00
1.668548179604324444e+00
1.645260412201604794e+00
1.660417069972622173e+00
1.701900296860588080e+00
1.714962679639474352e+00
1.723595918643777702e+00
1.707642540179094892e+00
1.681518841523398811e+00
1.709020104376233862e+00
1.728410039303494683e+00
1.722996760449949649e+00
1.699975267847054106e+00
1.663225128135881858e+00
1.669344253380908638e+00
1.687694828216511178e+00
1.691538863997572362e+00
1.659872892117548959e+00
1.654724347333604850e+00
1.663253668225122883e+00
1.662489160336983574e+00
1.694616440697249038e+00
1.677173841759057371e+00
1.679843271866868992e+00
1.675463633020301213e+00
1.681828259760115074e+00
1.686198547379992085e+00
1.693744849791916307e+00
1.685218450844304217e+00
1.682221569007950945e+00
1.675996008691586381e+00
1.689495926965381978e+00
1.678465302769339917e+00
1.671758575525414292e+00
1.651917019103232853e+00
1.628119564224296267e+00
1.614756060301819618e+00
1.632800674149324838e+00
1.667709560557921744e+00
1.679085014636084283e+00
1.658478085703315896e+00
1.665691563917654827e+00
1.692676237858631971e+00
1.723451621171513848e+00
1.732002376804081756e+00
1.712117105052263222e+00
1.694261512959431615e+00
1.675148077100512944e+00
1.662958115280600335e+00
1.635179285003186989e+00
1.629063945842371908e+00
1.647221892448472280e+00
1.670609842147018131e+00
1.695245788529434305e+00
1.691280229875374186e+00
1.693344634581204877e+00
1.701476077449225244e+00
1.705554968774961599e+00
1.653064493051802586e+00
1.623713653345070007e+00
1.637892727952069860e+00
1.639877182759888585e+00
1.649798447665071111e+00
1.656009698585976686e+00
1.645419842687222856e+00
1.615202803233184436e+00
1.605362050788243566e+00
1.627168987779139542e+00
1.620910960872520068e+00
1.627943154034861228e+00
1.652525302541679730e+00
1.658220056158292710e+00
1.647704755399022947e+00
1.641238804321675238e+00
1.650777977699426025e+00
1.635598006591260978e+00
1.633101458542172368e+00
1.614755978831083238e+00
1.620409340219167271e+00
1.643861993722245174e+00
1.646150300858534310e+00
1.662971286195303877e+00
1.660168188683336821e+00
1.670935320180694683e+00
1.669806590152057568e+00
1.639755143816747252e+00
1.625447743711174287e+00
1.633305327304857002e+00
1.635984848671989900e+00
1.653308383462782416e+00
1.634515683806304631e+00
1.639524939959770666e+00
1.656063838788602638e+00
1.654477815110565242e+00
1.651284130965704477e+00
1.644147719817355302e+00
1.652971191965903364e+00
1.663925075046325031e+00
1.649888658983993173e+00
1.633350715416362453e+00
1.605153783570925086e+00
1.604522581553371241e+00
1.604714066482703316e+00
1.625158024596951023e+00
1.646065744301758782e+00
1.659214658509513995e+00
1.656540930047382121e+00
1.658305559096717063e+00
1.632903515668488792e+00
1.628835522688812931e+00
1.624564078632259712e+00
1.633303746123033307e+00
1.649638544796086848e+00
1.640709972959894847e+00
1.635291842164152465e+00
1.649315953559935100e+00
1.653250537838239165e+00
1.641848909542729995e+00
1.636805469592477857e+00
1.621118699104923788e+00
1.630567429144633484e+00
1.652399303816358245e+00
1.661529861779729167e+00
1.668567740005387101e+00
1.639676923898747196e+00
1.632379362591811489e+00
1.637991468401466921e+00
1.664083338301253656e+00
1.662961055861806869e+00
1.652821220107453248e+00
1.641586987001256048e+00
1.651281910631363425e+00
1.645519894409624539e+00
1.631565292298243097e+00
1.636855287778133494e+00
1.646595123051717513e+00
1.617578446901271505e+00
1.631160469706122385e+00
1.635308475883867407e+00
1.634922896687710070e+00
1.620336814582073348e+00
1.631792959171938673e+00
1.595481099909917821e+00
1.591647922121756542e+00
1.620011391200164130e+00
1.617135817202950188e+00
1.617298171368344972e+00
1.612315654209370175e+00
1.614344490494156181e+00
1.624640223329494537e+00
1.621851029335502847e+00
1.616117048806450907e+00
1.609156388781640912e+00
1.607116881376221773e+00
1.591093512702908441e+00
1.608232079884517107e+00
1.634206771228745803e+00
1.644946077865663270e+00
1.662646421899458549e+00
1.660889825381995033e+00
1.670188896367608367e+00
1.634349076629262099e+00
1.619468657293855252e+00
1.630231206917203135e+00
1.598807319126026805e+00
1.612056585526703278e+00
1.644863570721567525e+00
1.629643357413131488e+00
1.604994364595284662e+00
1.598061423192948860e+00
1.587371110014640818e+00
1.594137900700174360e+00
1.590811129042769334e+00
1.576844751921924193e+00
1.579376392753810698e+00
1.602621757359670163e+00
1.623592203993664995e+00
1.623405121954561547e+00
