6.028946436013913335e-01
8.950022766458044510e-01
1.123278514202841194e+00
1.366430901172988266e+00
1.502744502664094650e+00
1.573376765562082058e+00
1.621577470447717717e+00
1.610001278653163004e+00
1.603549599930365499e+00
1.641790290960240428e+00
1.669542019941085531e+00
1.698601638182908102e+00
1.705382695492869916e+00
1.687080658426991064e+00
1.672478145844779052e+00
1.662532707732236492e+00
1.652914871656826490e+00
1.664024176833954982e+00
1.656146799210839848e+00
1.654105490172637971e+00
1.664916346255685520e+00
1.654555229823519547e+00
1.654597578003300651e+00
1.648924966009226001e+00
1.651333727456541167e+00
1.629151739751480088e+00
1.606742864162837403e+00
1.616840498064076703e+00
1.659728525014056544e+00
1.678033880411219814e+00
1.703323019157143792e+00
1.696655636954099711e+00
1.674927283876655348e+00
1.603640293592026422e+00
1.627807444910008394e+00
1.636221676920352808e+00
1.661609961634465060e+00
1.641671315600642389e+00
1.656512364785816871e+00
1.634972619179203113e+00
1.639394012558400338e+00
1.653773462802038630e+00
1.665364580955091434e+00
1.633483496280511371e+00
1.643644141831024141e+00
1.604114155403418174e+00
1.594836258489920056e+00
1.596619190246622466e+00
1.641212592466568143e+00
1.653030854363405133e+00
1.637657164263935483e+00
1.610714350664794292e+00
1.638077133483570647e+00
1.652474258040683930e+00
1.652779281818262280e+00
1.639177618194874064e+00
1.645500321566810475e+00
1.646091302384063537e+00
1.629387092207424503e+00
1.600491104181153368e+00
1.618335560155650832e+00
1.620644309630008939e+00
1.652821593658820643e+00
1.611453339412945551e+00
1.621974857181228469e+00
1.662392653434774825e+00
1.662909493296931052e+00
1.653790800033565489e+00
1.685514554419756506e+00
1.686537189114706514e+00
1.643520387196670596e+00
1.618743973548822046e+00
1.612429885229488935e+00
1.603000768339480686e+00
1.606047444272193259e+00
1.595057010059097946e+00
1.595097758449972369e+00
1.588416144053540480e+00
1.579063650584575429e+00
1.561029570545012568e+00
1.560384149586348634e+00
1.564272278978773967e+00
1.592515975258025573e+00
1.610845275640818697e+00
1.623171159006701947e+00
1.621822087171103322e+00
1.608142282278320012e+00
1.602392565427187776e+00
1.610411226656674133e+00
1.621458086556273770e+00
1.611042879987919951e+00
1.576844553550395878e+00
1.572154483460940222e+00
1.597520046486911038e+00
1.619075717954612914e+00
1.607918277554547526e+00
1.598576336997067138e+00
1.626419003447590717e+00
1.620475501559620835e+00
1.639547413138333409e+00
1.642682239802692790e+00
1.638361831513491351e+00
1.622912340151431376e+00
1.603707262024439251e+00
1.583579789111844827e+00
1.599734532331653414e+00
1.578300027267794281e+00
1.559277165865253556e+00
1.567531141265365191e+00
1.594967678020767998e+00
1.601956502469201959e+00
1.591861653594937254e+00
1.583519352770483390e+00
1.563688635503944990e+00
1.570002018356738693e+00
1.572669778919083994e+00
1.582595735975938611e+00
1.573661511844644201e+00
1.581887974807746344e+00
1.577325992386214848e+00
1.583164286163950552e+00
1.587256000456164440e+00
1.566485230025962405e+00
1.556473835459881050e+00
1.586751416242732526e+00
1.610286181531751071e+00
1.612657739027586912e+00
1.592771433671364312e+00
1.621936100343460918e+00
1.634763872702001297e+00
1.628216570513366657e+00
1.615486736907018495e+00
1.595518186105665315e+00
1.587271166185296289e+00
1.568186401816946907e+00
1.545272334537523218e+00
1.552870341225450534e+00
1.563765907042572678e+00
1.578337321945603389e+00
1.561962381330685323e+00
1.580973676858693056e+00
1.568992080813124357e+00
1.588199258132968694e+00
1.585724630752491704e+00
1.587068946402723002e+00
1.579591565372246098e+00
1.583672387409914339e+00
1.579112929757891859e+00
1.557913670214221558e+00
1.559459880520946529e+00
1.573444441149150608e+00
1.552365108380639347e+00
1.568768346737916097e+00
1.540070871512918549e+00
1.554224849566316013e+00
1.538406548348957070e+00
1.551864348588871900e+00
1.584613167859762139e+00
1.584495932433153564e+00
1.562595125752322955e+00
1.558190317705260730e+00
1.533452135692066731e+00
1.542090342448926066e+00
1.533096634944963954e+00
1.573863167547473685e+00
1.534489213946500286e+00
1.511440380911265313e+00
1.500048390027397538e+00
1.508871168137297047e+00
1.512571674589241910e+00
1.525215477293474287e+00
1.537765525051667082e+00
1.541231119686517825e+00
1.512725074441456430e+00
1.545002229168816354e+00
1.552360102484130699e+00
1.548035787356919712e+00
1.528882150987415089e+00
1.547592021613256374e+00
1.537861168631646791e+00
1.538506035311394182e+00
1.563204077276921122e+00
1.564509529827984302e+00
1.531855479365803019e+00
1.519874392082327885e+00
1.518427947545815782e+00
1.538465692623561587e+00
1.530719322590912590e+00
1.535840349155695117e+00
1.550732500670162217e+00
1.552151177652508318e+00
1.541374710442119378e+00
1.552961425279025365e+00
1.530203759370815098e+00
1.516918858885826449e+00
1.514148002539637439e+00
1.519202847001772883e+00
1.531535746154484734e+00
1.523118023944368016e+00
