6.202443983052208232e-01
9.826367628624365080e-01
1.195878923145314188e+00
1.447877703862166188e+00
1.583048443271405592e+00
1.689908274780784980e+00
1.760487729082673702e+00
1.854311550562254940e+00
1.881846480791912857e+00
1.849369955158687961e+00
1.776233484627419701e+00
1.777952268173759176e+00
1.749610006121782524e+00
1.744718333541502853e+00
1.741577749335087466e+00
1.740883346012193300e+00
1.725869000773492701e+00
1.752441894020955182e+00
1.769936411588718173e+00
1.788416047630168926e+00
1.797450097760928012e+00
1.788059623587038072e+00
1.756967421657944728e+00
1.749837073113115649e+00
1.702073599054674480e+00
1.729394343000127066e+00
1.748179356470056955e+00
1.792233257537761304e+00
1.768250868056443270e+00
1.779319441687795766e+00
1.772309507640623227e+00
1.802773788546222278e+00
1.796012987852681153e+00
1.778332640084573368e+00
1.766328294817160582e+00
1.741571920029226783e+00
1.696815578553827475e+00
1.702484106124754204e+00
1.717160837809950547e+00
1.744551580497240906e+00
1.800998292594901962e+00
1.839071222442454134e+00
1.837515108155112431e+00
1.828715039350700122e+00
1.802532783133689920e+00
1.774790084701753923e+00
1.759629580640903468e+00
1.749092193243093618e+00
1.719382335892293723e+00
1.706086937459815545e+00
1.720432955281747889e+00
1.738898589992189825e+00
1.745342208417584251e+00
1.759194601003427616e+00
1.770042556451685289e+00
1.757830458138708751e+00
1.727777287661603989e+00
1.730157877474945538e+00
1.738459225086322890e+00
1.707705698495464608e+00
1.712633793550388805e+00
1.722252455072574850e+00
1.745010160536282218e+00
1.721987960938465401e+00
1.734184048899883201e+00
1.766922785214295910e+00
1.795419045261437807e+00
1.821444617322280690e+00
1.840047378654135812e+00
1.805441987380044910e+00
1.732271797004697023e+00
1.707908783201680381e+00
1.700568383446861898e+00
1.714360227229657863e+00
1.741759368422717502e+00
1.766087711594781062e+00
1.764999166025158273e+00
1.794488673639806908e+00
1.776255551513561848e+00
1.759744399356250932e+00
1.706805551883824323e+00
1.702699941793376581e+00
1.677075360446229180e+00
1.685742441416355542e+00
1.696665774299620066e+00
1.702591964116482171e+00
1.661760360306933748e+00
1.654424422742596601e+00
1.681114738170527145e+00
1.697154350635503572e+00
1.717912611876570406e+00
1.707279665928803425e+00
1.687896610849888512e+00
1.708839116836918359e+00
1.723599149284935184e+00
1.717246691093339717e+00
1.709012441002535354e+00
1.736041937976475769e+00
1.771728218607125482e+00
1.776995313190894432e+00
1.735030289785625790e+00
1.717647576933261089e+00
1.714610429352664278e+00
1.721336920905731649e+00
1.693868050043507045e+00
1.673895028596009915e+00
1.663510890405757614e+00
1.672390403773881262e+00
1.674567263126463645e+00
1.679322060116924975e+00
1.693649886221957335e+00
1.666913472501286408e+00
1.656931440381685938e+00
1.667776226169260134e+00
1.648686800489847837e+00
1.640872508104831873e+00
1.642678069091730864e+00
1.626629871971661201e+00
1.625385927565838218e+00
1.646885026967518373e+00
1.650216917011169127e+00
1.650065276464360187e+00
1.676068677626099568e+00
1.704513499246546493e+00
1.695831969349458568e+00
1.684047525809927226e+00
1.667388204045728406e+00
1.648657179539922524e+00
1.642627578293275548e+00
1.636545703026388354e+00
1.650928998969599881e+00
1.668691704960580502e+00
1.662203041698981698e+00
1.661674036245753605e+00
1.652546476131252273e+00
1.624803656066513557e+00
1.627399141315672981e+00
1.651753524609319568e+00
1.646684128793869384e+00
1.642276475758838172e+00
1.656608335620321837e+00
1.667630794583790488e+00
1.659463151306053375e+00
1.645664953276492204e+00
1.640094850282283856e+00
1.632340218228155893e+00
1.642102284941216794e+00
1.666469638026640832e+00
1.675300080281314052e+00
1.672770119149335821e+00
1.668852969178123757e+00
1.654372453487566341e+00
1.651743361571105240e+00
1.634497221509090936e+00
1.598967884010870089e+00
1.614288721586468300e+00
1.618099926180851078e+00
1.654716686661144909e+00
1.636780014457154264e+00
1.642592755635670754e+00
1.663343635024712830e+00
1.688076101619026437e+00
1.664089210152338127e+00
1.631146245239357251e+00
1.623568702175348655e+00
1.629494999355576068e+00
1.642426148832033528e+00
1.660803029338834058e+00
1.648289798624963609e+00
1.645238661284770032e+00
1.651609901400703295e+00
1.657915624978801628e+00
1.631676723410268259e+00
1.641359037052775749e+00
1.652007352191953382e+00
1.659014143749324210e+00
1.666283884753306799e+00
1.653979956883961266e+00
1.660049710350660623e+00
1.670449774897970974e+00
1.675978191082278856e+00
1.643717037627284716e+00
1.632851761655212730e+00
1.637209298651041145e+00
1.627933102973417645e+00
1.611796480169690238e+00
1.607060236907942974e+00
1.612531942854874778e+00
1.632777937568509641e+00
1.645602602341200926e+00
1.667636884603908687e+00
1.646192868358706818e+00
1.639182544274809805e+00
1.616010148846153793e+00
1.629583012422672228e+00
1.632081021626700101e+00
1.642890650066013425e+00
1.640699252903510708e+00
1.643559170220345811e+00
