5.904821711176777566e-01
8.856185379379303280e-01
1.079846113535005925e+00
1.335557925673368063e+00
1.479262726522542648e+00
1.621748952196260918e+00
1.695153324399034656e+00
1.693699237891696407e+00
1.708868393965972121e+00
1.678633571763629151e+00
1.690288469163749197e+00
1.653754025561509744e+00
1.645785499303220822e+00
1.634265892076787852e+00
1.644398648529105778e+00
1.634952927256084543e+00
1.625153635675687935e+00
1.631983316595587485e+00
1.648552411274404550e+00
1.661919683588357843e+00
1.701413254421249910e+00
1.663085052984063061e+00
1.639886978296554831e+00
1.615964935536421621e+00
1.651200593755062673e+00
1.639347208480069540e+00
1.664109475530662685e+00
1.663841536687427070e+00
1.647654397538560245e+00
1.632877554106080265e+00
1.631010328372366480e+00
1.644812102542922760e+00
1.619709040755535678e+00
1.603881429553772442e+00
1.615419466154828898e+00
1.636856507707604491e+00
1.644438693025019882e+00
1.617824582566216085e+00
1.622677431945036330e+00
1.619452356006418459e+00
1.621936068413190268e+00
1.634740253052648029e+00
1.643232594430274141e+00
1.626035566233026586e+00
1.676061816357362622e+00
1.693342705253189084e+00
1.683748044308638114e+00
1.646820286315646475e+00
1.627795385820674401e+00
1.632191920967130505e+00
1.636743297415398590e+00
1.623604147286354493e+00
1.595651636086389491e+00
1.597792397701934375e+00
1.612473853568171966e+00
1.660018050315414717e+00
1.683700690721624982e+00
1.711570223458636963e+00
1.694696214886312280e+00
1.635382264494687599e+00
1.629665220551639093e+00
1.641272048659129235e+00
1.640612579671849813e+00
1.605926317073185894e+00
1.587273113611484376e+00
1.593196355059554703e+00
1.640805325593008623e+00
1.652817073526899438e+00
1.641562435253074215e+00
1.630035660012597587e+00
1.627975621318205279e+00
1.633011256112598009e+00
1.625232197882312768e+00
1.588335915400605813e+00
1.569977453580283067e+00
1.574822617253224033e+00
1.603124544936985085e+00
1.612315421539458615e+00
1.594673715077365994e+00
1.595320938503829389e+00
1.561472312646398297e+00
1.567409254800445018e+00
1.601097808275901091e+00
1.601056309982955339e+00
1.595583149283035462e+00
1.578794345580480263e+00
1.577537673431526954e+00
1.565859613773272541e+00
1.582617624343837237e+00
1.584254081835061223e+00
1.566696944844733874e+00
1.529893790783073415e+00
1.518575335136676197e+00
1.539164721152565196e+00
1.557276585906891775e+00
1.564013384287486819e+00
1.562497138033130728e+00
1.560864054836410331e+00
1.532248468666690400e+00
1.527813128970304080e+00
1.529111529685611481e+00
1.545744966487984984e+00
1.555241554512697855e+00
1.558001102811682914e+00
1.545229771006949582e+00
1.528154350818768936e+00
1.517964172900812203e+00
1.550246287975401982e+00
1.571092209091432768e+00
1.556004418571282688e+00
1.551162693314639851e+00
1.545272632626369269e+00
1.540076120035230867e+00
1.537184195320320690e+00
1.523374569014114055e+00
1.517659065408297314e+00
1.514751293345876437e+00
1.510553492494163264e+00
1.521225193888761318e+00
1.551140783181149674e+00
1.567187916174396012e+00
1.571068565571716480e+00
1.556224877625189240e+00
1.546305597744318305e+00
1.532138785162141081e+00
1.516520955169444740e+00
1.515079236784006911e+00
1.504158928313360510e+00
1.495094928455335870e+00
1.508474719100219241e+00
1.538040993362941089e+00
1.544886178011421141e+00
1.525500430394280071e+00
1.543396557141306191e+00
1.557959925341034113e+00
1.536842985531456263e+00
1.520980882965369485e+00
1.536933020710038456e+00
1.547559734003878917e+00
1.507578561395556127e+00
1.506269317414381526e+00
1.493747219415196614e+00
1.555221301173438375e+00
1.572401109934579377e+00
1.582243822911177711e+00
1.544277657534834036e+00
1.520717143700182516e+00
1.506402430500306977e+00
1.542211588642275366e+00
1.539049937218362141e+00
1.538058063439189160e+00
1.523096017534953717e+00
1.516515342434788582e+00
1.499463297312117582e+00
1.530193531008816388e+00
1.552666075649735467e+00
1.575594636377669389e+00
1.542543227161568220e+00
1.499018411198124623e+00
1.511339767979189785e+00
1.517718003891360468e+00
1.507312718454993705e+00
1.526112472412030518e+00
1.524866128506417118e+00
1.530610453643592939e+00
1.523139993392210734e+00
1.517846359036059356e+00
1.523045109406061526e+00
1.521802564892695164e+00
1.519627320485365196e+00
1.538423924381748575e+00
1.521131150201812332e+00
1.509131868190580317e+00
1.528563589544593260e+00
1.553201991845127417e+00
1.548941957511777323e+00
1.568660991977339103e+00
1.553217995793204409e+00
1.555749671886791363e+00
1.516989835151480337e+00
1.522293317196269369e+00
1.513660875556283925e+00
1.531286619297809848e+00
1.533536715137038042e+00
1.542400446361776423e+00
1.535385114473449386e+00
1.533858650070475838e+00
1.516100687360992127e+00
1.538833401943818791e+00
1.528976309068100781e+00
1.544481858426397070e+00
1.527209914450964989e+00
1.532645824747045804e+00
1.535637960299497395e+00
1.540499467308591663e+00
1.545291279728656209e+00
1.542029389564880448e+00
1.523326869776743475e+00
1.512327072490583291e+00
