5.982804058876521891e-01
9.014394963762397683e-01
1.143253127989657614e+00
1.427923508900879490e+00
1.613637038832035575e+00
1.719052494986294199e+00
1.763443233883920991e+00
1.794018805437491260e+00
1.819540374157508467e+00
1.845545937595321373e+00
1.828496418018628278e+00
1.800777843433910119e+00
1.771548281198515040e+00
1.761742969217817922e+00
1.763610607092767513e+00
1.748340448501849664e+00
1.752100101896621798e+00
1.767583683880664669e+00
1.771768565006913043e+00
1.784654956058384867e+00
1.768043637282227021e+00
1.752779193047611095e+00
1.758585634877925630e+00
1.753988389740555709e+00
1.738857383833190662e+00
1.787120475166590561e+00
1.800310825901224598e+00
1.796479159236072487e+00
1.784000369689397791e+00
1.733393657111609754e+00
1.719565076067202103e+00
1.733885772765250577e+00
1.763552223670183938e+00
1.785591821083129860e+00
1.797071847430461000e+00
1.773973122353472931e+00
1.752424068301866811e+00
1.754535214926567610e+00
1.763109728240817686e+00
1.772466606182598658e+00
1.801811748866743335e+00
1.810945503397297207e+00
1.798661780593696413e+00
1.765793846646848797e+00
1.735376839212832145e+00
1.736838015617055531e+00
1.750915513345389085e+00
1.759525241253413919e+00
1.756030875708066263e+00
1.747155591481495573e+00
1.723100343451255290e+00
1.751422443742725710e+00
1.764879792303767791e+00
1.773364913925577158e+00
1.772333295302675138e+00
1.730840326638805715e+00
1.696162542493987235e+00
1.713426182796885966e+00
1.755843903633546477e+00
1.762098182007455938e+00
1.740947613312692877e+00
1.709651563199843682e+00
1.723339377609799605e+00
1.790470809827350740e+00
1.789592378616163160e+00
1.771617213692069592e+00
1.752380955118673311e+00
1.716920727708142413e+00
1.734192508513321407e+00
1.727454813987279181e+00
1.739006408714746987e+00
1.750240320733059907e+00
1.758827184304483371e+00
1.754881525916474727e+00
1.733845563858530170e+00
1.721082272597428853e+00
1.715258104382972659e+00
1.704978828686176229e+00
1.719895511677699718e+00
1.726630081960403684e+00
1.736061347647888997e+00
1.718446297932316069e+00
1.744815650317587563e+00
1.768689383029883100e+00
1.760363110424446154e+00
1.730721273090264800e+00
1.726733476649452870e+00
1.704034245158673855e+00
1.689346381957169241e+00
1.696810757613848697e+00
1.717508905846045764e+00
1.710858075033889980e+00
1.750425764762918446e+00
1.738082888408118309e+00
1.743766901456283325e+00
1.716777688609234520e+00
1.738461798799744162e+00
1.727410442734169438e+00
1.721983062800152675e+00
1.693797610745891635e+00
1.722568314613572849e+00
1.674916679458946511e+00
1.709006401029941280e+00
1.692292206654302911e+00
1.696377069711056507e+00
1.689529970714827911e+00
1.698820145617960353e+00
1.690521266837033298e+00
1.651725173988132012e+00
1.638871220795460992e+00
1.681522068561301930e+00
1.700949288133240422e+00
1.738572623265950634e+00
1.738400450443762679e+00
1.684169020063826405e+00
1.662689070757318976e+00
1.676666345635671185e+00
1.680503976420289591e+00
1.667525749894661846e+00
1.675481366161807761e+00
1.660520157314753442e+00
1.688146217819129102e+00
1.704732920332296953e+00
1.674606339737862326e+00
1.668864835322083406e+00
1.658045893958039807e+00
1.682520081931342615e+00
1.684775159295875957e+00
1.728243273035106720e+00
1.695999006315963786e+00
1.702459243295464164e+00
1.651118044065470025e+00
1.650156583686783529e+00
1.618254366660741406e+00
1.642513763773252533e+00
1.615145294630808470e+00
1.623294782993820906e+00
1.631488581438786944e+00
1.656835842091173294e+00
1.649301207407177339e+00
1.661902798728339459e+00
1.646844936014980165e+00
1.649374181069585665e+00
1.653238481672752114e+00
1.689524934178438409e+00
1.694368191295693826e+00
1.665089132782291870e+00
1.637649365187791473e+00
1.622607682223747849e+00
1.625840717935911117e+00
1.653253807604752046e+00
1.660164575984017787e+00
1.664013969398151938e+00
1.639147979715330994e+00
1.642435180260917837e+00
1.640395371994981311e+00
1.656137810376816066e+00
1.662241177224407451e+00
1.679183407770900471e+00
1.676160976720095341e+00
1.652438218976655548e+00
1.639721109405285038e+00
1.671479932243064903e+00
1.664151149558947385e+00
1.680641245340760870e+00
1.682600869415634026e+00
1.702604757678342073e+00
1.699333988857644862e+00
1.686427805853965456e+00
1.657839754402091303e+00
1.669080255134589796e+00
1.630654967893239160e+00
1.617115511967172514e+00
1.601876876030582819e+00
1.614877025621604290e+00
1.632463470316691811e+00
1.646639361239700783e+00
1.644208682435525315e+00
1.667048094655946500e+00
1.638583999531363355e+00
1.630309588310797420e+00
1.647771427023113633e+00
1.646632305649722960e+00
1.650510465473480348e+00
1.640849050206412585e+00
1.635540977122624140e+00
1.655271080751386403e+00
1.628948903038266449e+00
1.638033200468707706e+00
1.643653584356054465e+00
1.624950020864134315e+00
1.619694226983298790e+00
1.636572029194712563e+00
1.650610242864101407e+00
1.638693603105366936e+00
1.640341116327816096e+00
1.641722149570587153e+00
1.638543446042181051e+00
1.661634600719507526e+00
