6.463046173942078587e-01
9.639761674090927546e-01
1.146048886484148488e+00
1.422576745697851752e+00
1.556929725313518365e+00
1.687966638220017801e+00
1.750525033709619871e+00
1.783104581785301734e+00
1.748854908660357088e+00
1.748330808171084882e+00
1.758921213844176989e+00
1.762523201050350874e+00
1.739838796817767319e+00
1.725809878342390524e+00
1.727546979937869098e+00
1.725391235423494374e+00
1.695830448062302098e+00
1.679971693499363372e+00
1.667003382014028867e+00
1.649533570217288192e+00
1.611440594278773286e+00
1.654724941560953733e+00
1.644144408669332424e+00
1.667856105600292960e+00
1.684555955969164520e+00
1.674162140089546114e+00
1.687880659272342099e+00
1.711295478466189790e+00
1.759973382334147018e+00
1.803512991674582233e+00
1.799635625686209162e+00
1.796428362888656149e+00
1.743421384243995176e+00
1.683215963305993546e+00
1.656885949729091978e+00
1.656005273115480181e+00
1.672463614784691410e+00
1.679926802564622568e+00
1.645726628628396249e+00
1.641778997686723640e+00
1.644011095561358271e+00
1.630620711034928005e+00
1.633561373771365011e+00
1.638624859389248289e+00
1.637681043896953792e+00
1.673841931819147311e+00
1.707583384663331039e+00
1.738037626362300747e+00
1.734342602337632044e+00
1.753598162171338348e+00
1.774575231619665017e+00
1.777773621482499511e+00
1.763877722897038147e+00
1.764510486341158035e+00
1.714938835239349313e+00
1.680912918956303237e+00
1.650487113037804932e+00
1.645024446879647329e+00
1.628323211953582872e+00
1.650258680430135350e+00
1.654848594277569251e+00
1.642134452024749169e+00
1.647349531366709474e+00
1.695320367742594092e+00
1.763618082379106111e+00
1.763666696231224407e+00
1.783421241015428427e+00
1.794296267384859922e+00
1.792788186765181591e+00
1.743751215038412017e+00
1.691717824252137792e+00
1.674681654438556766e+00
1.662741554202240568e+00
1.643626081084262891e+00
1.640741642238593423e+00
1.637946184704732078e+00
1.653741420860502132e+00
1.668143508218420834e+00
1.678710353354387896e+00
1.672578980654522374e+00
1.653684449346226382e+00
1.649055238476220042e+00
1.638196653989198559e+00
1.632088920474014326e+00
1.655332876990077029e+00
1.644445538944645513e+00
1.633987281029169791e+00
1.602966390878612479e+00
1.615206980840641293e+00
1.622596445981910662e+00
1.633425101659551348e+00
1.612486374326981720e+00
1.629345332436404892e+00
1.642894100234957522e+00
1.662390699187366261e+00
1.665212424345836828e+00
1.656961655471563377e+00
1.653685003215645599e+00
1.621382744578240276e+00
1.625987579509699188e+00
1.619698815843782613e+00
1.605953620083476752e+00
1.612802996891637752e+00
1.636257408877344721e+00
1.653053782128003357e+00
1.690335856809670245e+00
1.662176815674537789e+00
1.642622603390702096e+00
1.607562498095519654e+00
1.614820075877114736e+00
1.655416759496393775e+00
1.657789138914601113e+00
1.638448130787431456e+00
1.634596621244181147e+00
1.647372375742732542e+00
1.649617492117157136e+00
1.634000460559692725e+00
1.652717503502681318e+00
1.658328793208126317e+00
1.643097599285840982e+00
1.639615888861671644e+00
1.633073413263105289e+00
1.649399204582147060e+00
1.642285748958225877e+00
1.649235838212026684e+00
1.634599870633696606e+00
1.622424592239049668e+00
1.603705609017693767e+00
1.621041233711960849e+00
1.638429890735243477e+00
1.641925498846553255e+00
1.605103562821205365e+00
1.614723063493254784e+00
1.632312258849595521e+00
1.647048581196384864e+00
1.654167977547939428e+00
1.635800762123693630e+00
1.652462957102384777e+00
1.653518920924732294e+00
1.633230636706785033e+00
1.614003241169536640e+00
1.606175169264278502e+00
1.632160765201849273e+00
1.653097272992812394e+00
1.666115836151498719e+00
1.669309254065786563e+00
1.653639116014189447e+00
1.636367841856887662e+00
1.639687377741021912e+00
1.653073594190175299e+00
1.658557108384448586e+00
1.656112073634821380e+00
1.639229631710533930e+00
1.643407760668840867e+00
1.660451392503425883e+00
1.634695452141211591e+00
1.630941335750551779e+00
1.638810879147519994e+00
1.636231976401787191e+00
1.637688009766433028e+00
1.627121952258819393e+00
1.604987706375510914e+00
1.597599281764703782e+00
1.610657543183714013e+00
1.635830798917606188e+00
1.618376911080887215e+00
1.604044079967907210e+00
1.568459538386081320e+00
1.575597357475371663e+00
1.587062248040807644e+00
1.584248737031164200e+00
1.580976721030108223e+00
1.580721050407390749e+00
1.608019495550839784e+00
1.647084143733814621e+00
1.643433768194138000e+00
1.650555927532986411e+00
1.657918401031074129e+00
1.623091875618764224e+00
1.612314417526671262e+00
1.602691133079657604e+00
1.612853889230922544e+00
1.614861117718512373e+00
1.610392899944419476e+00
1.626911886048739708e+00
1.649188616199500634e+00
1.636354098186220130e+00
1.604992204492550645e+00
1.606215217108868387e+00
1.633236547198648303e+00
1.634403067091539041e+00
1.628108763273081960e+00
1.652953456811310451e+00
1.634823857876440911e+00
1.651026427139186792e+00
1.631417406261183256e+00
1.599984260237526046e+00
1.590527488832563119e+00
1.587703949878092935e+00
