5.868360572357885774e-01
8.625351576201228943e-01
1.172919426217436278e+00
1.433405696515661409e+00
1.563584013528319216e+00
1.674427879201384695e+00
1.712899154114231548e+00
1.692635911222233114e+00
1.655966209448739512e+00
1.715617847335562773e+00
1.742281183123810306e+00
1.736461323805386314e+00
1.684440215853251654e+00
1.649484894382820643e+00
1.653718824031327861e+00
1.645133086977603076e+00
1.623542338617349312e+00
1.627150708021052550e+00
1.620782674094297882e+00
1.638275658895784304e+00
1.641376676681354452e+00
1.645109064134250287e+00
1.635204016552889383e+00
1.649737778174594105e+00
1.632008210166615569e+00
1.616432439515514297e+00
1.614449471140088299e+00
1.648641211486977065e+00
1.679153109913779307e+00
1.722361108355394466e+00
1.744510129052490033e+00
1.714285344740334560e+00
1.688335377039413165e+00
1.664111736673739905e+00
1.642982888749730197e+00
1.645949560872848272e+00
1.628561050383701803e+00
1.645792639278212066e+00
1.646635606396569917e+00
1.643028871953568615e+00
1.632398790119525156e+00
1.643233685894727403e+00
1.671395738168665490e+00
1.651698074746478895e+00
1.639910620854574175e+00
1.659366876665616664e+00
1.654572781555549765e+00
1.702099492175291218e+00
1.727141561860540131e+00
1.685616467699057486e+00
1.694422036500894180e+00
1.708582669887453775e+00
1.737814211033179790e+00
1.677438647587102150e+00
1.645209655488433009e+00
1.619859329041016593e+00
1.583275127813543959e+00
1.607971856775938235e+00
1.655669657327978550e+00
1.649304777967010693e+00
1.648695941901882511e+00
1.653328806408635332e+00
1.639673236372245269e+00
1.642200627727403939e+00
1.644910343232595995e+00
1.677409290486987503e+00
1.671551053409567222e+00
1.674693020901931284e+00
1.732078570447082688e+00
1.748868983019899570e+00
1.713652641238510688e+00
1.664153202379431651e+00
1.663699387430989107e+00
1.640959796801322979e+00
1.631830083869002523e+00
1.614162285132610730e+00
1.610416174566742020e+00
1.641574968526662293e+00
1.651672056787802489e+00
1.637340777326095509e+00
1.615904609708341821e+00
1.611793686557699390e+00
1.606659418395683936e+00
1.611425664076576503e+00
1.607827075288336571e+00
1.605181368241212159e+00
1.623649357144526739e+00
1.619390981036244348e+00
1.622971443591962881e+00
1.615701604095370447e+00
1.590558428582393491e+00
1.585341487161952667e+00
1.561132369059601732e+00
1.563589141323693088e+00
1.573293322639550240e+00
1.581832230640061621e+00
1.590530049777610921e+00
1.628060660374667012e+00
1.638664689550111797e+00
1.660301992329842324e+00
1.657156022401726769e+00
1.631567643139195889e+00
1.627989869008883428e+00
1.574289566711653876e+00
1.566186025222135569e+00
1.581080300703114894e+00
1.610542550464427070e+00
1.640931108739160038e+00
1.645868211805610271e+00
1.645852044217885446e+00
1.620084982421860165e+00
1.590252484413482881e+00
1.636928514704444115e+00
1.620863735843294684e+00
1.607523501908147301e+00
1.593074695487360470e+00
1.614532333138505749e+00
1.637213653801815383e+00
1.617370392152230663e+00
1.622377161546112445e+00
1.645516490984684888e+00
1.625486177860063330e+00
1.618058945946029503e+00
1.593145063222683344e+00
1.617864055590241268e+00
1.623803386498358980e+00
1.641621961040482303e+00
1.612163522472705557e+00
1.615310592714182203e+00
1.627762171291378568e+00
1.604613703831570870e+00
1.594119516661369973e+00
1.564610351279641653e+00
1.552537015898715067e+00
1.592836094214252096e+00
1.620390458548700785e+00
1.623823194722469720e+00
1.603038068556155160e+00
1.625784008337634479e+00
1.604940142279966953e+00
1.575363228712898911e+00
1.609156634996717017e+00
1.640955294307545609e+00
1.637581079792902017e+00
1.658316451220755994e+00
1.646696130151990012e+00
1.658737061723312367e+00
1.628789309898321491e+00
1.616221823110176814e+00
1.600927456395830228e+00
1.602636266079594973e+00
1.619584409475722131e+00
1.606288706380195386e+00
1.587948945864984474e+00
1.617098095541954939e+00
1.615249989458099167e+00
1.615878151188627987e+00
1.613941556679743039e+00
1.596621055816731083e+00
1.619500827092163364e+00
1.614484776705331637e+00
1.627078511685137618e+00
1.619112471789694752e+00
1.592485295370695386e+00
1.597481062774066762e+00
1.598263267096798890e+00
1.600608771049762069e+00
1.620485875825933952e+00
1.594670068500687599e+00
1.605828709672764587e+00
1.633750913201258870e+00
1.619156490861357378e+00
1.626145653575381989e+00
1.622018675129650811e+00
1.583697750372553559e+00
1.598269614907213088e+00
1.623893797012633478e+00
1.645585453190514746e+00
1.645408677613454662e+00
1.621132304930807289e+00
1.623679081895966103e+00
1.625787073681790318e+00
1.620437826888281752e+00
1.621771000236674531e+00
1.640559817500746087e+00
1.633356339351044184e+00
1.589037416529592628e+00
1.560957453345807933e+00
1.569408660288861501e+00
1.571380911551718773e+00
1.565357947598185584e+00
1.575865901413364911e+00
1.591391005632376565e+00
1.582575648180748917e+00
1.587753302154621071e+00
1.595952030598890792e+00
1.603066396537607519e+00
1.568679261342109221e+00
1.559027336717231815e+00
