4.699623412722686577e-01
8.016944822159147721e-01
1.035119610280236024e+00
1.298581159382407701e+00
1.449304576124598398e+00
1.581849542972435962e+00
1.660665553645265913e+00
1.682317133621778371e+00
1.682686235751272630e+00
1.723698575867291805e+00
1.727333243878659941e+00
1.706605416833222311e+00
1.698428865622242601e+00
1.661360991036817225e+00
1.659207489315043249e+00
1.660742778325757785e+00
1.662970610997996479e+00
1.661609307782790923e+00
1.648343541206182872e+00
1.632463361515056111e+00
1.624453666226680193e+00
1.633206181473670027e+00
1.618299964193085749e+00
1.625073778203627084e+00
1.642310806973139581e+00
1.653466087024462627e+00
1.678344935558962137e+00
1.720790119663478057e+00
1.693088824395686975e+00
1.695215287795456494e+00
1.711418124975998101e+00
1.694416902523164126e+00
1.649841054333828438e+00
1.639583503893389249e+00
1.600013719467333173e+00
1.589783793575348714e+00
1.597688093707935852e+00
1.632889097423628977e+00
1.635506452321159765e+00
1.651525491811490554e+00
1.701471276709359381e+00
1.738503366390774518e+00
1.751031361925716734e+00
1.715904414874712236e+00
1.673880297552173380e+00
1.625563011723846429e+00
1.610711704403158251e+00
1.623952343431351197e+00
1.639522721638810188e+00
1.633725397696554449e+00
1.612270484941203286e+00
1.567669979261228974e+00
1.537187933080897739e+00
1.562969600300364359e+00
1.616052253605873013e+00
1.666446882793447326e+00
1.734204963010090417e+00
1.726342556637991743e+00
1.684961543938917394e+00
1.642556086466948173e+00
1.656512269619162314e+00
1.644514896048568708e+00
1.690662834109212032e+00
1.722729065436364060e+00
1.694924546536611620e+00
1.638122369909326803e+00
1.602399792838733017e+00
1.603388493454044772e+00
1.596994536152474220e+00
1.597266776683532674e+00
1.615380842546410456e+00
1.607623550824967218e+00
1.599050050834333270e+00
1.588151032060200585e+00
1.577522837388436905e+00
1.577304681086659555e+00
1.573629367656549372e+00
1.551578398560967686e+00
1.546466542068453798e+00
1.583800388060049746e+00
1.599278302177260080e+00
1.589031409085478241e+00
1.573138163351769814e+00
1.572535707027661322e+00
1.558139535796505770e+00
1.553381956853028045e+00
1.560267052681821420e+00
1.576686531872745878e+00
1.584407994899594385e+00
1.561946251639680927e+00
1.546964726069536722e+00
1.575412062391663426e+00
1.605825341396734940e+00
1.618691806441508785e+00
1.612345867485468487e+00
1.588622048027331868e+00
1.577332126110511767e+00
1.585748798839143436e+00
1.581361151777301854e+00
1.540718403567917338e+00
1.544151197569300749e+00
1.528427054732370838e+00
1.555020822884596310e+00
1.556534605597134524e+00
1.545770149980675523e+00
1.555387020530194064e+00
1.584427241226073813e+00
1.574134848935973663e+00
1.592030691857927005e+00
1.609027840830222322e+00
1.583963936482084778e+00
1.593280346720169272e+00
1.583036479872947710e+00
1.568976420422260043e+00
1.546979527206827632e+00
1.539526204669948939e+00
1.560790278385664642e+00
1.558288045678849487e+00
1.553141367878873025e+00
1.579499963393297124e+00
1.584532882452441394e+00
1.598311554966703740e+00
1.589315296931989696e+00
1.566069797722836610e+00
1.556518446684231005e+00
1.564023072305782414e+00
1.575900551004452144e+00
1.573725560108952592e+00
1.569469543128233280e+00
1.566393612686685755e+00
1.578731416961503653e+00
1.578392275951060464e+00
1.608148078313725193e+00
1.602704743022015155e+00
1.575888229566946741e+00
1.552861380970717242e+00
1.576554878329434306e+00
1.566574313791092354e+00
1.562226588500439606e+00
1.582320753022754545e+00
1.577406055494571246e+00
1.576379299205816320e+00
1.539423245689870434e+00
1.532090389919613216e+00
1.542586860510731350e+00
1.559618077240417566e+00
1.561533324633876507e+00
1.573638829819245188e+00
1.581980321286047708e+00
1.589838093965096455e+00
1.562281088293350662e+00
1.543161166609862356e+00
1.543310803997781422e+00
1.535286442980947630e+00
1.531678381333953398e+00
1.549397601697872329e+00
1.555657374432200646e+00
1.567551078772607909e+00
1.588796769091649796e+00
1.585710252548883092e+00
1.570832537653027661e+00
1.530483012092510142e+00
1.559064297147361833e+00
1.566292389714609490e+00
1.559371728589888706e+00
1.548198209493584221e+00
1.550548116518168040e+00
1.544889850803662146e+00
1.546969107184811287e+00
1.549831898890714266e+00
1.532541603802608732e+00
1.522183637840046178e+00
1.539049833519454014e+00
1.532358246781767352e+00
1.519948958295870511e+00
1.547255832810936038e+00
1.565880419325424988e+00
1.561398546293054856e+00
1.574293070443402165e+00
1.578692396693774036e+00
1.573039849209074692e+00
1.581768181523067751e+00
1.576252308913227873e+00
1.584432714137529397e+00
1.569328393877585492e+00
1.545968919871025360e+00
1.569549405342286041e+00
1.537739017197745195e+00
1.535979917741509437e+00
1.546318801948732169e+00
1.568463643606820890e+00
1.551905183153166723e+00
1.575097012760540371e+00
1.568582256845562961e+00
1.575368361245594429e+00
1.581908647393589051e+00
1.603944853680440374e+00
1.602580466975684903e+00
1.549142646184382688e+00
