5.236673617708202944e-01
7.985973516093509694e-01
1.050958115799784931e+00
1.247822717585794550e+00
1.414305460513404666e+00
1.531008135020122785e+00
1.604750612599848969e+00
1.617328362019590404e+00
1.617011101090499059e+00
1.590979562070491182e+00
1.585585512348054005e+00
1.556928778035243877e+00
1.574602828716647362e+00
1.569696780769385791e+00
1.541968958496693576e+00
1.513825372632936039e+00
1.533435139146522408e+00
1.527388704903403838e+00
1.560880962802292160e+00
1.587587538827323508e+00
1.598373928569693403e+00
1.575731820977183562e+00
1.553942978970254796e+00
1.553051727974708696e+00
1.553030118991544306e+00
1.537575668071639035e+00
1.554729321220164939e+00
1.572074095890411582e+00
1.571290682961025142e+00
1.561385322393868513e+00
1.554361023738613401e+00
1.544947277487969117e+00
1.512391145156742667e+00
1.497600596070483014e+00
1.540865045339565587e+00
1.555963378192133595e+00
1.555951653010882563e+00
1.552458561992875019e+00
1.565841788239327848e+00
1.583138012340439715e+00
1.585355049878216516e+00
1.583171166502796101e+00
1.593529257316253167e+00
1.590350981348412240e+00
1.577625313086828296e+00
1.536695390121453508e+00
1.484402683015763724e+00
1.455903931270538409e+00
1.448576571936374791e+00
1.461872294594178223e+00
1.478964354379493917e+00
1.506363836212756491e+00
1.512484465771202213e+00
1.512755791424355678e+00
1.547104356592692076e+00
1.544595486820456554e+00
1.550837553648397149e+00
1.529092180876199025e+00
1.533954201679526230e+00
1.563314405715662492e+00
1.580709067550821967e+00
1.594483351852555630e+00
1.594318972686451286e+00
1.567299445717970086e+00
1.543986569097747008e+00
1.535632246530823419e+00
1.530614686081910092e+00
1.532532420631811609e+00
1.547393738240091521e+00
1.557335420801297055e+00
1.522348858100373237e+00
1.508792205247924123e+00
1.500928023529292998e+00
1.497354968407775599e+00
1.504509476357267284e+00
1.509945893647987480e+00
1.499620088933756534e+00
1.496261873437790380e+00
1.493391479821537748e+00
1.479259601540248159e+00
1.472962419185081862e+00
1.492833569541070604e+00
1.509566924321517734e+00
1.503532127840134569e+00
1.482897375985719801e+00
1.482827107689235202e+00
1.494037558962672430e+00
1.521960774186039478e+00
1.495205196815019733e+00
1.472377544341738842e+00
1.455497770003055580e+00
1.465017953464173184e+00
1.481170422523153896e+00
1.498032439707503549e+00
1.502588384279203826e+00
1.504538976976741882e+00
1.462739391035822623e+00
1.460397570919192978e+00
1.476299982968139357e+00
1.504252483249104655e+00
1.467910030169998992e+00
1.427687462887375469e+00
1.433525929364054319e+00
1.447593291958747086e+00
1.474178450685308395e+00
1.475575944457934607e+00
1.493479740337729123e+00
1.519982096712188202e+00
1.515041670580075106e+00
1.487679378107624739e+00
1.481380794542811241e+00
1.458992972958859546e+00
1.447403481378229495e+00
1.466305866328632357e+00
1.464588575440765483e+00
1.459690150501096184e+00
1.467260874613056432e+00
1.478294090412919370e+00
1.459558704242229998e+00
1.480299426447965638e+00
1.497383603935311003e+00
1.493356731362471823e+00
1.485647465956520197e+00
1.451078515838712946e+00
1.447561138600865993e+00
1.464363477988875228e+00
1.476956712949984318e+00
1.484678977041540060e+00
1.465461549897552507e+00
1.480532717804360576e+00
1.491739420288364482e+00
1.487724030200095582e+00
1.479278173905580029e+00
1.439898390603730816e+00
1.453999928333435276e+00
1.443052148946782909e+00
1.452086624968414341e+00
1.470426285934363975e+00
1.506851664240344446e+00
1.523672630459351085e+00
1.514706368434026285e+00
1.502793715289332477e+00
1.481387624430998917e+00
1.491467257458509055e+00
1.474880042497336285e+00
1.461619306809815111e+00
1.462661195249468582e+00
1.460503681040830282e+00
1.447570565837117851e+00
1.433444874791569124e+00
1.465599363889197537e+00
1.474419026570033209e+00
1.479685810471583096e+00
1.466347995907550494e+00
1.468354709783539436e+00
1.465431464262425543e+00
1.455172725459116245e+00
1.441552661374974509e+00
1.467826404318311129e+00
1.468742432879946325e+00
1.481501724463607950e+00
1.477999150067835110e+00
1.455584672036366767e+00
1.440382705617052839e+00
1.467975423960900416e+00
1.504051047348998082e+00
1.504088677236647076e+00
1.519031549820074378e+00
1.496561479451860244e+00
1.496217534486713463e+00
1.470738033834174896e+00
1.444365791640783714e+00
1.431486691690029955e+00
1.445435508796300450e+00
1.436844306269463800e+00
1.429774776799890956e+00
1.429638589727176390e+00
1.438320936061418642e+00
1.470026001705420748e+00
1.519370766204577006e+00
1.514555920075701723e+00
1.500530379302783102e+00
1.503504355358261657e+00
1.470267821381763040e+00
1.474889415928887892e+00
1.459194039704443613e+00
1.435129912797579843e+00
1.417564996540469746e+00
1.430739876000193256e+00
1.437240767566660971e+00
1.457197316568688006e+00
1.460726531661983740e+00
1.458524240835910035e+00
1.443218444991590799e+00
1.463050616757889832e+00
1.450433092962070791e+00
1.444486437223718944e+00
1.475684822483863456e+00
1.458496580339891491e+00
