6.455838863901932623e-01
8.487995670558258210e-01
1.015766289710024139e+00
1.311219471539976311e+00
1.480924193189190996e+00
1.587394712551908116e+00
1.653854609103841300e+00
1.666250164811594381e+00
1.674233333297440396e+00
1.689460715492941079e+00
1.661101338732162924e+00
1.609776736090269722e+00
1.567202160666628208e+00
1.545986732883015691e+00
1.545125342958993953e+00
1.589024876536343944e+00
1.586920187616126299e+00
1.592823006465881930e+00
1.579785680573146056e+00
1.566919661068689296e+00
1.572250997488766844e+00
1.589700544852232111e+00
1.617116979085665651e+00
1.627137646873086707e+00
1.608922853482189330e+00
1.624257330979605785e+00
1.671362021782415219e+00
1.669632659574789235e+00
1.653786291685332532e+00
1.611772262261522926e+00
1.568357806509372399e+00
1.541690081037324633e+00
1.535433745662277749e+00
1.565162041903859436e+00
1.598760328597843783e+00
1.551331412933683929e+00
1.567300105193034199e+00
1.574381431953532529e+00
1.585648917779670208e+00
1.602815082995799667e+00
1.615460701181416603e+00
1.635959988994502234e+00
1.673583258895769310e+00
1.676011422862946798e+00
1.668153404176940358e+00
1.631438395479185344e+00
1.583495922196454631e+00
1.539413595283831038e+00
1.504512948390829941e+00
1.506038946367018738e+00
1.543247561401162038e+00
1.546961579734678960e+00
1.567842423924252548e+00
1.567261860108695837e+00
1.555973912264408732e+00
1.551448813143287531e+00
1.580869495522882584e+00
1.619668101242812019e+00
1.650678043530671602e+00
1.649623904246484862e+00
1.641313535684260083e+00
1.626073177213043230e+00
1.627130275066970277e+00
1.600499377350556918e+00
1.575797803405734721e+00
1.558223261298927742e+00
1.586498683349876870e+00
1.639454403003632210e+00
1.606626104065689509e+00
1.567199675196601749e+00
1.532467624467115597e+00
1.508508765596047407e+00
1.543365812483319166e+00
1.560646069327151109e+00
1.553997851424194554e+00
1.519448672652378596e+00
1.502986574316812707e+00
1.504387392917697408e+00
1.526921013216738121e+00
1.516607265972000240e+00
1.516867200049180298e+00
1.535646462933553558e+00
1.547690558853697995e+00
1.517399926912689434e+00
1.514372147248084444e+00
1.496485432786325065e+00
1.493594274444909109e+00
1.500886500434098547e+00
1.519491149624064841e+00
1.544964320931513369e+00
1.577551713642886932e+00
1.536035729859919874e+00
1.521157511734061663e+00
1.512287043696229905e+00
1.503504984896790742e+00
1.499110490245761040e+00
1.512049774669367075e+00
1.520174102672848138e+00
1.533011171976048859e+00
1.524882966809606222e+00
1.512085807249410330e+00
1.524971344127691530e+00
1.509225138803427235e+00
1.531451217543242205e+00
1.530371610389702708e+00
1.514623565336747912e+00
1.506962103074288573e+00
1.527512772288372789e+00
1.522786468943910343e+00
1.530759344781528419e+00
1.513304348515177145e+00
1.497458757934757578e+00
1.491809903895753964e+00
1.496143763895237955e+00
1.484226834843735965e+00
1.466769037930256037e+00
1.463554112820148356e+00
1.457514534746021218e+00
1.503556187638594999e+00
1.564812294447613494e+00
1.575968845068374424e+00
1.556748079408207364e+00
1.547102223375896202e+00
1.531127798529667627e+00
1.501596805390383649e+00
1.478503849191945996e+00
1.479528840769095632e+00
1.495527730069243777e+00
1.487421374975631316e+00
1.499247850071069754e+00
1.486226431417283944e+00
1.488032065766493384e+00
1.480771289078108621e+00
1.506225134339813643e+00
1.503658889353546080e+00
1.496278897587948409e+00
1.474938068082210396e+00
1.497213149196692683e+00
1.509831992344731866e+00
1.522159968802199836e+00
1.501233367755415271e+00
1.483158048045435384e+00
1.484498671341555776e+00
1.512558003621308433e+00
1.540487101387966185e+00
1.537335630184212487e+00
1.531695333099261314e+00
1.524126107616992520e+00
1.523205039786327708e+00
1.497509011225222508e+00
1.502779886471194315e+00
1.502864091612877928e+00
1.538737535057555617e+00
1.548818030431204473e+00
1.536888101225155179e+00
1.525996589731648312e+00
1.513664655914377377e+00
1.510602026404381570e+00
1.505926492985301346e+00
1.500834833990466022e+00
1.506403892828725777e+00
1.537685405269314520e+00
1.544706395594345416e+00
1.523383905717450526e+00
1.497898832514996892e+00
1.481809176418795504e+00
1.465181735299882160e+00
1.450697930523356716e+00
1.466143658589935672e+00
1.447744882213608308e+00
1.469121004024044108e+00
1.477795849895680247e+00
1.472987975144204320e+00
1.461946403756576141e+00
1.481974967055450287e+00
1.470963947318996157e+00
1.455126835378816930e+00
1.443652144821391481e+00
1.453980548006408746e+00
1.475680990040753260e+00
1.509670129184778498e+00
1.493133611331713517e+00
1.483805645034631748e+00
1.483708473346601719e+00
1.491673720346793131e+00
1.496946186351013397e+00
1.511377845022844113e+00
1.493633038795167955e+00
1.500051235020372076e+00
1.486806693072357577e+00
1.475416919137110705e+00
1.470101309128645006e+00
1.456857020497917210e+00
1.450187446384152201e+00
1.463490317188155254e+00
1.459780953297223904e+00
1.461406563052800811e+00
1.445829993001310765e+00
1.461055152475087437e+00
