6.200740010166657656e-01
9.182700753575767649e-01
1.155570507451302520e+00
1.416127206061708055e+00
1.492033547561251172e+00
1.626310007901892840e+00
1.691431231610877939e+00
1.771785446205195402e+00
1.762587562453576728e+00
1.786542817977205377e+00
1.773674749658284977e+00
1.754608942244766823e+00
1.738664096442284368e+00
1.716932960787090456e+00
1.704822312603237133e+00
1.713856794110458548e+00
1.690557092186833588e+00
1.682477785454026487e+00
1.686804263046807861e+00
1.693756805230628437e+00
1.650318524323064917e+00
1.683015934486256970e+00
1.690752995842573103e+00
1.730198933439134112e+00
1.750300150243075725e+00
1.794815979010119911e+00
1.805997335634252909e+00
1.770455653811909613e+00
1.718254396958354580e+00
1.694234798650738671e+00
1.666429723554176290e+00
1.644079735906204709e+00
1.665427027933619852e+00
1.685613466445134545e+00
1.672563765827148163e+00
1.695219700761654069e+00
1.696168317840920592e+00
1.717785450091805499e+00
1.735047934986658325e+00
1.760428216787476297e+00
1.761363167235343141e+00
1.767399359701723238e+00
1.754071206456915943e+00
1.732027513259574825e+00
1.746654586689894817e+00
1.706947992639068268e+00
1.702935707700446777e+00
1.653713412339725686e+00
1.662935255317804284e+00
1.664992270523993900e+00
1.685939996505777083e+00
1.672136044236391950e+00
1.639537745569817684e+00
1.645627747864408574e+00
1.648812718227693264e+00
1.644115315544715461e+00
1.651405910298075375e+00
1.670668195888120877e+00
1.685936496561192710e+00
1.726088993880605438e+00
1.751499581166046093e+00
1.765365060558536703e+00
1.796365585427934120e+00
1.771249467166717828e+00
1.733599392933507843e+00
1.717582477086847748e+00
1.694985953846841253e+00
1.689305603793531230e+00
1.689532256978351965e+00
1.685135768062956840e+00
1.669059080487670821e+00
1.652458403660486796e+00
1.669829533634086483e+00
1.666178599255279114e+00
1.665697865213032314e+00
1.644124304734418951e+00
1.629613829197552599e+00
1.631291462985706042e+00
1.636590881356370764e+00
1.636165485054212665e+00
1.675726234319504737e+00
1.680921934111663907e+00
1.671255251116630758e+00
1.659526761556959329e+00
1.656068839950983307e+00
1.647029133113576016e+00
1.636171243620925031e+00
1.614973756949306782e+00
1.620966547436431870e+00
1.639621626764239615e+00
1.647627894082882127e+00
1.654068412814613920e+00
1.674247528562101905e+00
1.676923053415398712e+00
1.644211335084961423e+00
1.637086368880322995e+00
1.642905457574993067e+00
1.617492160601499362e+00
1.616376985363149332e+00
1.643111207885530112e+00
1.647869588809798946e+00
1.631417501280378435e+00
1.647071207468149945e+00
1.659712926339461214e+00
1.659920992246818550e+00
1.658737019797320356e+00
1.633578144791248743e+00
1.633041854058193021e+00
1.668784287111950704e+00
1.680419869434681024e+00
1.680279704424188392e+00
1.652007047984119126e+00
1.623460136238213503e+00
1.621548983155010282e+00
1.630699173493465937e+00
1.640580967478128205e+00
1.621501954546444857e+00
1.626655058466953463e+00
1.625547369022849908e+00
1.640079617504361709e+00
1.655172416259715895e+00
1.652624036379600314e+00
1.640663500570300526e+00
1.622566245197279544e+00
1.624923485612862706e+00
1.624520046511089388e+00
1.609386898686838485e+00
1.622075967743578540e+00
1.615345236477316648e+00
1.643232290308022980e+00
1.636943831214749734e+00
1.641520104187628615e+00
1.657670067217133392e+00
1.638860605575352514e+00
1.639057882902818397e+00
1.630980206464593074e+00
1.632585585553925744e+00
1.611466458741861674e+00
1.595495783149649460e+00
1.585372965417354729e+00
1.600885655005539032e+00
1.641742273200842206e+00
1.673196143852331508e+00
1.677325399311539567e+00
1.640647414176065633e+00
1.651634146703094608e+00
1.654768901210211807e+00
1.637408158742297060e+00
1.615964942491344480e+00
1.622272622144834919e+00
1.613076275832884932e+00
1.621319735387048766e+00
1.621460510062657567e+00
1.624739603497056706e+00
1.624329999084331622e+00
1.619573637302042179e+00
1.606711087928460513e+00
1.612588197747378382e+00
1.660511300722838479e+00
1.685397935910698086e+00
1.672701669173486394e+00
1.631252412852777667e+00
1.624553635450121103e+00
1.624879468877537869e+00
1.628804467805375467e+00
1.640085649974313498e+00
1.641293525869033765e+00
1.628506647237980998e+00
1.613137794719375906e+00
1.638023861495003120e+00
1.619780943967866316e+00
1.619765317748322664e+00
1.629820451920845459e+00
1.631798985496251353e+00
1.629455053719921498e+00
1.622141810549130536e+00
1.671917051281559319e+00
1.668076581644241330e+00
1.647895843946753924e+00
1.657063972230978344e+00
1.654425893257344793e+00
1.636528842286402163e+00
1.640378969596918202e+00
1.646620077702049878e+00
1.633597635046996510e+00
1.641555597195979210e+00
1.633124920489847254e+00
1.610548240323275593e+00
1.614597010076977757e+00
1.607081637634206528e+00
1.632383931729123105e+00
1.613268644230769322e+00
1.594004732260644097e+00
1.588859703841114746e+00
1.585938260330323590e+00
1.568459166463419985e+00
1.562214317443997968e+00
1.569535071358532319e+00
1.583271258754748612e+00
