6.015454256287426915e-01
9.189820946507067934e-01
1.230823756680373693e+00
1.522663791722046911e+00
1.672733099788659361e+00
1.816293436811208473e+00
1.908250660381274777e+00
1.946909124788981593e+00
1.903889616512018046e+00
1.867385359251524823e+00
1.853399719222726949e+00
1.835201481706299820e+00
1.837617586856735263e+00
1.840924412026720969e+00
1.838597270057725552e+00
1.827381831639413479e+00
1.818741163087799650e+00
1.806307597387657449e+00
1.805086038818931149e+00
1.830541628971386503e+00
1.806271214856539631e+00
1.808914543920581153e+00
1.818536136719551832e+00
1.819816707078577345e+00
1.825394493541390606e+00
1.837970722658471168e+00
1.865683548583850326e+00
1.888355044000318284e+00
1.924289988629751091e+00
1.908152002046291207e+00
1.865795803865899050e+00
1.805811018423998382e+00
1.797370189681257724e+00
1.797697299579282593e+00
1.810104242673862496e+00
1.795750518405399898e+00
1.810349398649975683e+00
1.808768374358276532e+00
1.824958881386053999e+00
1.878447132000116815e+00
1.932444880856234448e+00
1.917979915159047311e+00
1.873790850545310693e+00
1.822206906276961913e+00
1.785774272513582117e+00
1.814022813501501075e+00
1.845982082255217982e+00
1.855126374286800273e+00
1.818313550644524490e+00
1.767646602955406765e+00
1.775494767701487175e+00
1.817414070102096213e+00
1.859480429403452817e+00
1.842756928913186876e+00
1.830593724717485715e+00
1.869018895525765833e+00
1.907392203773656814e+00
1.885770488707466219e+00
1.877152915925962784e+00
1.830452430882425263e+00
1.820543368823852592e+00
1.832218465615114811e+00
1.845949336668238239e+00
1.801567031647325789e+00
1.744134043153643621e+00
1.732379464265980440e+00
1.736093903181540110e+00
1.740598271844978839e+00
1.744569053299315664e+00
1.757678126259103468e+00
1.762930491006086564e+00
1.787423599638657601e+00
1.791415572721839267e+00
1.806426687379224960e+00
1.812998973728063845e+00
1.796005075144545104e+00
1.778852881583959711e+00
1.768550717266469396e+00
1.753384480583709770e+00
1.774872550343113309e+00
1.758994200291533305e+00
1.765913826624412764e+00
1.762294346523347599e+00
1.783032160564786972e+00
1.772255727365533273e+00
1.772724649375051031e+00
1.748396755855263773e+00
1.725653632997970810e+00
1.746058112871788914e+00
1.745157931038691768e+00
1.765031560394624721e+00
1.795664756126196471e+00
1.818458976903478685e+00
1.821091133051877531e+00
1.809948149325296685e+00
1.818302576522186520e+00
1.779067328179186447e+00
1.754389933401943269e+00
1.761154331767351700e+00
1.751755240121303903e+00
1.754279159657779585e+00
1.767705973379557038e+00
1.754424324011603087e+00
1.736799997344035118e+00
1.721906944426754515e+00
1.722462487180294710e+00
1.753557425077471255e+00
1.755504626742639074e+00
1.771471554889157307e+00
1.781178768396379786e+00
1.793895914176458994e+00
1.800296489698738789e+00
1.820136680501005078e+00
1.799636372160281494e+00
1.814173495930901492e+00
1.814722869316490073e+00
1.800219307868192065e+00
1.754055785898511743e+00
1.722922109441304750e+00
1.701042107157706429e+00
1.714086736584512938e+00
1.707119539686346554e+00
1.681505928423996821e+00
1.719925477308567929e+00
1.758646192340207470e+00
1.784589598976921820e+00
1.794518716303041161e+00
1.798571649406748740e+00
1.800004719768370176e+00
1.795192050868212874e+00
1.781128737671039852e+00
1.779146511731315439e+00
1.789602077585787043e+00
1.790949384306290915e+00
1.800226040971266483e+00
1.781849293515890498e+00
1.739779859861166678e+00
1.718357831853762452e+00
1.717956711791972957e+00
1.735003960676263279e+00
1.742185628928479613e+00
1.746010668193911819e+00
1.778344879655160415e+00
1.740843592571082343e+00
1.730630161200978012e+00
1.721149791233897997e+00
1.697090939872774040e+00
1.697791727435158604e+00
1.684467116523858499e+00
1.705056677477329696e+00
1.766233706004641579e+00
1.753505341529136397e+00
1.753694798446653103e+00
1.737420926227208451e+00
1.720150048909530049e+00
1.718553360725601831e+00
1.739671167287720976e+00
1.739572626640856878e+00
1.736196746583297257e+00
1.714501886077049120e+00
1.737186730973454996e+00
1.718961764412248128e+00
1.695666583836953567e+00
1.689552284737960042e+00
1.700951599651535640e+00
1.724197230229504108e+00
1.743095635564421153e+00
1.757496140164242382e+00
1.741666917389836255e+00
1.729888711588597472e+00
1.720467257913697035e+00
1.722741679416035732e+00
1.714015719571920338e+00
1.699486406093701829e+00
1.711565966757671475e+00
1.722034090272163365e+00
1.699322439433766929e+00
1.726257047887773677e+00
1.720373482209448746e+00
1.733160750957893681e+00
1.690560041845159400e+00
1.730502780381987016e+00
1.731864610647075420e+00
1.721867663683839700e+00
1.702487224106005392e+00
1.709036660590935286e+00
1.718388768839412384e+00
1.736355605426961768e+00
1.699487701967728359e+00
1.683708819148021396e+00
1.685024013858455350e+00
1.670496915459263487e+00
1.715583123320631342e+00
1.724365807489624647e+00
1.752811754054300231e+00
1.729877111024195280e+00
1.749349131309907879e+00
1.748078086243042062e+00
1.723938020446888375e+00
