5.116166965639127318e-01
8.856206388569690668e-01
1.122037986837105983e+00
1.417113139076614292e+00
1.582141047320528182e+00
1.673326724804147458e+00
1.696016135576957851e+00
1.697752250215554204e+00
1.714229312274474504e+00
1.745037840978167498e+00
1.759622589278339921e+00
1.765270967040576178e+00
1.758259095033437136e+00
1.744233586413250769e+00
1.771997721596874964e+00
1.742698621378466317e+00
1.760610659087508578e+00
1.765327019448390100e+00
1.741066082165854567e+00
1.720351717211843656e+00
1.741463568675245988e+00
1.737163903931554287e+00
1.761885086262438227e+00
1.741669149605761469e+00
1.747833245165431482e+00
1.737087662647308406e+00
1.746054070417397019e+00
1.764683280081272176e+00
1.778229871066433487e+00
1.795978121208738232e+00
1.754381367984717555e+00
1.739094528459607547e+00
1.684365465862556865e+00
1.690071298928561339e+00
1.684941201750573381e+00
1.721239200731479402e+00
1.702229860540860118e+00
1.692342427810848537e+00
1.695903025128870034e+00
1.700795301991359310e+00
1.695114170786515384e+00
1.720071432709985304e+00
1.747673838692476611e+00
1.757708489782567884e+00
1.751577139456913956e+00
1.726842597127251855e+00
1.751574663851711788e+00
1.739864710358664412e+00
1.725540487747818874e+00
1.727626386166429606e+00
1.747980179023990832e+00
1.782271534550624592e+00
1.754699601384797303e+00
1.728859342766809970e+00
1.708566100812598298e+00
1.679265285031107169e+00
1.688953670220074033e+00
1.693474850255445086e+00
1.713887244638484075e+00
1.715199863867059582e+00
1.723749184106545096e+00
1.749053370797846396e+00
1.782846389918340213e+00
1.785483951411129810e+00
1.776735721931648637e+00
1.780766622034412272e+00
1.764422752124978011e+00
1.763170932529539714e+00
1.754384385270961300e+00
1.696780489365344646e+00
1.671618156915719577e+00
1.674831686642284323e+00
1.674761891558018911e+00
1.666228703561497104e+00
1.659318790129594934e+00
1.676165876003657518e+00
1.667243607324980559e+00
1.665548517700462972e+00
1.689913032581245700e+00
1.699770502996299948e+00
1.695016754445459517e+00
1.674540108260732074e+00
1.665727073986045470e+00
1.649270921585326732e+00
1.661183663502967089e+00
1.661032370767109079e+00
1.670169911605123181e+00
1.677977385657048348e+00
1.694725882555257801e+00
1.683197700660579610e+00
1.685795189649390347e+00
1.691560476746236219e+00
1.706047876803262975e+00
1.674877060827087316e+00
1.693817961215622336e+00
1.652587701248677154e+00
1.642825036973846409e+00
1.644260991122304505e+00
1.690242122935075253e+00
1.664286626727257135e+00
1.651981019078810231e+00
1.623009347534494218e+00
1.646160178441826050e+00
1.643040837742124838e+00
1.694094185572919686e+00
1.661008488957829154e+00
1.676026507106234797e+00
1.693289423572365004e+00
1.720475911858066143e+00
1.675415260875493306e+00
1.676152573199988449e+00
1.680606076667870097e+00
1.692926453464129954e+00
1.682204144773931986e+00
1.674724403675053708e+00
1.678739372531114160e+00
1.685832766788377013e+00
1.681472418319533313e+00
1.663757462967466738e+00
1.655604055637692307e+00
1.663813738433849387e+00
1.682207375570769381e+00
1.673841103154396714e+00
1.672385241170336601e+00
1.656621407508346300e+00
1.641149505213172377e+00
1.646317657496031428e+00
1.640940821699312657e+00
1.645802651584793219e+00
1.648139984656715518e+00
1.636668235930214044e+00
1.651974922009920688e+00
1.648765794878818802e+00
1.653143340867638811e+00
1.662176862148601941e+00
1.674703062116141616e+00
1.693902175711693880e+00
1.697588692875257932e+00
1.687445197435431865e+00
1.662020883779258718e+00
1.685327313531332249e+00
1.689262224585904582e+00
1.684178408756717316e+00
1.669838203808009069e+00
1.699110304627483137e+00
1.683518132841615111e+00
1.647875200751624636e+00
1.640596837499935789e+00
1.669151346587885110e+00
1.661062262624524388e+00
1.672331346864373902e+00
1.666395698762073163e+00
1.677539384439244774e+00
1.679290514375225030e+00
1.658000319554391089e+00
1.640014400557468166e+00
1.638828604415461854e+00
1.658378783986523608e+00
1.653499141823093765e+00
1.648419640352681848e+00
1.648841233162731790e+00
1.621910680935512161e+00
1.619656135964788302e+00
1.623021753495630159e+00
1.633633450762575601e+00
1.654604463947171089e+00
1.633957786470449980e+00
1.658013907035559731e+00
1.654617814352956184e+00
1.678805937118817093e+00
1.661357109116952335e+00
1.624329240071582525e+00
1.618973577387081031e+00
1.595055993934930916e+00
1.600016129797263265e+00
1.625176821292910079e+00
1.655715415238348420e+00
1.633629566547122103e+00
1.637158640449434044e+00
1.625498057219564974e+00
1.646827631811359716e+00
1.632015899767899736e+00
1.627728432939815839e+00
1.624474901157564544e+00
1.626042288610480613e+00
1.649666674618560647e+00
1.650858950113291979e+00
1.616804235808764867e+00
1.617391370390970584e+00
1.627441154044634741e+00
1.623793329557710052e+00
1.630152771954534563e+00
1.655253316468523250e+00
1.661075489107771475e+00
1.692270544965789103e+00
1.652028205798422134e+00
1.625580617682926166e+00
1.617755451996309102e+00
1.635275681773692646e+00
