5.247319513628281307e-01
8.189641289640660071e-01
1.032758240304598729e+00
1.267989063104073333e+00
1.409238965157216805e+00
1.500909952921789303e+00
1.540948286978813808e+00
1.528123613340104381e+00
1.515711796878762785e+00
1.509853040082403286e+00
1.526228743569698842e+00
1.536993421226408696e+00
1.552948111763087669e+00
1.590912289744579766e+00
1.580687893223573948e+00
1.571372193547756035e+00
1.536626748901207762e+00
1.522108571960424817e+00
1.540658799997399964e+00
1.515641956735222839e+00
1.505365187434080321e+00
1.506743704734569533e+00
1.529092107667515466e+00
1.532983579132843444e+00
1.550503493246566222e+00
1.563775906734971244e+00
1.553585759073943251e+00
1.524816735770930798e+00
1.494112500636967322e+00
1.505201080473711039e+00
1.516564184340946309e+00
1.533809795863318337e+00
1.555397464101228922e+00
1.540105738527721924e+00
1.501769157985528791e+00
1.510205395191330791e+00
1.510886684769129795e+00
1.553212814827481747e+00
1.528702216163678074e+00
1.510067714314896392e+00
1.505530180387651740e+00
1.538566884056762563e+00
1.551363003353905423e+00
1.541674626478581223e+00
1.538980237466859968e+00
1.530319338223371073e+00
1.520776981925350047e+00
1.504515109739970269e+00
1.535158145626068782e+00
1.560591820091884907e+00
1.558554754709236212e+00
1.553408945101738103e+00
1.528145131585261884e+00
1.529823406307518230e+00
1.501916456528868737e+00
1.491994129652137957e+00
1.497225175968600386e+00
1.484770236645926333e+00
1.487616560234129359e+00
1.511432898064532626e+00
1.541583111574693188e+00
1.544095159113376914e+00
1.541456456834120248e+00
1.549095379905415015e+00
1.551446605726182204e+00
1.526519366313110471e+00
1.524260143612136353e+00
1.515771587154755684e+00
1.520671590681730745e+00
1.510726647330430827e+00
1.531425057124009115e+00
1.535285646293102824e+00
1.535549249702659491e+00
1.502554882166903916e+00
1.509424423430162143e+00
1.522598873501622485e+00
1.545974456120762675e+00
1.535209473942403813e+00
1.530621285831505807e+00
1.525847980507123225e+00
1.529098161000066014e+00
1.520353700519914808e+00
1.513492495156217421e+00
1.517293158434672495e+00
1.511977719678579524e+00
1.519080364219666857e+00
1.529943143066740285e+00
1.539519477587504070e+00
1.520262896481347381e+00
1.485446684836198905e+00
1.471321743402349558e+00
1.463120468769440796e+00
1.484994878282797526e+00
1.508165918253493665e+00
1.546971330585561910e+00
1.530343014454293771e+00
1.520331665916088149e+00
1.472954357366812239e+00
1.468811553933408343e+00
1.506752612484095089e+00
1.509730756406638452e+00
1.495933886495339094e+00
1.526339074690674424e+00
1.525995473072358610e+00
1.520270959707195502e+00
1.480066803955984112e+00
1.453801633763059042e+00
1.444785867923882305e+00
1.455272237313133044e+00
1.437284300881431554e+00
1.449051389673445600e+00
1.462739333686792209e+00
1.503889643580684998e+00
1.503587751558891350e+00
1.474063795295760704e+00
1.464151797543611577e+00
1.451319740549058324e+00
1.452001591380534196e+00
1.435603707911859095e+00
1.434903992647192927e+00
1.469363006452563125e+00
1.484147266882317240e+00
1.511500068212403125e+00
1.507966231937251544e+00
1.506128926355544406e+00
1.492119480941521248e+00
1.464034338453221284e+00
1.431358095171223033e+00
1.458896861185610572e+00
1.480814755999184440e+00
1.497810117087056136e+00
1.468496053612535546e+00
1.461085683534594892e+00
1.442855257416410630e+00
1.458508478133849096e+00
1.466156556869752103e+00
1.465644342749314877e+00
1.477198831580570637e+00
1.488309347420912809e+00
1.481828950301305126e+00
1.487865104086298240e+00
1.465657858877069675e+00
1.446712054024925642e+00
1.426833518718919169e+00
1.457239751339556522e+00
1.490831886396699835e+00
1.479263457479815580e+00
1.448254581452229628e+00
1.452474422238048568e+00
1.453828789261021770e+00
1.461783857546318899e+00
1.468348516318449537e+00
1.465695411598830766e+00
1.452381687345501771e+00
1.471087212169497560e+00
1.445912773184723887e+00
1.441255625385199579e+00
1.455223906063702888e+00
1.444937953291663746e+00
1.448193383236515031e+00
1.461748709903883725e+00
1.459363881858646961e+00
1.496103516359950980e+00
1.484483479716087517e+00
1.481269868206269713e+00
1.462361780052566562e+00
1.486684980849640070e+00
1.485586853850021871e+00
1.474832918812660987e+00
1.441741633625886809e+00
1.448251638726880008e+00
1.421844979030603140e+00
1.427650609125167280e+00
1.429043375343752809e+00
1.419294571854025300e+00
1.426433251684523285e+00
1.445625430925886246e+00
1.452911598560806983e+00
1.451321830011652159e+00
1.434848317118080585e+00
1.448774309456164922e+00
1.456891174950912138e+00
1.475430393802712681e+00
1.430572762243476737e+00
1.417349966100953429e+00
1.415695711913210308e+00
1.436796887884826068e+00
1.429752247178217583e+00
1.421822158012830961e+00
1.426493847534556547e+00
1.463145634816015450e+00
1.467950416708393435e+00
1.482185532335431155e+00
1.457567131488356038e+00
1.447306963807433844e+00
1.440511729911861050e+00
1.445760239749861453e+00
1.469240700576287084e+00
1.489380577050123611e+00
