5.644253970771950790e-01
8.999818614985337639e-01
1.050762213384652144e+00
1.317644254057633191e+00
1.420274286524385809e+00
1.564565374259966557e+00
1.600788345005685231e+00
1.651780332016234309e+00
1.653051220317630854e+00
1.720943842202352192e+00
1.751912371205075258e+00
1.784322838181167103e+00
1.722364796873301351e+00
1.689942183929034503e+00
1.646549953874345329e+00
1.680234985320898211e+00
1.668749043842547852e+00
1.676708495701877855e+00
1.664854147567961018e+00
1.682511234216212070e+00
1.689494575271896615e+00
1.702862037201475109e+00
1.656785395950189255e+00
1.652441955014616104e+00
1.637561819675634744e+00
1.684269757271653845e+00
1.673651333568090260e+00
1.694591781825661725e+00
1.700790064243218991e+00
1.706477824378156427e+00
1.701287191259789111e+00
1.723654127802157765e+00
1.719168058425233570e+00
1.693364724673732447e+00
1.675948741678763731e+00
1.668994743744949272e+00
1.665129226843571120e+00
1.676496414532385959e+00
1.658489143155755130e+00
1.681410111487628534e+00
1.720863643503038221e+00
1.713898342060454549e+00
1.701434945055537273e+00
1.689277811534381168e+00
1.646341823884808431e+00
1.596110064742051415e+00
1.588667775725472131e+00
1.625531927436755453e+00
1.647460205819538448e+00
1.678737079496522844e+00
1.744414940140063708e+00
1.755635799638707306e+00
1.760174883120342981e+00
1.713516539415398832e+00
1.670112390015404458e+00
1.661421640205637207e+00
1.687989286406135658e+00
1.673364782986557664e+00
1.650984763891264695e+00
1.649649836385030266e+00
1.643396911750279354e+00
1.656476147088239870e+00
1.662779429747914595e+00
1.677652136386553972e+00
1.701975049885491531e+00
1.744826809197150830e+00
1.752157401146766436e+00
1.716738460056620008e+00
1.725385484609995634e+00
1.715740479144606034e+00
1.694347491787219884e+00
1.652295433450268858e+00
1.647471105549769499e+00
1.630603405232263770e+00
1.643218490915127283e+00
1.616665355492600042e+00
1.627662430362035950e+00
1.599179615757003070e+00
1.625682894574750348e+00
1.643492646191029527e+00
1.673439903165857778e+00
1.685633555484223667e+00
1.680626502619581686e+00
1.665789418695790003e+00
1.649314330661675099e+00
1.614682144689186361e+00
1.621481558009779667e+00
1.608570321879771559e+00
1.607386559294401884e+00
1.625099360016356798e+00
1.667949877492852506e+00
1.695005731815395711e+00
1.698924312895893518e+00
1.683644910022822794e+00
1.679908737568991617e+00
1.648947979106585970e+00
1.628239856930576490e+00
1.585719386638382300e+00
1.599105919058920078e+00
1.631326735043118425e+00
1.698478991915379765e+00
1.682918686251148710e+00
1.661193969514175084e+00
1.631987464042559344e+00
1.619478687254308324e+00
1.619516396565417349e+00
1.625062817098638979e+00
1.605016648558468928e+00
1.637070375315405002e+00
1.596505983837201770e+00
1.577868693432127989e+00
1.589150352521270682e+00
1.562332645623141003e+00
1.569121046129425823e+00
1.621734896807941473e+00
1.621289597749535405e+00
1.612404597918142946e+00
1.574583505670975159e+00
1.572052338884168732e+00
1.556628230731816442e+00
1.556641849746126516e+00
1.534770012588420052e+00
1.546463522195579809e+00
1.543961450153888748e+00
1.573193466079262581e+00
1.553323023209872922e+00
1.574032650964978020e+00
1.573289179093901868e+00
1.591651019789878330e+00
1.565282314733462909e+00
1.552695181508108258e+00
1.563948082693898955e+00
1.576754814810048533e+00
1.582992373583116619e+00
1.586344648320188844e+00
1.556251185165292927e+00
1.531862661502665368e+00
1.535716313445162129e+00
1.554261193632599625e+00
1.562928005742461934e+00
1.576252200578906359e+00
1.594634805746206085e+00
1.588984478566020542e+00
1.613906989409938264e+00
1.621112102013666956e+00
1.579262109429503180e+00
1.566741840406480124e+00
1.547746158516034809e+00
1.564169230271150957e+00
1.552572653085179999e+00
1.555458495602228597e+00
1.555957148318666716e+00
1.562241649051243852e+00
1.550074221849628175e+00
1.571549950493684955e+00
1.568726376258765987e+00
1.531555210260040933e+00
1.516076923854288383e+00
1.535974423712317405e+00
1.556377527215911716e+00
1.563660374716406176e+00
1.566387631346974230e+00
1.552408547623707280e+00
1.529136762372982128e+00
1.561027787910788778e+00
1.577747828015749754e+00
1.579970889089216346e+00
1.588356322182676195e+00
1.569820713795804235e+00
1.540458797624410181e+00
1.541167077243654093e+00
1.575413611106799339e+00
1.589471162784257041e+00
1.587789646054216242e+00
1.566176624082577185e+00
1.572319758952744229e+00
1.556635863894885174e+00
1.531647744174569725e+00
1.565165610920448813e+00
1.576912711179491611e+00
1.545856562639863929e+00
1.504942511253861026e+00
1.520247117708299678e+00
1.516021445254291944e+00
1.540376134136813846e+00
1.558558071632824671e+00
1.567272988131659828e+00
1.548603391432829879e+00
1.558334269999046784e+00
1.565659827042346519e+00
1.549965385400214668e+00
1.515046483943536471e+00
1.530843278003038543e+00
1.547730697617032414e+00
1.539521543178712149e+00
1.520071548233525860e+00
1.510851503821343256e+00
1.502777936248866020e+00
1.542637676305910643e+00
