6.660969946562897981e-01
9.396217467886665009e-01
1.219860331857457458e+00
1.457971297310455272e+00
1.591591620336654689e+00
1.703770668846577019e+00
1.787555398442090215e+00
1.758422250100591278e+00
1.775135035663226057e+00
1.797307471360659603e+00
1.779916940542851655e+00
1.738944376623320798e+00
1.742459946310744634e+00
1.734015019192389095e+00
1.741787893581767666e+00
1.755768620450409268e+00
1.740380147860363103e+00
1.710292806228405293e+00
1.726714022763051970e+00
1.724525327554458087e+00
1.736296190644315285e+00
1.743078958740066353e+00
1.756878033774825987e+00
1.756935005855650767e+00
1.767363757604107244e+00
1.761165883147955968e+00
1.743208054512325189e+00
1.725867290672399079e+00
1.762773306455061029e+00
1.780350635659932346e+00
1.781124687341925084e+00
1.749500990400105538e+00
1.743063197398459607e+00
1.724954557877889760e+00
1.715267083389402814e+00
1.705237372656936534e+00
1.716116068500527225e+00
1.708808891014785614e+00
1.738540623520856032e+00
1.739599774747223382e+00
1.760266293517258385e+00
1.791208639527871016e+00
1.794166612355252877e+00
1.770394548940589230e+00
1.780993019278634293e+00
1.781098239315167753e+00
1.731422512899402522e+00
1.702552542887639575e+00
1.723825108610169909e+00
1.725264675492594435e+00
1.722404477666455769e+00
1.739120866031890866e+00
1.746408825140926657e+00
1.731593344506693333e+00
1.727433509731360006e+00
1.739934844746167553e+00
1.745908132983603256e+00
1.739047187773535175e+00
1.726541322049194749e+00
1.699105814887800436e+00
1.696261719477403451e+00
1.713657249914815273e+00
1.759293605015795015e+00
1.788532797089002813e+00
1.763319197961703555e+00
1.743572501972860067e+00
1.706909488534970709e+00
1.721023682126956444e+00
1.721468463969267892e+00
1.701596547710302776e+00
1.674517975278263959e+00
1.666708186674894066e+00
1.661569787705487355e+00
1.660304042676774117e+00
1.693828114819101671e+00
1.729195250538572370e+00
1.753273849544084717e+00
1.738652280049575838e+00
1.721128834209991298e+00
1.706051599847856926e+00
1.699024911754888567e+00
1.710399452513139851e+00
1.722754145852824159e+00
1.708156110742983014e+00
1.697085301094488408e+00
1.684655874858534519e+00
1.693598123462818572e+00
1.703162104723839665e+00
1.714425261788278032e+00
1.710125491493381000e+00
1.725820021474844923e+00
1.740155458518158227e+00
1.745434874664217650e+00
1.722444236408495755e+00
1.676268199681893334e+00
1.648634558868822486e+00
1.637850335785974165e+00
1.654027288766091175e+00
1.657096270780801461e+00
1.653408992190382287e+00
1.665740332598814044e+00
1.715384340453486312e+00
1.696683358918642304e+00
1.697858354505334288e+00
1.703863212010683803e+00
1.707409595052251650e+00
1.706226319561622740e+00
1.699946877971239223e+00
1.697331211814574026e+00
1.720699617415366145e+00
1.742189841541654793e+00
1.707975522761144616e+00
1.697972884025974238e+00
1.696400228658001108e+00
1.694727871980146849e+00
1.712892913297017872e+00
1.669307367017544452e+00
1.650977620594115791e+00
1.638884730859993422e+00
1.641370723944293841e+00
1.667326371627408932e+00
1.677168607503693343e+00
1.665715386944281340e+00
1.657902677805818126e+00
1.688210143376951189e+00
1.710795176716877419e+00
1.728019611560344559e+00
1.739084332402711208e+00
1.723498523689512840e+00
1.702191022384053731e+00
1.726360357799616052e+00
1.702505070400386566e+00
1.656451734847761204e+00
1.670883809398899134e+00
1.682985229358068491e+00
1.710783818576319781e+00
1.714602319116479645e+00
1.662224645467178297e+00
1.639437297889124956e+00
1.627658241179867238e+00
1.637608338184289192e+00
1.644521001262187809e+00
1.669623956710945878e+00
1.685749168182451685e+00
1.730833227200240465e+00
1.732674849704360476e+00
1.693046056895932683e+00
1.720133783554733453e+00
1.686451702086920523e+00
1.686991750144784419e+00
1.700529184399755422e+00
1.711797067966234209e+00
1.726456152759035856e+00
1.683693788728948704e+00
1.694998101594891837e+00
1.711938246450081191e+00
1.699212824388721454e+00
1.681507504560420418e+00
1.653572824499561333e+00
1.606026737935025261e+00
1.603556816942163676e+00
1.633060169094955327e+00
1.656676229255400479e+00
1.674812208872930475e+00
1.674395404696107592e+00
1.668993814229789985e+00
1.656001447127104287e+00
1.659313719535562726e+00
1.660373353360594217e+00
1.676977739084634100e+00
1.686602872244396645e+00
1.749496443948297841e+00
1.761919196202518689e+00
1.723559291827920559e+00
1.692232898054160994e+00
1.721506461819290346e+00
1.728637467614453804e+00
1.724893303392940558e+00
1.697985246661190439e+00
1.672003772943704947e+00
1.685787652211999221e+00
1.666991023208510780e+00
1.678153504760451442e+00
1.685027505763317057e+00
1.687475620077899086e+00
1.682139260951278636e+00
1.693723254027417413e+00
1.681491724151527922e+00
1.668602820026891420e+00
1.694678224206077832e+00
1.672692574718757319e+00
1.634792361193233123e+00
1.634824182135988124e+00
1.626819422102889989e+00
1.632357576710818492e+00
1.636094479160293824e+00
1.639962772746704545e+00
1.631176379077046601e+00
1.641370486110432569e+00
