5.765778785320317956e-01
8.615621285998328327e-01
1.116401567193379130e+00
1.363985784394708745e+00
1.514330542258038204e+00
1.587751093347552711e+00
1.587582896644045283e+00
1.611483299839385985e+00
1.612871865390183901e+00
1.633353213274280069e+00
1.627959874710547705e+00
1.651534814016459851e+00
1.650130287113910743e+00
1.646936887673042804e+00
1.620305665920758864e+00
1.597709883416622567e+00
1.591883278609606212e+00
1.627188401957201380e+00
1.657699368104122550e+00
1.645891151299905930e+00
1.632516111520674107e+00
1.610621632305847539e+00
1.620501695849997370e+00
1.593591247013582679e+00
1.604481212228802134e+00
1.625595337376481542e+00
1.621839166349532624e+00
1.607557571096704718e+00
1.620264576779984589e+00
1.632158256520263917e+00
1.654150941929081187e+00
1.651189146797022111e+00
1.633314509884222332e+00
1.602736772538772891e+00
1.601319198547495937e+00
1.615995294819740247e+00
1.603332492904413931e+00
1.595319107798155223e+00
1.602831686396886779e+00
1.599126192996394025e+00
1.615909392950781509e+00
1.609265792425541575e+00
1.616893548047575013e+00
1.612185734429980366e+00
1.613537974662091701e+00
1.610575899156514224e+00
1.621730686034602131e+00
1.635320278992027587e+00
1.630195131402987885e+00
1.600069224904975718e+00
1.563545272789699681e+00
1.552906865841472639e+00
1.587652195125087262e+00
1.584661546346528116e+00
1.608574693416090939e+00
1.607101911413739259e+00
1.573084844171627195e+00
1.575286044635782368e+00
1.585140686932713816e+00
1.587781965185299127e+00
1.598140474727004712e+00
1.603153116888677898e+00
1.612602828437002644e+00
1.620839615854928306e+00
1.593900969482591412e+00
1.610120956553406701e+00
1.636487636647331989e+00
1.633601677331535384e+00
1.596209665018494928e+00
1.603231052143348156e+00
1.627839815105718069e+00
1.590916727692878396e+00
1.577081101517060491e+00
1.571145327736438446e+00
1.568561145702674908e+00
1.591174567730083034e+00
1.609005726771927991e+00
1.639391350221710342e+00
1.623483513048899818e+00
1.604928668912894318e+00
1.608791316183427522e+00
1.608522924183847680e+00
1.603879598068039147e+00
1.609275576610657010e+00
1.612024484020349924e+00
1.598265228668328097e+00
1.592178496003934907e+00
1.577376562964238227e+00
1.589513801947821436e+00
1.585502510086545858e+00
1.583652169977804558e+00
1.576409515859025001e+00
1.577804469799438669e+00
1.595933062090530985e+00
1.616683739247214646e+00
1.617066282817021916e+00
1.597239183100797710e+00
1.590912601707249019e+00
1.585238693881536154e+00
1.574159896365367572e+00
1.565022034401474249e+00
1.569225859521855559e+00
1.573183580664708314e+00
1.585709879300638780e+00
1.616139625720661499e+00
1.590390928179099328e+00
1.597135077657088953e+00
1.571969702869945529e+00
1.562951105985325384e+00
1.588665633172269276e+00
1.599975961782918565e+00
1.587181757129930704e+00
1.578809371047179777e+00
1.575081267290089793e+00
1.584600886857917779e+00
1.605612332508643769e+00
1.607513123822400525e+00
1.617986785699950136e+00
1.613310174067871028e+00
1.591465642465868857e+00
1.584992662458387436e+00
1.575298820797140120e+00
1.565292343289105048e+00
1.556816987574855871e+00
1.564094600247057265e+00
1.544290103352028876e+00
1.539084019253866176e+00
1.577608152141313225e+00
1.607598060134401319e+00
1.592431112996672615e+00
1.581833627035674761e+00
1.596757270729042055e+00
1.621239148505804417e+00
1.564604834979884451e+00
1.549377073634282231e+00
1.553969874732597400e+00
1.557321487629431234e+00
1.538345645932042149e+00
1.559786102571748767e+00
1.603970459064859799e+00
1.626552500724578243e+00
1.608917047412724122e+00
1.597430227381557266e+00
1.593136941856693412e+00
1.603872635407171288e+00
1.580081843577117562e+00
1.585455672065762656e+00
1.543691151354104729e+00
1.530364077277225787e+00
1.512477896668007027e+00
1.528574085757306911e+00
1.529200164085360747e+00
1.532363690692239544e+00
1.513087305658130877e+00
1.536264314420473287e+00
1.573324610297798909e+00
1.580682216556292596e+00
1.558599265955497915e+00
1.552737420100733123e+00
1.567690049293186894e+00
1.586532132466064171e+00
1.582082789874085460e+00
1.603582840736637927e+00
1.604592258225162382e+00
1.594047588553313410e+00
1.555468165691582749e+00
1.537544275107757930e+00
1.536414080930710524e+00
1.562426931198759972e+00
1.549562150531857752e+00
1.563662109738900741e+00
1.556209158811333371e+00
1.553020443507606041e+00
1.556230089852276510e+00
1.571726754376244761e+00
1.568695693460807838e+00
1.573874771315941556e+00
1.572404932973833214e+00
1.598425833640294114e+00
1.607128886716253646e+00
1.606251136378124666e+00
1.614315524359955845e+00
1.624615152791524242e+00
1.571937373071673916e+00
1.566827175014567697e+00
1.546679280387615041e+00
1.529165920655360056e+00
1.494476261535960804e+00
1.500054235207577191e+00
1.497160438464213872e+00
1.498569305764776649e+00
1.513841158323606662e+00
1.520316541211512940e+00
1.508882472532896424e+00
1.511111276326158936e+00
1.495760445078767820e+00
1.510289265463098385e+00
1.519621400319419502e+00
1.533531636314796831e+00
