6.021611064547878200e-01
8.759288218966598816e-01
1.038327288686223815e+00
1.270099524102405564e+00
1.395763725641277375e+00
1.489606139658208761e+00
1.550530377335456844e+00
1.535204377831950850e+00
1.551847926091783236e+00
1.543674050564009415e+00
1.561539987498128612e+00
1.571615270986528312e+00
1.589902594288877147e+00
1.579177810625636003e+00
1.566209632935603446e+00
1.535647772534965760e+00
1.535027968479453886e+00
1.513651619220197642e+00
1.512157846327709221e+00
1.503321336787274642e+00
1.506341699160951508e+00
1.525225840344566874e+00
1.533974330413042653e+00
1.524834763899671097e+00
1.524640219914081163e+00
1.519225956616051754e+00
1.529766004188684247e+00
1.552457034107159517e+00
1.570703578883344997e+00
1.562081787537634936e+00
1.550074749178587785e+00
1.547549475455942680e+00
1.549539437817949006e+00
1.535718678937165516e+00
1.529582379781402990e+00
1.512286414425694447e+00
1.500055655424042955e+00
1.521558526989226223e+00
1.523044602010731108e+00
1.510499133019425511e+00
1.485539560522834535e+00
1.471181170669986216e+00
1.464069796089027653e+00
1.472918126992367904e+00
1.493952148707829108e+00
1.504308381165126773e+00
1.521638144464149578e+00
1.549153655713166877e+00
1.581384396508668022e+00
1.575633612218843904e+00
1.559151027031735026e+00
1.539653139885517996e+00
1.547366810971219753e+00
1.526839772195399014e+00
1.530572828541294506e+00
1.508858137203267225e+00
1.520743521637942797e+00
1.511334791313123205e+00
1.526276451564956727e+00
1.536451010795036209e+00
1.567789824732796600e+00
1.531839669212927690e+00
1.507613968682982364e+00
1.504769725792203694e+00
1.507797443320841646e+00
1.503199339862001382e+00
1.519773488780114423e+00
1.506740195758296652e+00
1.504614261860969027e+00
1.504785441215322761e+00
1.525629117031085835e+00
1.531593292081520286e+00
1.567714432710074712e+00
1.576086886795409203e+00
1.580001876536312855e+00
1.583513312342459400e+00
1.590130463034102881e+00
1.552170103944832125e+00
1.503930319556961992e+00
1.500280855894036369e+00
1.494592780462080439e+00
1.484090239947512657e+00
1.472308882765190896e+00
1.458002221277860722e+00
1.460670722553266021e+00
1.481581651994989590e+00
1.503041874453135751e+00
1.490727737211352100e+00
1.475122378353541652e+00
1.447765638012642242e+00
1.456127103234205356e+00
1.461579025844817803e+00
1.502103923859813728e+00
1.520844829946999432e+00
1.523166552686774144e+00
1.504802835019941609e+00
1.505598940374908379e+00
1.484997383069787347e+00
1.500062415053810883e+00
1.498597580959478925e+00
1.515535285414023603e+00
1.559763975031193572e+00
1.530704566637025144e+00
1.505420774552316487e+00
1.481761596429423067e+00
1.489911304199182940e+00
1.505159193951674190e+00
1.513747426020471520e+00
1.520584911076201973e+00
1.530987931284340187e+00
1.502831181286384155e+00
1.500128798164571453e+00
1.471146962240442502e+00
1.474132526334656745e+00
1.493867076551527617e+00
1.496305090983163888e+00
1.493261221077560430e+00
1.506055374492782706e+00
1.477060640797771773e+00
1.460536155355196097e+00
1.478835235957507654e+00
1.504347330474097966e+00
1.500852460709349412e+00
1.495667580685143827e+00
1.490806082321171511e+00
1.501142876649427249e+00
1.507379248079803835e+00
1.514552005162567161e+00
1.512998803920649005e+00
1.515699446091737679e+00
1.506310059390973066e+00
1.501588246829324014e+00
1.492644908174975082e+00
1.478772479910291704e+00
1.480921537943002075e+00
1.492892845504777188e+00
1.503579933545447611e+00
1.496358224317066998e+00
1.506483372808325116e+00
1.489225124431982517e+00
1.490611149591814177e+00
1.495571227518838642e+00
1.510681954787516768e+00
1.515595313487691609e+00
1.531466806388840807e+00
1.516472009811834942e+00
1.504114666696017899e+00
1.495934735242868241e+00
1.488564156145498751e+00
1.491950419210831713e+00
1.483532486512266102e+00
1.483098814159182766e+00
1.474596672290251931e+00
1.461729096055242705e+00
1.466625613954254392e+00
1.478737450919762164e+00
1.477558824676169946e+00
1.498513774494504291e+00
1.476244222959622432e+00
1.474779583880914791e+00
1.482278933648867758e+00
1.477273467236310589e+00
1.464543589508654264e+00
1.448150665390711911e+00
1.467065591879418873e+00
1.458582819627504579e+00
1.441503345778260670e+00
1.428389154704162944e+00
1.450493397378719962e+00
1.455080173759439433e+00
1.444456090408052784e+00
1.450476541450450352e+00
1.448135448576019835e+00
1.444582602565190887e+00
1.471754725971910815e+00
1.455009715472951104e+00
1.468836587479994016e+00
1.458732219772742367e+00
1.489303475612650862e+00
1.476861791928338885e+00
1.469758936992132448e+00
1.467095400865085164e+00
1.456958179921999941e+00
1.467678969942619593e+00
1.475112632560315440e+00
1.490528336204078430e+00
1.482118710406307827e+00
1.461296678114426761e+00
1.463239278553571499e+00
1.462944198548778774e+00
1.452360317982040350e+00
1.469904146103196751e+00
1.477411412229014953e+00
1.466233818486937013e+00
1.465643630679943188e+00
1.457782864262525013e+00
1.466620315235529715e+00
1.483227143336248055e+00
1.498722072491949886e+00
