6.227294532122726878e-01
8.325919880533753092e-01
1.081978367299777144e+00
1.321034395994998167e+00
1.480044040199942179e+00
1.556384796050738206e+00
1.600899649177734529e+00
1.610558125178869870e+00
1.610365260456161796e+00
1.629526037134208849e+00
1.649760367537534522e+00
1.676400612894531905e+00
1.700630866700552968e+00
1.676473568864540686e+00
1.653201899083423854e+00
1.619840637826349239e+00
1.598718393175921459e+00
1.611441082871598818e+00
1.652586059161706755e+00
1.658185813831827060e+00
1.659186628841906375e+00
1.622050671408682865e+00
1.610905287656397178e+00
1.636655297580065449e+00
1.620103978323689464e+00
1.617319120413758249e+00
1.630940065259091298e+00
1.689496816954733971e+00
1.712721821484640028e+00
1.658283344270711002e+00
1.633102349925712016e+00
1.611562011633352665e+00
1.634926931992815691e+00
1.624173582883988276e+00
1.606407219671265763e+00
1.617368451893637094e+00
1.639156664591852275e+00
1.626330259665114131e+00
1.596697948176506454e+00
1.583782638477371663e+00
1.577256494959774935e+00
1.599389571370105401e+00
1.613498239212450613e+00
1.635262176057640460e+00
1.615507957697190466e+00
1.628483554074377615e+00
1.636676412582309226e+00
1.647236320922363717e+00
1.671949117649160099e+00
1.687494333750714892e+00
1.662609117667569247e+00
1.636062562042755797e+00
1.622005992260831864e+00
1.618997035797159478e+00
1.640449864156963367e+00
1.628816364389533478e+00
1.630104842417762434e+00
1.604793140713721700e+00
1.596385882691020663e+00
1.587430268243254616e+00
1.586143547519770047e+00
1.582697164549613289e+00
1.582440547491779537e+00
1.607259374160119769e+00
1.605031341322466609e+00
1.599263961775074350e+00
1.578614480727747127e+00
1.578662180369436063e+00
1.605476528290922911e+00
1.640369977182287942e+00
1.690707743103445404e+00
1.704479021795377802e+00
1.713076228299838633e+00
1.676920785655464874e+00
1.603635996759437132e+00
1.598016990726646824e+00
1.617184814201321208e+00
1.602832655017935926e+00
1.578978450647301912e+00
1.558445928749145892e+00
1.577441606386642103e+00
1.567784323217624065e+00
1.582733599083053111e+00
1.608696885132580245e+00
1.622046147472949729e+00
1.635039246525789913e+00
1.638701789031768996e+00
1.600846860292433949e+00
1.564773113268957516e+00
1.569426314508552744e+00
1.535704031073877429e+00
1.555862276379137654e+00
1.558976035087369150e+00
1.594851151984625570e+00
1.589939005258720117e+00
1.569655146699425519e+00
1.551759425608516985e+00
1.562065126536681836e+00
1.572667292188922428e+00
1.565777368934086144e+00
1.567478454570769175e+00
1.563327712027647420e+00
1.539516595388998210e+00
1.545016838102155621e+00
1.565344367359128963e+00
1.573998960714922069e+00
1.562836350187735368e+00
1.562294074587552650e+00
1.538514134106647946e+00
1.539256610127656133e+00
1.542249538140353149e+00
1.556735027034363172e+00
1.540094749362878268e+00
1.560515826237945936e+00
1.568648929989713947e+00
1.536357661915635386e+00
1.559757423742901938e+00
1.569507723872896277e+00
1.590940621060618509e+00
1.571832083728266438e+00
1.564024143063191596e+00
1.566627295601427550e+00
1.592207761271436040e+00
1.586116447837392363e+00
1.584654845049572547e+00
1.577562995461385675e+00
1.553228994897237314e+00
1.545875678330460801e+00
1.573463000842084236e+00
1.571330246833488875e+00
1.590558544826621734e+00
1.608481260669613055e+00
1.623806193966108147e+00
1.588481547054988674e+00
1.544275955303161751e+00
1.532846989151549710e+00
1.546414998403837338e+00
1.562632055515490670e+00
1.561237243365559912e+00
1.546742515607842705e+00
1.549663469301473695e+00
1.558215911182121216e+00
1.557073416381920650e+00
1.555756826529948400e+00
1.556072350935947535e+00
1.534359558312592631e+00
1.532191589912418550e+00
1.517770743993393845e+00
1.545091574982200955e+00
1.534714985623339523e+00
1.553625348882214263e+00
1.542740630813957514e+00
1.531632415885261222e+00
1.533841548640088481e+00
1.537837782182168711e+00
1.557823221131844793e+00
1.543518388412275844e+00
1.529137881190692605e+00
1.554539478306540934e+00
1.530591941386112431e+00
1.554559947226802130e+00
1.528039604182610534e+00
1.529524790372976950e+00
1.559650493528851323e+00
1.562623669037975116e+00
1.550601963693608365e+00
1.539885818390001049e+00
1.550077956060787798e+00
1.569031287776075922e+00
1.624247188579981627e+00
1.629214742619091272e+00
1.567468508822098761e+00
1.563449137120136223e+00
1.529509366387536540e+00
1.523365543615172291e+00
1.497305977169818503e+00
1.507464137202662480e+00
1.522007950944131105e+00
1.532790848196738498e+00
1.528331693196221641e+00
1.537170091347527912e+00
1.528488695856366819e+00
1.512660848821224757e+00
1.519193850381948430e+00
1.502064254205735638e+00
1.488766050998743484e+00
1.506685091588734204e+00
1.498693112826211093e+00
1.505254194542341883e+00
1.497129264086863643e+00
1.495876999454469169e+00
1.503818160774298862e+00
1.519244588776558880e+00
1.489818391791380980e+00
1.480172998881230662e+00
1.507872408055481284e+00
1.515330261962790193e+00
1.538772068228167145e+00
1.524781700361225845e+00
