6.408730680247224365e-01
9.271402580967443852e-01
1.112997878716224465e+00
1.386595499768611628e+00
1.527532438479525245e+00
1.638201956920008806e+00
1.715544116104435357e+00
1.742474969273400065e+00
1.705109561840165266e+00
1.693697763556413438e+00
1.688410393712017621e+00
1.681086415665755007e+00
1.695740468266038192e+00
1.687429338857227012e+00
1.672294922282000496e+00
1.660653996163921065e+00
1.659823733988769812e+00
1.647616436657107331e+00
1.652800370824359044e+00
1.637144585063623925e+00
1.634843696949986658e+00
1.634045296595145302e+00
1.672444050101656643e+00
1.695453595269850844e+00
1.748121876620039483e+00
1.707807619436349844e+00
1.698255799612029104e+00
1.650094059150623682e+00
1.668646375193795439e+00
1.661274906471099655e+00
1.674220985881447854e+00
1.649373099331928438e+00
1.639307849685754048e+00
1.648959144019895406e+00
1.683427275544290724e+00
1.680706429752943931e+00
1.710763760155239233e+00
1.750566482924706291e+00
1.732471753346807031e+00
1.663585369749630116e+00
1.639647526736024652e+00
1.637698870316193656e+00
1.632359053358328316e+00
1.609050678607954810e+00
1.603693384592773219e+00
1.605997524948543198e+00
1.634569044882696831e+00
1.649781444532848251e+00
1.658640441792219145e+00
1.682879512945359535e+00
1.708552511841078481e+00
1.680430667601400696e+00
1.702306311234273783e+00
1.684801183225308030e+00
1.675826018556240582e+00
1.668749449871120172e+00
1.652108726917188575e+00
1.652933183556702268e+00
1.646482564850290542e+00
1.622601472644716436e+00
1.606442943725606698e+00
1.622903455148586138e+00
1.633147383166531519e+00
1.636811136588231408e+00
1.610350186721513976e+00
1.587015093819793998e+00
1.569466263524408545e+00
1.565815580891868342e+00
1.575021973666764330e+00
1.586189613480031513e+00
1.604516263775110474e+00
1.591562903969603537e+00
1.588578923117194730e+00
1.594386144585746790e+00
1.613386444767398009e+00
1.619669844340982268e+00
1.622150286759473703e+00
1.624860435493211241e+00
1.623481329350956681e+00
1.621789612316577811e+00
1.602504113492968507e+00
1.604986108012151691e+00
1.600921473901050218e+00
1.590100285545906988e+00
1.622316615894782599e+00
1.604355750769305144e+00
1.601163155299587304e+00
1.620579615203284751e+00
1.618288752086726845e+00
1.603793833962889437e+00
1.581906043178735954e+00
1.565317179062430286e+00
1.589318790318514196e+00
1.598763148047944060e+00
1.588922754886775479e+00
1.586833425051911162e+00
1.602522771380753719e+00
1.607854703554792319e+00
1.584583456351400743e+00
1.576264812958897865e+00
1.601159982922539804e+00
1.608534270464558880e+00
1.628401063692963335e+00
1.636552497639187864e+00
1.630541382620362745e+00
1.609016408657717223e+00
1.613342148258300357e+00
1.620319939347810267e+00
1.620304024400351040e+00
1.591368922619035065e+00
1.591840973403519044e+00
1.549664079297891961e+00
1.553930381180360421e+00
1.576691727955616296e+00
1.590369179958785573e+00
1.582577214676465172e+00
1.600763567475217863e+00
1.581299289829581012e+00
1.584779499888681498e+00
1.578703156068156810e+00
1.558571103467300212e+00
1.564971943407806654e+00
1.575300466611039729e+00
1.603565274479239022e+00
1.613939100514127478e+00
1.600285853480658549e+00
1.602543380299869868e+00
1.600000632155740066e+00
1.591836489317517866e+00
1.579581882668058324e+00
1.597860518297882226e+00
1.602299185168312601e+00
1.591010661442926466e+00
1.595188283229937332e+00
1.601317774697876173e+00
1.606028363414756521e+00
1.604743103235441115e+00
1.608859740324817489e+00
1.593209506174414258e+00
1.613649644828267782e+00
1.629175424392295790e+00
1.604151088883228882e+00
1.582448162942602599e+00
1.597410885884634979e+00
1.610761614062682145e+00
1.592987710810905178e+00
1.589503043357117784e+00
1.566590671548258040e+00
1.586495927939002071e+00
1.573294775382978461e+00
1.577772580166456384e+00
1.555032434816028264e+00
1.567890710537076071e+00
1.560348643124112922e+00
1.565533208297637202e+00
1.552863182131678066e+00
1.579953758340618242e+00
1.622662318670845982e+00
1.648881181561670184e+00
1.626719645815389192e+00
1.635369827718152091e+00
1.628741527236441167e+00
1.624573240920212047e+00
1.606479869660109028e+00
1.592890527109282806e+00
1.548977757698186686e+00
1.557765536569922116e+00
1.563566182444178665e+00
1.571058095515914133e+00
1.550338528667800198e+00
1.573006404571221761e+00
1.586713651523363966e+00
1.625195599042899230e+00
1.621205803230197251e+00
1.626314080203508539e+00
1.614782247645190960e+00
1.594539868527010018e+00
1.566176528610626617e+00
1.590515863194802204e+00
1.583498790758546715e+00
1.571046388016332118e+00
1.590809286399526901e+00
1.600360239686690500e+00
1.598358842724485251e+00
1.605486900698819497e+00
1.621091152484995135e+00
1.617050770343697375e+00
1.603245613313497575e+00
1.584692439621391502e+00
1.590047241566399983e+00
1.587586096138480007e+00
1.580637782734238161e+00
1.588093104364311170e+00
1.597237778203566938e+00
1.615773164534346051e+00
1.608546128592347912e+00
1.576680666072207249e+00
1.589682508408365225e+00
1.580132986641311854e+00
