7.159029609543285932e-01
9.640792846937678018e-01
1.197298342647583613e+00
1.481906324187611368e+00
1.642814412929169077e+00
1.791097660217112031e+00
1.816895062522623450e+00
1.825129032346176849e+00
1.822024132464724167e+00
1.853980671815108172e+00
1.848468595313157881e+00
1.809241535263078848e+00
1.764955164405791255e+00
1.784450938695328670e+00
1.807285080997741433e+00
1.801662073730597502e+00
1.821115521565296547e+00
1.865307876324611813e+00
1.870580522869980999e+00
1.865733853609626625e+00
1.862740421484462061e+00
1.850442576298400255e+00
1.820757221967603368e+00
1.773073282693622854e+00
1.750565651597878025e+00
1.773195068586581824e+00
1.841592290674725296e+00
1.856589035973449597e+00
1.853231032655698440e+00
1.829448495371920336e+00
1.813406235822486723e+00
1.792371662198847693e+00
1.774283597864777073e+00
1.795356889225858454e+00
1.807303278195114604e+00
1.822856161373821449e+00
1.859322021705801964e+00
1.835339262536092475e+00
1.806196934930315745e+00
1.788806114024917182e+00
1.773583884568306290e+00
1.765748834398134237e+00
1.744003339965277233e+00
1.741281675679041907e+00
1.794041283874815651e+00
1.847282648546223260e+00
1.888588848297401590e+00
1.909496839252578848e+00
1.900288269728720669e+00
1.851835309881541658e+00
1.797360793237916532e+00
1.767021688590310946e+00
1.753786690367627576e+00
1.740500191692392562e+00
1.740735765155704939e+00
1.779465701002738598e+00
1.824836570892716781e+00
1.813017461106045447e+00
1.783541883967476593e+00
1.773349401936951342e+00
1.795332538147646817e+00
1.847506746211534656e+00
1.892046225309762963e+00
1.859860948552527926e+00
1.831672708172757291e+00
1.790224697756497285e+00
1.765590480003492280e+00
1.728127793812847424e+00
1.746465117110429510e+00
1.767444941506986389e+00
1.789116710426767121e+00
1.800639276204069494e+00
1.775936936017369350e+00
1.745136482912985398e+00
1.741155538682711112e+00
1.744761409070085589e+00
1.727555983675065132e+00
1.746398112542878245e+00
1.789038448257896707e+00
1.779218553536584757e+00
1.782622726351529741e+00
1.781863179707077416e+00
1.771728382865826346e+00
1.771065923253599905e+00
1.740417304556217237e+00
1.726620187355236924e+00
1.719690225579529885e+00
1.735495688518555069e+00
1.755753893170264535e+00
1.761649824290782318e+00
1.785485733929475183e+00
1.800050421614960872e+00
1.817344645248700985e+00
1.828540083506050795e+00
1.824622894829224240e+00
1.779441031203199852e+00
1.734999171507909166e+00
1.751670274263152249e+00
1.735413576387198065e+00
1.721229090249390969e+00
1.737724927442646061e+00
1.723699362671413438e+00
1.708239504165247835e+00
1.708013553765444392e+00
1.718061306225026730e+00
1.740008249100220450e+00
1.726093325264664191e+00
1.735197728906943571e+00
1.787062083820649905e+00
1.763436825903534455e+00
1.743170255057181262e+00
1.745729676108382922e+00
1.777214788296995973e+00
1.803171847436524367e+00
1.790855752159697056e+00
1.760574362836739404e+00
1.753388301356891610e+00
1.700174762319974109e+00
1.688137930258484021e+00
1.690981117070000206e+00
1.706483654383400106e+00
1.720992671171124533e+00
1.734305361549885571e+00
1.734199059699717660e+00
1.710896044409087491e+00
1.724051040703913351e+00
1.730656980650839838e+00
1.698102450682719144e+00
1.728974066848252056e+00
1.733770998384949413e+00
1.743256133120783646e+00
1.753122267205590834e+00
1.759465100182362018e+00
1.743556692498906768e+00
1.743908921704360182e+00
1.722022495514561102e+00
1.705451161060301590e+00
1.687756356921121803e+00
1.690572260590418097e+00
1.723252350654167708e+00
1.715436173841244472e+00
1.698672666238689954e+00
1.691487762809190665e+00
1.679449881663256594e+00
1.683114005650314882e+00
1.680412682208091146e+00
1.689981042108696041e+00
1.657234481563033324e+00
1.634675256655631292e+00
1.632893753713861251e+00
1.649963512523127784e+00
1.666944373627626153e+00
1.682899442252092426e+00
1.708725917955606466e+00
1.713198946587014104e+00
1.701881570507301156e+00
1.695511408866927638e+00
1.695602128805407283e+00
1.698416483264442389e+00
1.698862548236928394e+00
1.697969493915612027e+00
1.681838166920595734e+00
1.679687954703856123e+00
1.681996328213087200e+00
1.674892158543617615e+00
1.688239163066698190e+00
1.690945308192089325e+00
1.698843074892450788e+00
1.706866844932701355e+00
1.712605394308307716e+00
1.674682568484390455e+00
1.652910919190478056e+00
1.672278197648478182e+00
1.673477897595174513e+00
1.690950349693271182e+00
1.699190881872486125e+00
1.694871268312383217e+00
1.700132995323385687e+00
1.697195580256863900e+00
1.662377555033320853e+00
1.676589778224681249e+00
1.659552274466692179e+00
1.687238381409860155e+00
1.697521326912459827e+00
1.660800027723863703e+00
1.654752493311941963e+00
1.659738129017261921e+00
1.656643713725800771e+00
1.681146635301916437e+00
1.669090332995351256e+00
1.692057754635546196e+00
1.726032555537323043e+00
1.721020001917493936e+00
1.711278228812019853e+00
1.661093333218552903e+00
1.598430543151381444e+00
1.584053254018078505e+00
1.626426446768159950e+00
1.664362079095846436e+00
