6.647546657266250048e-01
9.884154607349942001e-01
1.162903414953525782e+00
1.433621660995082259e+00
1.643485612152652431e+00
1.776394993270956180e+00
1.853111097426725307e+00
1.855911170678342215e+00
1.837598912834145448e+00
1.828307782521346958e+00
1.805140667133068755e+00
1.835308521650780067e+00
1.841909514370774215e+00
1.876563136943831367e+00
1.859260407578546603e+00
1.859036209525840366e+00
1.846439454845501427e+00
1.814551450813453481e+00
1.778169958948324858e+00
1.801600996116109910e+00
1.799956488142889999e+00
1.809707484564613500e+00
1.801109578924176668e+00
1.821565327635741749e+00
1.829476379436528521e+00
1.834509582112780590e+00
1.857755357297641075e+00
1.845604785184215668e+00
1.834363034401444104e+00
1.825485254146669067e+00
1.839801758829206824e+00
1.831986287860467355e+00
1.843715583142160774e+00
1.867434848212541798e+00
1.830880694963968436e+00
1.815899801877040698e+00
1.814471423157749896e+00
1.804990186141341990e+00
1.792002832172241211e+00
1.779235007873926300e+00
1.800397452975146972e+00
1.835364984034738356e+00
1.829208875287969827e+00
1.811939665320225989e+00
1.810846436910464208e+00
1.808251994012586072e+00
1.832790567118040448e+00
1.855673997875064263e+00
1.884963935905755950e+00
1.867315009951658222e+00
1.839354400318505833e+00
1.830640674233655174e+00
1.841510750883800895e+00
1.848696992753479984e+00
1.843818326396875928e+00
1.792034529709658930e+00
1.784596790896530782e+00
1.762638909130910259e+00
1.766620188584567819e+00
1.813785085698164323e+00
1.874736190824555671e+00
1.899446181380112897e+00
1.906680809788943831e+00
1.859163429425936931e+00
1.839265990702318110e+00
1.836357311835958850e+00
1.829960228935366695e+00
1.822576911979704173e+00
1.816498227232529628e+00
1.811711154499323850e+00
1.829497717233851350e+00
1.782036459019117336e+00
1.738155583115364999e+00
1.721995896309033824e+00
1.767954972175082018e+00
1.782398117920972247e+00
1.766222984198907664e+00
1.737794187099288790e+00
1.721482563932087873e+00
1.755204487592083584e+00
1.798288261313538694e+00
1.821507817932805917e+00
1.838079507102184040e+00
1.795366068716834462e+00
1.779086782867133731e+00
1.743506289666731712e+00
1.751502234921779477e+00
1.742615662192680714e+00
1.720718435000937019e+00
1.745834368236161893e+00
1.783973512204647394e+00
1.771213813355540845e+00
1.789600923873804872e+00
1.768150537620256868e+00
1.756246726943914815e+00
1.705309260748189892e+00
1.713181953505886090e+00
1.724931096326535407e+00
1.723886124100233452e+00
1.727353805950090138e+00
1.750125778312989544e+00
1.762154367510374131e+00
1.775235075180311206e+00
1.741074330743197507e+00
1.767890312097692762e+00
1.770948481996363677e+00
1.739035011507005013e+00
1.726942098879708398e+00
1.723284620107421228e+00
1.748520132033410945e+00
1.754419818882517079e+00
1.744097546372346930e+00
1.727571074201722956e+00
1.739876951338035216e+00
1.747905210737864312e+00
1.744809932937477992e+00
1.745717891073249817e+00
1.738684396307420332e+00
1.734834633505347279e+00
1.726248511608102332e+00
1.718029608875789149e+00
1.728003836563319462e+00
1.746724075837625900e+00
1.740059664956975727e+00
1.761738728592575409e+00
1.753810719500465076e+00
1.747211421530053599e+00
1.757441990940932008e+00
1.753148123547078718e+00
1.745671258067225562e+00
1.736020980747699394e+00
1.725331853414569405e+00
1.716819674754485048e+00
1.715157160739610553e+00
1.728006657663872181e+00
1.717552383197426424e+00
1.708453897574399694e+00
1.717375701435672308e+00
1.732109508943155740e+00
1.713662455470768897e+00
1.713935894896600809e+00
1.739455742169079944e+00
1.751822666810811446e+00
1.751938514026105898e+00
1.761421503160462976e+00
1.775328811443312338e+00
1.791435466188066927e+00
1.789329866297004079e+00
1.778239512377630005e+00
1.736702007248604795e+00
1.714232306410574003e+00
1.687526516928544051e+00
1.709252215428690658e+00
1.712154827868234586e+00
1.708529607775665093e+00
1.695631766208871793e+00
1.723610611154942074e+00
1.720009090793139350e+00
1.709210939569056231e+00
1.691827195109746773e+00
1.719400455861116672e+00
1.713037856226519606e+00
1.746328808435801738e+00
1.732751843117629198e+00
1.759286368873618223e+00
1.744785881247339132e+00
1.758905638582735298e+00
1.734676235862550708e+00
1.754204326253318014e+00
1.725973512663673048e+00
1.743136603625537351e+00
1.781410696041147990e+00
1.760648395147005774e+00
1.737396728233373544e+00
1.756371741803583131e+00
1.719637254528236792e+00
1.744324973086432973e+00
1.736658777271345766e+00
1.706750947312244637e+00
1.691757471693888126e+00
1.703121565340382393e+00
1.727732900910877500e+00
1.747553914546548848e+00
1.740606268036658522e+00
1.714032156222409675e+00
1.695807386601801303e+00
1.698937809619267547e+00
1.688420111184464112e+00
1.706545138574959708e+00
1.684287517138091328e+00
1.690227597852456576e+00
1.676762985836538489e+00
1.708350960476493929e+00
1.707137051387881410e+00
1.729086594873651350e+00
1.714755948849961964e+00
1.708400502888869799e+00
1.678178020765870304e+00
1.668529086071567580e+00
