7.491614059546980453e-01
9.245162904831458750e-01
1.218814334553140810e+00
1.519872919597832661e+00
1.680164895023147364e+00
1.746148815673369992e+00
1.761350316148684758e+00
1.739913400595967108e+00
1.713315099550076992e+00
1.673910619263008881e+00
1.670525546309901577e+00
1.645081236248083112e+00
1.681397195059659566e+00
1.692374000042038862e+00
1.687433859202313924e+00
1.655780535341549564e+00
1.617531719955072722e+00
1.621040318007836323e+00
1.635790413749785177e+00
1.654479425599205689e+00
1.646692799520168338e+00
1.636578573322530650e+00
1.637336183014253654e+00
1.623326368099097028e+00
1.656945075486744079e+00
1.667183488678029235e+00
1.681910121203836317e+00
1.685492248409894200e+00
1.715507638730508821e+00
1.696061242319237605e+00
1.702561016867258248e+00
1.689595691546101897e+00
1.686973100681406157e+00
1.676018924739792526e+00
1.643918342243467556e+00
1.662740812284346337e+00
1.607318670940615091e+00
1.610977990906448332e+00
1.626955590150120701e+00
1.614296842889560324e+00
1.637181797438218789e+00
1.676164670019001601e+00
1.686164737560259530e+00
1.672978437405747920e+00
1.686834641220668285e+00
1.693187263475804727e+00
1.665985984033405032e+00
1.701913289539145557e+00
1.737197260651061281e+00
1.699181012972356797e+00
1.693203257655299998e+00
1.653575887115854570e+00
1.663194999998394374e+00
1.645237120913937812e+00
1.642424234245501102e+00
1.625192317690446142e+00
1.584530968396545392e+00
1.591188326783088636e+00
1.629440040098632636e+00
1.654270241893987414e+00
1.647259346522281120e+00
1.631894622992068999e+00
1.618804716589253179e+00
1.595563336759409978e+00
1.600158781792157869e+00
1.596869196544294933e+00
1.580446205469029142e+00
1.642624595433556767e+00
1.685999854542286069e+00
1.682164032471997972e+00
1.685944923207226998e+00
1.682725389371884761e+00
1.651796424963269949e+00
1.675400498715335917e+00
1.745735596879187890e+00
1.777332683496183563e+00
1.749491923515546388e+00
1.699676945701802833e+00
1.645072876690375274e+00
1.586312313618605252e+00
1.562274925777106693e+00
1.566286141543871357e+00
1.598108446591264054e+00
1.609172718875169661e+00
1.611753897995724216e+00
1.613198206360042519e+00
1.588292243436064899e+00
1.611492530366327447e+00
1.616935520088399247e+00
1.612615352526681312e+00
1.627206806321107146e+00
1.611771900637950949e+00
1.602937050659993590e+00
1.621777867507833815e+00
1.619312971910512378e+00
1.618298120901666692e+00
1.611773655611791201e+00
1.603105949410380981e+00
1.589592933066967806e+00
1.598714767353298649e+00
1.619281091129255001e+00
1.634891240018098157e+00
1.633982778889437659e+00
1.593544293783399013e+00
1.606977436360699008e+00
1.604622872396740174e+00
1.593668329117968296e+00
1.568880296970180499e+00
1.561315743396979316e+00
1.602438339130389133e+00
1.613704927582249704e+00
1.608294970106511901e+00
1.627211324404250314e+00
1.621768439247054605e+00
1.625386364494411762e+00
1.623622294650198361e+00
1.620087212290334255e+00
1.624345788159115234e+00
1.610089686753055194e+00
1.554200907566519518e+00
1.538751378206304921e+00
1.571367618100476315e+00
1.595697974984794598e+00
1.584934590141566124e+00
1.574112032058206934e+00
1.577336714101156279e+00
1.604643067263000766e+00
1.591247260077559122e+00
1.586109647198090222e+00
1.610394278513631594e+00
1.632916276958559454e+00
1.629536929898807163e+00
1.654969518062485045e+00
1.629862468888352511e+00
1.601795518207275171e+00
1.607228542023557027e+00
1.622383585299257192e+00
1.577034264201711444e+00
1.573488447733044193e+00
1.564007367398709158e+00
1.563181031711351254e+00
1.557501509947926577e+00
1.572860583537658563e+00
1.565076404998670734e+00
1.587984958555842541e+00
1.591818779822107732e+00
1.595139273121587209e+00
1.598919479503054575e+00
1.585349922723585658e+00
1.558969740931069214e+00
1.562470872541787736e+00
1.555100400492320345e+00
1.555091066504207031e+00
1.593868956672235715e+00
1.587880611188119628e+00
1.601880208471579081e+00
1.585831687053613770e+00
1.605275563301802544e+00
1.588540394446797288e+00
1.568371743029958409e+00
1.560447396652018037e+00
1.566645376227464359e+00
1.566331668186424331e+00
1.573640026136218673e+00
1.589704760900376268e+00
1.599831646798495877e+00
1.592872130326955959e+00
1.567537589925228403e+00
1.561440223238302005e+00
1.554094051871225846e+00
1.562657132104847690e+00
1.549674276444264587e+00
1.556637952359077870e+00
1.558944333759654466e+00
1.559789065554473275e+00
1.555037627317555904e+00
1.563501755552555439e+00
1.556334641352212556e+00
1.551200814032037689e+00
1.544543995815190085e+00
1.542983522460814161e+00
1.543658842709099366e+00
1.537906673362197330e+00
1.537170413786813405e+00
1.567637485995387436e+00
1.574353050933585907e+00
1.569209782316090429e+00
1.570744700255937820e+00
1.581339379548232005e+00
1.575053601213744603e+00
1.577563409427921393e+00
1.579496465444288678e+00
1.581372199254258870e+00
1.577320261052984174e+00
1.572337410491881471e+00
1.586476071551936151e+00
1.579838109539768887e+00
1.577251067240289739e+00
1.577543762828584439e+00
