5.705043559202793713e-01
9.477657830451442500e-01
1.191343325464842229e+00
1.494320351566359895e+00
1.643419949167787442e+00
1.766959902958889606e+00
1.820739933144059242e+00
1.846915779567789073e+00
1.802020560615492428e+00
1.778932916469170289e+00
1.757554340308524976e+00
1.723892757928275010e+00
1.718201226905561096e+00
1.729214069893207029e+00
1.714873792430861688e+00
1.711052859994081965e+00
1.728136747024013431e+00
1.754826170653464912e+00
1.799056257635873513e+00
1.776253899501110789e+00
1.762653575940331674e+00
1.707293957656591754e+00
1.726470503611132079e+00
1.753504384773669766e+00
1.767463956373116041e+00
1.774635119995026766e+00
1.740787660434410578e+00
1.760876254184907896e+00
1.806276178867599169e+00
1.789309843671309297e+00
1.756256549477532847e+00
1.748215731325539535e+00
1.761155030093271012e+00
1.752573675173886736e+00
1.766624927263619194e+00
1.742300486619678290e+00
1.718655870306057931e+00
1.745683346056787766e+00
1.732328772864157651e+00
1.706759989577626646e+00
1.715002446571664674e+00
1.718545855312039183e+00
1.750630589841045248e+00
1.748621405961076736e+00
1.714531653740491102e+00
1.702942165210230563e+00
1.751821016119952779e+00
1.812266980806857886e+00
1.821847148296682262e+00
1.781587489728938545e+00
1.731227344911361765e+00
1.735083810835164497e+00
1.741415351545383405e+00
1.698894947443255976e+00
1.683983794283316682e+00
1.697015874011163161e+00
1.699592036264088613e+00
1.707467271153357391e+00
1.727702389856525356e+00
1.763096365460360637e+00
1.765314057218479338e+00
1.774200653656018645e+00
1.770286168520787573e+00
1.753893972393246292e+00
1.731387159862153080e+00
1.721545338296958105e+00
1.694193196294681236e+00
1.672714073715762861e+00
1.702056497180109762e+00
1.743211915541451829e+00
1.789084525284570404e+00
1.797309990825378234e+00
1.739308335864502064e+00
1.711216227710729010e+00
1.694490034371404885e+00
1.711967846234330626e+00
1.726994014213629969e+00
1.705432332094840353e+00
1.683548516567556108e+00
1.672922483339513100e+00
1.676281560041589458e+00
1.673749837845731170e+00
1.661296949852236970e+00
1.661686996845095798e+00
1.680464690740346656e+00
1.695335645456176321e+00
1.701937975708410322e+00
1.718406964469640696e+00
1.715011685270296571e+00
1.684980851703161253e+00
1.683408174290544679e+00
1.692292044377603277e+00
1.704930714248313883e+00
1.728163546713245013e+00
1.743041521083219303e+00
1.741644006013857604e+00
1.713912601691860882e+00
1.710023072758921625e+00
1.667070203028571118e+00
1.646615037768809575e+00
1.652799113821478816e+00
1.634415605251018810e+00
1.630449403204344394e+00
1.640639093216009980e+00
1.657527673213681441e+00
1.674574727577939903e+00
1.673676167611399812e+00
1.639146813212912113e+00
1.671383252024459587e+00
1.656080683601626635e+00
1.652839357925708574e+00
1.639172370995826800e+00
1.640477923363939272e+00
1.619798929736308013e+00
1.618909602892825594e+00
1.602061684757937865e+00
1.607907860635022779e+00
1.646205946240589135e+00
1.644901451650850888e+00
1.649566036956526593e+00
1.633340161304206672e+00
1.596341283180284787e+00
1.583748140606951349e+00
1.603251728388604525e+00
1.612043968519544901e+00
1.637298559838884060e+00
1.641528357171383901e+00
1.618823759573243537e+00
1.627840904040486203e+00
1.625974034731719309e+00
1.623675239029799044e+00
1.628151239698564678e+00
1.646550051463890441e+00
1.646613108439229478e+00
1.642430940843611520e+00
1.633815218500679345e+00
1.633333312887677025e+00
1.617340327128024224e+00
1.614699017556916694e+00
1.605694422812983913e+00
1.609459026063791320e+00
1.610963437118849706e+00
1.616422228370127501e+00
1.609579025601569180e+00
1.622242738913088678e+00
1.626534423346746472e+00
1.655552307254876121e+00
1.674452967229411060e+00
1.655326926498709161e+00
1.607308404236864607e+00
1.585726636945829160e+00
1.607792624028256956e+00
1.610926349488248199e+00
1.604783822140431804e+00
1.611030645515421300e+00
1.600403178258629877e+00
1.602022405247482517e+00
1.616553395760967904e+00
1.614557744259821792e+00
1.641044066513193345e+00
1.637519634918128464e+00
1.613987520568931577e+00
1.604897745720407221e+00
1.592175411366595572e+00
1.612050704163096260e+00
1.611642278868989697e+00
1.628902499565922923e+00
1.625511355795109747e+00
1.644226483856547683e+00
1.630559367477474320e+00
1.620550185797697385e+00
1.614321947063572571e+00
1.626890706117460006e+00
1.617860829316178473e+00
1.615700814486987547e+00
1.618573023824205759e+00
1.669397921974816068e+00
1.639404353424663840e+00
1.617241620885082831e+00
1.586503261935768849e+00
1.618779804931085753e+00
1.640250625678122187e+00
1.662674264016994252e+00
1.632781623430351159e+00
1.627301199284278521e+00
1.577889010868291919e+00
1.599186525767112732e+00
1.634615355210542909e+00
1.659589251593101888e+00
1.620383303242772133e+00
1.627464029760712139e+00
1.638767427412557875e+00
1.644547548240832935e+00
1.638656967260558206e+00
1.617955079223337922e+00
1.588943951821835565e+00
1.594693116726615623e+00
1.600195742316832481e+00
1.611243452475603632e+00
