5.513500937196006424e-01
8.057068728697878157e-01
1.126143155988724054e+00
1.352416614410027806e+00
1.538537398757153563e+00
1.640624644148533706e+00
1.681183538122324794e+00
1.691758549935334033e+00
1.668048614418780939e+00
1.674886200365914179e+00
1.683457480459506828e+00
1.678162902300585513e+00
1.696219686045322028e+00
1.730446730494267005e+00
1.768802365850411284e+00
1.760831854691256249e+00
1.768440810213968373e+00
1.754267888786139817e+00
1.759086082551043040e+00
1.696090056989217443e+00
1.685359952343674639e+00
1.682210647610281828e+00
1.667072598973262432e+00
1.649268345525355395e+00
1.657928249750652450e+00
1.667718999593637008e+00
1.670768051342714333e+00
1.685216910008341396e+00
1.727615794107980163e+00
1.767189858718255291e+00
1.754500121818587610e+00
1.747759436685756951e+00
1.768503900084248182e+00
1.782181358031468710e+00
1.737642566172870495e+00
1.718906599510855004e+00
1.697892335029927757e+00
1.663867461860106589e+00
1.673282103623108918e+00
1.664661882902173540e+00
1.699942522044286308e+00
1.648485314928103129e+00
1.648891013894512314e+00
1.618295350759517692e+00
1.632325626956952824e+00
1.649197680844185498e+00
1.712193264815069504e+00
1.762109762944433999e+00
1.781555288156965622e+00
1.790910875064814167e+00
1.773604521084794605e+00
1.716279887914658131e+00
1.717844879608526165e+00
1.724169636325972865e+00
1.720104643150321522e+00
1.683858358214937123e+00
1.638728585594294795e+00
1.636493973937395596e+00
1.644523428623837047e+00
1.655436457817367257e+00
1.684507387398083811e+00
1.721663484578608738e+00
1.752962640216866763e+00
1.792311651021795571e+00
1.805570079936218875e+00
1.767631639517981634e+00
1.731858687255133367e+00
1.677817731235994980e+00
1.669230679127488681e+00
1.627768938515965491e+00
1.637296748465091767e+00
1.656645953025672746e+00
1.661288238375134618e+00
1.665270287472280231e+00
1.657694386138470977e+00
1.663566440896968368e+00
1.647176895509104400e+00
1.615999151215549601e+00
1.626774591812994109e+00
1.621573018289190538e+00
1.663396281674849764e+00
1.668521567911140258e+00
1.671450201016065451e+00
1.638588441373169058e+00
1.601879632757789551e+00
1.609881162619625661e+00
1.661387148625473431e+00
1.715429616786715794e+00
1.701135701780234211e+00
1.650193506425842838e+00
1.606594224124752612e+00
1.600636433168550088e+00
1.619677474760880864e+00
1.660040489914181183e+00
1.670273003452067639e+00
1.668198208570409902e+00
1.630247247095558238e+00
1.668982748299440821e+00
1.707189469732317999e+00
1.694659439901545994e+00
1.649156476801452165e+00
1.621806095083451416e+00
1.621081347542119744e+00
1.629753744031588347e+00
1.640009092494417953e+00
1.617253880352490070e+00
1.618025910827125324e+00
1.610572695918553565e+00
1.629275930172076059e+00
1.623565361436817733e+00
1.636577034493324145e+00
1.642910280263819800e+00
1.649024449720886576e+00
1.645259463632467334e+00
1.648527938116570946e+00
1.639575955748940217e+00
1.640816842872018899e+00
1.615394418306544067e+00
1.612272050417255187e+00
1.585177882109845671e+00
1.593204798524924026e+00
1.603592476629800201e+00
1.603041964955435272e+00
1.616382295909024380e+00
1.628470209254680778e+00
1.644494359985638754e+00
1.649677920358140870e+00
1.647907690641918554e+00
1.659881908788864990e+00
1.666387497148360763e+00
1.680261218758756003e+00
1.644706828233347906e+00
1.611690215258340109e+00
1.578813370898492385e+00
1.586590310101701151e+00
1.597878665947642496e+00
1.598093987139808103e+00
1.616554116724190360e+00
1.633682233776260873e+00
1.612173933169427587e+00
1.619412338862037171e+00
1.626759522894013488e+00
1.626313678826818432e+00
1.632825835937667280e+00
1.649950923354219112e+00
1.628054800902511978e+00
1.619505068889723010e+00
1.616344602619638859e+00
1.637735904064882675e+00
1.632812585307405362e+00
1.630914728779339962e+00
1.621224221145490807e+00
1.611433814714852142e+00
1.618118121819678512e+00
1.618456576199645669e+00
1.613662914407716142e+00
1.620192655048242170e+00
1.582090165574926210e+00
1.576650105609463060e+00
1.574124079415929245e+00
1.589421577215904158e+00
1.602378997880864686e+00
1.633039525607296927e+00
1.650949490204326242e+00
1.660556996924957618e+00
1.673274064018657192e+00
1.650819434433101529e+00
1.627558456523307662e+00
1.650385878688486851e+00
1.639647587001666240e+00
1.642682846936618812e+00
1.609934670441249382e+00
1.584875038732250774e+00
1.584910947136504600e+00
1.605941209709388362e+00
1.605682123002706518e+00
1.603509862645370543e+00
1.651285341687681596e+00
1.649958147594285274e+00
1.642630022654604449e+00
1.611351912309297418e+00
1.611198048446641717e+00
1.639147040294748559e+00
1.646101539461712226e+00
1.682584306898407434e+00
1.652182167751125252e+00
1.656677504805560419e+00
1.613508029382205944e+00
1.592388782204267939e+00
1.577160776290923661e+00
1.562225775015659845e+00
1.552095848057121419e+00
1.555398532491857111e+00
1.591066634860149875e+00
1.595862953055841471e+00
1.599252775074420097e+00
1.596994909548812513e+00
1.627263758094800172e+00
1.628288609670019538e+00
