5.729984340495108963e-01
9.686472961142545968e-01
1.162969930879260261e+00
1.444859967831950698e+00
1.613914682802340073e+00
1.744679419020428002e+00
1.806434133421462640e+00
1.827480658200375974e+00
1.802843231318796757e+00
1.819535418896198964e+00
1.825126407282465779e+00
1.791122723806774175e+00
1.754176985207131834e+00
1.758029500200314565e+00
1.718107431931482187e+00
1.735046253336061550e+00
1.759151424862041013e+00
1.770383940393350786e+00
1.731880300793025906e+00
1.719042962051684054e+00
1.719157783080556445e+00
1.738349544337043362e+00
1.748316896535968112e+00
1.785872856437464629e+00
1.799413630854722168e+00
1.814402245494905141e+00
1.827962743913266408e+00
1.805093421535495235e+00
1.792777888541054132e+00
1.807158390270235282e+00
1.745757656039039096e+00
1.731828083139878016e+00
1.719946102521165976e+00
1.710559294375016526e+00
1.694385189312006990e+00
1.709873015641302230e+00
1.705534448214664378e+00
1.743577396596418749e+00
1.783427986145239341e+00
1.789153648759275628e+00
1.780858700418530338e+00
1.801330842974746327e+00
1.825977512439899586e+00
1.845341122816873458e+00
1.809521010146761810e+00
1.745300267579455111e+00
1.718614165722228693e+00
1.751991678199401603e+00
1.754902351940238470e+00
1.737996529522363831e+00
1.700349276674745225e+00
1.687831036900003578e+00
1.674238120986535572e+00
1.667737283314836505e+00
1.678403961053875681e+00
1.723046571986094788e+00
1.778287868833600571e+00
1.797840937823811158e+00
1.835616537832653883e+00
1.825144482950870728e+00
1.783370759895263724e+00
1.754798307592162931e+00
1.730909757004009508e+00
1.734462600024444967e+00
1.730361372270156073e+00
1.753163649250240486e+00
1.749537042714118362e+00
1.757665605394717279e+00
1.730729365131057129e+00
1.698692763794710237e+00
1.709864281705613998e+00
1.696960011009533753e+00
1.680392605970686848e+00
1.690303772855607178e+00
1.675573272340965536e+00
1.686928068830249705e+00
1.690373395962659453e+00
1.702588263295863769e+00
1.692367386817584363e+00
1.674108346996148633e+00
1.689983454519280448e+00
1.713000758050444716e+00
1.719734620520520396e+00
1.735238033405754665e+00
1.720123688409497031e+00
1.724066609048675591e+00
1.674057476619599028e+00
1.652167804598815737e+00
1.659467768759352424e+00
1.696866678570286613e+00
1.694100871677494347e+00
1.694755098671040017e+00
1.692435868250623088e+00
1.732825369464406462e+00
1.734891393541918125e+00
1.751973517796650448e+00
1.712338660105898303e+00
1.680642358504823131e+00
1.675909038398391226e+00
1.685655623932684311e+00
1.678389107913004885e+00
1.697811166658616422e+00
1.712825435119503137e+00
1.706220250533138971e+00
1.668433442165909719e+00
1.687166339658603853e+00
1.698260015857420591e+00
1.724629635341430767e+00
1.721280176504007997e+00
1.683734946865215631e+00
1.669110080180946198e+00
1.708295968431738032e+00
1.727423002421011544e+00
1.749719314353178623e+00
1.754461311259498224e+00
1.732652693554056045e+00
1.682644640221587107e+00
1.670412217618880479e+00
1.662526376983439080e+00
1.657817732561182700e+00
1.665947906167551062e+00
1.675328505842368809e+00
1.720589207424649381e+00
1.742138603175799272e+00
1.734081881453741536e+00
1.756224804912844162e+00
1.752158222750679784e+00
1.749417031053761118e+00
1.730115454677010334e+00
1.677606603693404086e+00
1.653277842060504987e+00
1.632253961357300165e+00
1.653222227844265424e+00
1.664806503461049303e+00
1.669046921653663418e+00
1.685030288607821225e+00
1.685736508696907832e+00
1.665743892079780464e+00
1.652772018761513806e+00
1.653495057712620175e+00
1.630702515298043220e+00
1.646242041886609719e+00
1.664803840056130690e+00
1.686068561725574844e+00
1.744883109094529150e+00
1.772296460178347299e+00
1.767975309552968888e+00
1.720675293975133968e+00
1.684899688131681339e+00
1.660605863292005102e+00
1.638782527477050222e+00
1.624170432691065091e+00
1.647174857862502950e+00
1.664815751600337235e+00
1.663155319347204175e+00
1.666251918910090168e+00
1.661966744686881103e+00
1.694605727352558988e+00
1.707413449126935934e+00
1.739092493253193705e+00
1.704828295654345238e+00
1.736134462482153307e+00
1.754116862185573611e+00
1.758563415217215375e+00
1.743045478883579635e+00
1.706147050122773123e+00
1.663210983810507138e+00
1.652100982084118597e+00
1.631741477958979392e+00
1.633747576683649561e+00
1.624847261264040332e+00
1.635715811945953835e+00
1.650025728574715300e+00
1.665217752416761732e+00
1.685796789784650418e+00
1.699168271237863070e+00
1.725132784957333243e+00
1.723519554010382704e+00
1.714008345807442435e+00
1.735669661002482655e+00
1.742886707891122544e+00
1.720264225800655744e+00
1.680924090503612245e+00
1.664837128398907851e+00
1.629108814669259164e+00
1.621590873128617938e+00
1.669071702271930802e+00
1.692998672122150383e+00
1.641746515265642525e+00
1.600469346218956534e+00
1.621675018726652873e+00
1.647334406948301133e+00
1.656794533964318195e+00
1.652501915292286627e+00
1.658035079467572004e+00
1.627059014092365530e+00
1.622105224372874854e+00
1.646452517387080761e+00
1.663584336590424595e+00
