5.529073509438012790e-01
8.829434875054269494e-01
1.167758519667656758e+00
1.461819298311826776e+00
1.591654827206258060e+00
1.754285419222742393e+00
1.738936466541749271e+00
1.776089816007839328e+00
1.770512104421291477e+00
1.795017066313908893e+00
1.809953455625363139e+00
1.827944992123754275e+00
1.822061439468017019e+00
1.832695896451564499e+00
1.852425478379086554e+00
1.845925744555299675e+00
1.783238004289736889e+00
1.787722222984441833e+00
1.760191149072699135e+00
1.790407479894789988e+00
1.805394446110915929e+00
1.818260329771345551e+00
1.814425962242681267e+00
1.800268207772350415e+00
1.812060809361127678e+00
1.837897904443521968e+00
1.833745198294581380e+00
1.805160801105399671e+00
1.771903392389241327e+00
1.804840729452221515e+00
1.823874999184422752e+00
1.810652495483159985e+00
1.825612089201400057e+00
1.829706601827153056e+00
1.804787496182950646e+00
1.802364959179826087e+00
1.802667866910523831e+00
1.816559147932007345e+00
1.796732793082229218e+00
1.778921007891684614e+00
1.752724900708134692e+00
1.734260351155049618e+00
1.723084927150528189e+00
1.721230825169863587e+00
1.752561705786262802e+00
1.762523615693479373e+00
1.795614404729991120e+00
1.855489465138399741e+00
1.874908217371713315e+00
1.872104255424450692e+00
1.845027592598089461e+00
1.799021982194687119e+00
1.781917731419168538e+00
1.763241263627064459e+00
1.775394992159854857e+00
1.758043853982900862e+00
1.740148499720412190e+00
1.782758986482931407e+00
1.803085877288157945e+00
1.800264511728914441e+00
1.794417343140742416e+00
1.774387813726407304e+00
1.747190711561725340e+00
1.745456312590715209e+00
1.776132225837785406e+00
1.750523007899659422e+00
1.746276073593475919e+00
1.787349267340874626e+00
1.859257916495485441e+00
1.881981089505288862e+00
1.850874835595381462e+00
1.833348754314637397e+00
1.824375684011303900e+00
1.823278879781361050e+00
1.769739270765501749e+00
1.737665867266041220e+00
1.747107434855950769e+00
1.724589824923648651e+00
1.724494519926839109e+00
1.769681386003934209e+00
1.776895589425845579e+00
1.743619476897460219e+00
1.777646481229109510e+00
1.766525319818597062e+00
1.761753373007269863e+00
1.751608849346006469e+00
1.772773369687265843e+00
1.749078631425972752e+00
1.757549053911717341e+00
1.761855914266477585e+00
1.776682112926865731e+00
1.784317066460845869e+00
1.788053015383614497e+00
1.715801710723403595e+00
1.689244295652660321e+00
1.724382502783245563e+00
1.720763680382957572e+00
1.675738111083660664e+00
1.666236193106631625e+00
1.720956812339272224e+00
1.764400141041854386e+00
1.798449280034535747e+00
1.820281489201692526e+00
1.815996530367577355e+00
1.819870846617744453e+00
1.759747631190012207e+00
1.748166248315107696e+00
1.723504820306420493e+00
1.730497367973375056e+00
1.699631559878800102e+00
1.696971007073951432e+00
1.726051898415482233e+00
1.690240774513347644e+00
1.662220929816096593e+00
1.688483286565842345e+00
1.698774547979214455e+00
1.697048857960137935e+00
1.722102821283303165e+00
1.707035502843610164e+00
1.703105645032284787e+00
1.734483424869837309e+00
1.722815955424381373e+00
1.709395663729440296e+00
1.701858453770850543e+00
1.725528672176583678e+00
1.744644517955799889e+00
1.735115767304179490e+00
1.706433484427902769e+00
1.705226100109948462e+00
1.694186620206411309e+00
1.663588529594868248e+00
1.696573358151990618e+00
1.740145378629542217e+00
1.714134137773139610e+00
1.684435601845001740e+00
1.681983421280761837e+00
1.671065527093122949e+00
1.630996158293413822e+00
1.650820860973817084e+00
1.714248240859691963e+00
1.747473047463162565e+00
1.721196352287041709e+00
1.730067571858940667e+00
1.726858587878776108e+00
1.722361764324036093e+00
1.733702549106819646e+00
1.739339485969102483e+00
1.730694281529511436e+00
1.730948010659624892e+00
1.723964093455164326e+00
1.726682865425875901e+00
1.757076110031874805e+00
1.692896796182745023e+00
1.654540256940745024e+00
1.677944694728701558e+00
1.728095705963878181e+00
1.733062150029585302e+00
1.729886317409045526e+00
1.712217740129940990e+00
1.657094548550146262e+00
1.656626743290910753e+00
1.678232706858159728e+00
1.673299638642833376e+00
1.696625178310308790e+00
1.708843038946372017e+00
1.701684507233380161e+00
1.704716456721022899e+00
1.687828638484214716e+00
1.683227089356072570e+00
1.675724586249507153e+00
1.656759951458350422e+00
1.681126631022739737e+00
1.677600357831328548e+00
1.687636673430091605e+00
1.703808789247232669e+00
1.681961995502965213e+00
1.647920789658968266e+00
1.697070443062155043e+00
1.718313000330071727e+00
1.699274243384756744e+00
1.703271950944242219e+00
1.696226138335030331e+00
1.652318045355918530e+00
1.656807011580026190e+00
1.681663178842899287e+00
1.667021266115469524e+00
1.669005799110863331e+00
1.678825578601695900e+00
1.669723987297728307e+00
1.690996120976160588e+00
1.694617856689538016e+00
1.688352443420002791e+00
1.673000376435478609e+00
1.691929023690825318e+00
1.678974517443966752e+00
1.661904534690684443e+00
1.638293740545106569e+00
1.683716966286612493e+00
1.684312964378633204e+00
