6.280251146070137125e-01
9.466930802661686073e-01
1.174753504723176745e+00
1.410604874615778881e+00
1.517566613275747489e+00
1.640333028113716729e+00
1.675006454929115485e+00
1.732846067935883472e+00
1.713234129853189680e+00
1.706233176654468275e+00
1.673946317550726093e+00
1.699072994297706529e+00
1.683183365396684783e+00
1.683934371384890882e+00
1.639584794750158503e+00
1.637820672556979495e+00
1.638431318055675989e+00
1.680574957837062566e+00
1.689760851983502343e+00
1.715584574622967873e+00
1.705697448924670345e+00
1.705179067699238882e+00
1.725512179336227359e+00
1.701351941034636717e+00
1.670438860067147813e+00
1.664303174797920892e+00
1.647311029862516429e+00
1.623941996610054561e+00
1.634788255933206980e+00
1.646043936843442745e+00
1.660596126536714179e+00
1.689173462747960652e+00
1.733416322943023502e+00
1.726654154360878435e+00
1.684268000461596859e+00
1.670527375645508794e+00
1.658012059644329739e+00
1.680279652772120214e+00
1.678420604404017968e+00
1.652406437864984978e+00
1.624621298951579362e+00
1.618282512197133594e+00
1.651856263387715629e+00
1.709889183005612656e+00
1.751484113031368750e+00
1.723711309721970286e+00
1.701123755908751312e+00
1.651576892765462157e+00
1.637908911183241223e+00
1.640455103560398253e+00
1.639214674967774510e+00
1.632882929524980931e+00
1.622486540658004905e+00
1.623283411057643955e+00
1.626406691818479633e+00
1.629658895092332083e+00
1.651114825558254173e+00
1.649934552380130759e+00
1.666544071024976148e+00
1.679405936565554702e+00
1.668488195874828550e+00
1.662716295652604925e+00
1.673174233806524525e+00
1.637269395784360704e+00
1.612831830661357824e+00
1.611672461040293935e+00
1.635110931397782963e+00
1.626364206994813655e+00
1.626365058961397381e+00
1.641220663470566832e+00
1.607756971909080068e+00
1.589067555775784291e+00
1.606622969793385147e+00
1.636279556161808646e+00
1.672167995915539773e+00
1.671174544154040653e+00
1.667343812503179201e+00
1.671112837109332672e+00
1.668682170136198462e+00
1.662492542138994001e+00
1.682350840955943783e+00
1.668732007033850051e+00
1.646921521204341321e+00
1.627687180729995076e+00
1.625690211966525300e+00
1.643502185550055339e+00
1.622449008641564383e+00
1.613328777597673902e+00
1.603250423392200918e+00
1.597389842658593739e+00
1.598996158556276637e+00
1.601387314552860985e+00
1.614723336554801492e+00
1.617031423640843846e+00
1.619604766974540366e+00
1.620881593228493456e+00
1.630292469113247877e+00
1.614905935421507399e+00
1.596112547088418765e+00
1.595213474369880036e+00
1.616145192445281431e+00
1.615157816367609023e+00
1.640507645764889499e+00
1.667109369030166155e+00
1.681102043940399859e+00
1.663878052691974307e+00
1.620111921750854833e+00
1.565848771097501979e+00
1.568522697369727714e+00
1.585071067762039654e+00
1.609497811046837645e+00
1.622515056010789714e+00
1.625136473153431016e+00
1.601541976383316968e+00
1.587540799812527492e+00
1.577579753342298829e+00
1.593897656199124491e+00
1.583927334055437397e+00
1.595626095415917156e+00
1.593749123473947593e+00
1.600129249626989658e+00
1.591289410508840207e+00
1.605063878492175355e+00
1.605814018543624933e+00
1.603118767081430196e+00
1.610458774090463452e+00
1.585645052081865014e+00
1.586354916519970848e+00
1.600772011113834825e+00
1.615856694086277301e+00
1.640834114242184505e+00
1.630806556848868771e+00
1.616317011203380671e+00
1.597493598511314783e+00
1.568124300642822488e+00
1.555516624201790155e+00
1.575164788607561928e+00
1.590143425994272386e+00
1.591827744267191758e+00
1.609981745549209142e+00
1.591984146132262135e+00
1.612897871952036377e+00
1.603930565433550726e+00
1.603609963772796076e+00
1.603136223237475066e+00
1.617181594417324897e+00
1.623985127529759209e+00
1.601466607761154348e+00
1.590275907196499583e+00
1.606765085260039250e+00
1.615388155957114158e+00
1.621690663646347286e+00
1.617344452973204616e+00
1.590139367198612597e+00
1.597983841921710724e+00
1.581924667554967412e+00
1.590586672933635093e+00
1.601016497027501817e+00
1.619271418195961099e+00
1.586605266342003384e+00
1.575410100692463011e+00
1.565626937735134394e+00
1.567954693103182473e+00
1.578647333466743241e+00
1.572946497962810053e+00
1.558604306586848898e+00
1.558453977865804196e+00
1.542894983635323403e+00
1.574812327306517101e+00
1.602006523810197924e+00
1.622496207256965528e+00
1.606925134369496133e+00
1.594596392793118378e+00
1.597572987857002635e+00
1.569032551568807721e+00
1.550031062346833854e+00
1.563212580275326280e+00
1.556866960240243625e+00
1.550741883114328923e+00
1.566651621299347541e+00
1.564669528037046620e+00
1.552133889948576817e+00
1.571317971809229164e+00
1.590133758051191171e+00
1.584292122542132253e+00
1.580972262165996289e+00
1.572818425005394261e+00
1.543754315352325435e+00
1.565141957303572973e+00
1.600434354663284431e+00
1.618695798843781342e+00
1.597582800909732592e+00
1.577141000799382464e+00
1.581723408015805354e+00
1.586134780195517680e+00
1.576335621015295452e+00
1.569325923165676873e+00
1.562194521790847279e+00
1.550706944606414561e+00
