5.877499433641218962e-01
9.385016104689534178e-01
1.137491332647269315e+00
1.378526439303466411e+00
1.537043874470761518e+00
1.637700434666816030e+00
1.681635273226962601e+00
1.710122509996300222e+00
1.703174583978567247e+00
1.711256638008415543e+00
1.735828112698243331e+00
1.761414966007331939e+00
1.746294962037214793e+00
1.742421568485614580e+00
1.690288848777121933e+00
1.681963499119190519e+00
1.704507298032847729e+00
1.722152122352091919e+00
1.753087421907251864e+00
1.746474700546096104e+00
1.746981606853216018e+00
1.759393495103242611e+00
1.745991212804054449e+00
1.749420199690574051e+00
1.753874282131105744e+00
1.713281762256288587e+00
1.707829035756122327e+00
1.678518475290606604e+00
1.676604340565774676e+00
1.687623023538273648e+00
1.702142462979841397e+00
1.734777160811207475e+00
1.814863650223004887e+00
1.820548730169034846e+00
1.771926921635586405e+00
1.725561435649558550e+00
1.725034453992886796e+00
1.710018120841577005e+00
1.673241293835438626e+00
1.696644727123503005e+00
1.740376349737519091e+00
1.725975321522748462e+00
1.732048881402080021e+00
1.721369751875574394e+00
1.707868595912019893e+00
1.692365253009580961e+00
1.727805426724654314e+00
1.731994331665075881e+00
1.723627655142608184e+00
1.711260706037579737e+00
1.727591732450450168e+00
1.698047936488784382e+00
1.686093684152095262e+00
1.668417413173292729e+00
1.670262730494675329e+00
1.643772662415383667e+00
1.648803680593101229e+00
1.640847994262529141e+00
1.666089745244063058e+00
1.673267052017865630e+00
1.699476889376660971e+00
1.697402208922353495e+00
1.718402778928433072e+00
1.704395376703415232e+00
1.705716494365549618e+00
1.657690680427423624e+00
1.658816022084320885e+00
1.664256177532376535e+00
1.685773147704805019e+00
1.679519793962659602e+00
1.686957839444845453e+00
1.667197565905250478e+00
1.694354360296275619e+00
1.699544302287264275e+00
1.677245120954643731e+00
1.649276494067640098e+00
1.670677999199879027e+00
1.691101181061473113e+00
1.726267335842615935e+00
1.714014547769326269e+00
1.703939141312409644e+00
1.694988781756808116e+00
1.687301147977055660e+00
1.691082021453781614e+00
1.681223050820062070e+00
1.668804012163811024e+00
1.670113909238541527e+00
1.635353224766610714e+00
1.637106411442499576e+00
1.630011983875093495e+00
1.642657957355391218e+00
1.652854007812996073e+00
1.625742214850028899e+00
1.586983191391855730e+00
1.604062610377011699e+00
1.620211498069951794e+00
1.664347949584517483e+00
1.670569858941280073e+00
1.676727987829480959e+00
1.660478336377995578e+00
1.652321546262333962e+00
1.621197105484814438e+00
1.617561325768409830e+00
1.637947519979403799e+00
1.654281472155630928e+00
1.652296423924296542e+00
1.653783891393507677e+00
1.644047890333833806e+00
1.660192292432637551e+00
1.674415488302191335e+00
1.654910227126972888e+00
1.680821547727716192e+00
1.688529919704809590e+00
1.664821268944177479e+00
1.647184417519827582e+00
1.624009981859328322e+00
1.649152168009668351e+00
1.636137102496440399e+00
1.639703962638101142e+00
1.665547388204500656e+00
1.677011566351664040e+00
1.691515243489806419e+00
1.685218098419021260e+00
1.666641563709373886e+00
1.678755227529875604e+00
1.689444211312385091e+00
1.684656128507502793e+00
1.671752852195490968e+00
1.693947538109951356e+00
1.680312332199947578e+00
1.676944269935959353e+00
1.670988475115834149e+00
1.676919359718784808e+00
1.679684813667073007e+00
1.665079938131665216e+00
1.658829955850784854e+00
1.623489909030046752e+00
1.599878295537158657e+00
1.620117592274931129e+00
1.655168901706424167e+00
1.681012221362393699e+00
1.649928249927808954e+00
1.641083370622027804e+00
1.641962876034429142e+00
1.671773292850790238e+00
1.644482654567547275e+00
1.622699839272315092e+00
1.642667187119971395e+00
1.680795030700506176e+00
1.689805279886136935e+00
1.673504958420608979e+00
1.651085889080500690e+00
1.613777535061959645e+00
1.600614099098597087e+00
1.600095732586134245e+00
1.601003538526944103e+00
1.593434707357597624e+00
1.579222347467141407e+00
1.611015278673930462e+00
1.617472926612232742e+00
1.629577967228881263e+00
1.631281825869772328e+00
1.615801126834456314e+00
1.602366491569704898e+00
1.596865436359993229e+00
1.572693100666474830e+00
1.565036403187710645e+00
1.579359909890768465e+00
1.583017598116272406e+00
1.593293208967568875e+00
1.626506333670801219e+00
1.633880961700020951e+00
1.664750449673691346e+00
1.656188695383107090e+00
1.631671191333273097e+00
1.633005459995620301e+00
1.661827504438165848e+00
1.639977948412447040e+00
1.648850823283090739e+00
1.659706799105134190e+00
1.655590870602344555e+00
1.630692607953851736e+00
1.615390801922038433e+00
1.606779297825797315e+00
1.610925231574019900e+00
1.630103100332590538e+00
1.622367462428652374e+00
1.637434123905072259e+00
1.635759192389635741e+00
1.639701834977778994e+00
1.615300267041831495e+00
1.614081281891966757e+00
1.616757385028436467e+00
1.625884027622088501e+00
1.639548732649130702e+00
1.661751615238475477e+00
1.661503399501579548e+00
1.656987851953679369e+00
1.634616782059522100e+00
