5.695777340263949995e-01
8.226475822440594277e-01
1.046307807693007241e+00
1.297631625790477417e+00
1.452187798818334930e+00
1.587855659700273980e+00
1.618965456348503418e+00
1.627658045441395362e+00
1.607443948515357546e+00
1.574922703828082415e+00
1.579900822296617990e+00
1.630594938506445990e+00
1.629195559563543672e+00
1.654157283973051618e+00
1.660296677783568597e+00
1.645847235748156168e+00
1.604918687752867390e+00
1.582184333918939645e+00
1.597730146191179923e+00
1.587242683790577535e+00
1.566309374957886247e+00
1.561047142638435581e+00
1.584189216189829219e+00
1.629277884824376965e+00
1.660924033341005801e+00
1.659499287417670166e+00
1.626241091601228428e+00
1.614239874570121858e+00
1.609333068156985291e+00
1.559618192010036930e+00
1.548320124272520415e+00
1.576946093276813787e+00
1.601648254144133920e+00
1.592607505300443371e+00
1.585827083298995133e+00
1.608930771966058604e+00
1.624117176562724474e+00
1.594172309760884199e+00
1.578219151282667099e+00
1.571182849567214435e+00
1.584430256603102105e+00
1.613406487469904782e+00
1.636669616519295101e+00
1.634373772229542610e+00
1.607183058805742526e+00
1.596170935344854769e+00
1.586317238311895528e+00
1.583236227390534046e+00
1.562712026610395100e+00
1.559866252475734960e+00
1.579153536311944439e+00
1.605056987989749384e+00
1.603304480441059887e+00
1.597406488547293613e+00
1.628679007226941033e+00
1.625880735529470877e+00
1.635040942347444792e+00
1.623413717003967971e+00
1.615681092148729014e+00
1.581296843704545152e+00
1.577779110251407602e+00
1.569425880247508953e+00
1.544984173699799568e+00
1.532960708996979671e+00
1.532642027898749371e+00
1.535005537762759165e+00
1.548880133947359683e+00
1.561205939965947476e+00
1.565620687160778068e+00
1.561993122745519047e+00
1.567351271578746097e+00
1.560614474829906229e+00
1.545006572203146078e+00
1.559817450321507204e+00
1.559968495952009926e+00
1.552726924495447802e+00
1.523809565074578654e+00
1.492718565885907234e+00
1.510384243586997410e+00
1.506796843355584503e+00
1.513883916519312534e+00
1.533588834604765694e+00
1.581169006183399173e+00
1.593092830044911867e+00
1.582557250459361686e+00
1.558437500656651098e+00
1.529654154662180243e+00
1.520191021089896344e+00
1.544861199792070705e+00
1.552268424194727547e+00
1.555189888226151895e+00
1.545590628792256283e+00
1.519874892111915177e+00
1.497276410598155305e+00
1.510665136085395988e+00
1.523254059745310141e+00
1.545020785448793843e+00
1.544638402352586315e+00
1.547697697240211223e+00
1.551440709718546085e+00
1.574047060320324043e+00
1.545577076758628321e+00
1.527398718781346032e+00
1.504382990416131438e+00
1.531512258830316719e+00
1.540624443697008239e+00
1.533843800697441973e+00
1.521975110825300792e+00
1.526967066074353729e+00
1.523543253748978143e+00
1.549856878696940443e+00
1.563961096688848862e+00
1.561757065547684453e+00
1.543598862400805460e+00
1.530091251616341408e+00
1.503856664965432799e+00
1.512405303303975268e+00
1.551968880320283350e+00
1.546733092338813620e+00
1.531775203928126494e+00
1.532782259184247931e+00
1.514584151586666039e+00
1.550910739559121732e+00
1.536112877903866858e+00
1.519367740332354888e+00
1.520555223557161328e+00
1.526938564142723109e+00
1.526850275888687714e+00
1.568469400879780595e+00
1.555649078356030834e+00
1.559509242160844522e+00
1.524013947792761892e+00
1.517882634857103508e+00
1.489224437336285956e+00
1.509692782379483678e+00
1.515694335313036545e+00
1.533067171152028285e+00
1.537431936758618001e+00
1.536929345426684357e+00
1.519402435486026270e+00
1.517673225943478865e+00
1.521370764709125689e+00
1.534263956078422586e+00
1.487048706686407318e+00
1.508773501294185193e+00
1.486002375379871232e+00
1.533600708107023092e+00
1.544381345806340011e+00
1.524730858420098034e+00
1.505822819098989074e+00
1.530034982340214400e+00
1.511430937009880182e+00
1.515526485378219990e+00
1.485597343292509587e+00
1.472198055535074435e+00
1.465917782751049891e+00
1.476953815621985022e+00
1.511719279850649356e+00
1.546795709081763448e+00
1.554582255159714599e+00
1.566447503576543498e+00
1.558753685938382816e+00
1.566567966835858305e+00
1.528406369587342439e+00
1.541915411955776083e+00
1.518391548616981446e+00
1.518256836155024159e+00
1.510900186780486543e+00
1.514768863467336635e+00
1.512589474160628278e+00
1.535602085285785678e+00
1.499460526107885050e+00
1.500201866562394626e+00
1.505982766785614491e+00
1.522511116461253700e+00
1.529707775838223816e+00
1.526748918684616596e+00
1.510724513269993574e+00
1.507521843528800698e+00
1.512385505869643376e+00
1.524738455067393250e+00
1.533852943303161798e+00
1.549443439359089680e+00
1.533374446371606581e+00
1.504021564620390494e+00
1.482441090313468823e+00
1.501495748255152307e+00
1.518216835467875336e+00
1.543504995755013542e+00
1.537631918292454936e+00
1.522348418196115549e+00
1.507633304363212190e+00
1.502975852165518322e+00
1.517559319896224501e+00
1.522200736343285232e+00
1.499408818700505686e+00
1.520779950920045476e+00
1.536111321443704991e+00
1.546042595555805477e+00
