5.946498955900517691e-01
9.698411307751835242e-01
1.240788311424974033e+00
1.542276393912201948e+00
1.711863915435222427e+00
1.848676320999619094e+00
1.838917458330668220e+00
1.902094203237904013e+00
1.871952884835512032e+00
1.860795540754566657e+00
1.786111760309237573e+00
1.768854871346311253e+00
1.752858020885157186e+00
1.768044361575947132e+00
1.748258186551304938e+00
1.776331384487399578e+00
1.771443493124614577e+00
1.781042790919379337e+00
1.784562696302491203e+00
1.799169057223101387e+00
1.795979195039814069e+00
1.789127619184863072e+00
1.793997364257921445e+00
1.802535325940925359e+00
1.835910997552367974e+00
1.880429289331436271e+00
1.868660264426631024e+00
1.788617292328350317e+00
1.736859470829063445e+00
1.747196751318090602e+00
1.739389113040160195e+00
1.759052056776372774e+00
1.765237333185525559e+00
1.769335354211649447e+00
1.778595865488272310e+00
1.788532650156291703e+00
1.782206000074466834e+00
1.777940599310339653e+00
1.778649959049837914e+00
1.779278393438422867e+00
1.774561346796034611e+00
1.812200862331253770e+00
1.852904379339610275e+00
1.842103266782874726e+00
1.843605637173164613e+00
1.844486415250802702e+00
1.794437173571465927e+00
1.745818387373298641e+00
1.732323575158988271e+00
1.741934533027006182e+00
1.727432318013961465e+00
1.741812951062041925e+00
1.756128403761924917e+00
1.785105583476225055e+00
1.792487540912666599e+00
1.801814717602643334e+00
1.805905441612749573e+00
1.808052934053882455e+00
1.779787445112528843e+00
1.790519489786184471e+00
1.809251699685476167e+00
1.844157652436761774e+00
1.874259235813511504e+00
1.843239348450273596e+00
1.764768237819028363e+00
1.748842375163555340e+00
1.733457466563798288e+00
1.773229459285596388e+00
1.776495047127254034e+00
1.753697597630159866e+00
1.717686655321439382e+00
1.692599258952646180e+00
1.722760822630192479e+00
1.741267999862629257e+00
1.709657877012930705e+00
1.731092270065258010e+00
1.765889305568896006e+00
1.794686127432289391e+00
1.779846250943784680e+00
1.735337243381577910e+00
1.736795510631114148e+00
1.753713957901452902e+00
1.759885534840225141e+00
1.747882268244087101e+00
1.714033600949430136e+00
1.719173361353531382e+00
1.725259570673653542e+00
1.735863757613730574e+00
1.755251643649748727e+00
1.779245895930569699e+00
1.741392211525410127e+00
1.760644775439992316e+00
1.770833683486902510e+00
1.764585645531903335e+00
1.758669495637904756e+00
1.740968247982017436e+00
1.698681322510974923e+00
1.694057728618888037e+00
1.708161345734606540e+00
1.700320243590204283e+00
1.719473267830985419e+00
1.718587131040364868e+00
1.752898376047265616e+00
1.788414050411160305e+00
1.776741185670800194e+00
1.747247774652231023e+00
1.755329950992230437e+00
1.739367518877625418e+00
1.728530959737531125e+00
1.746978186421466850e+00
1.721260796690977646e+00
1.705531569610407416e+00
1.712797273909280493e+00
1.727607456941479436e+00
1.742967215415092808e+00
1.719285168693385657e+00
1.757350012718546406e+00
1.758777577814155224e+00
1.759696777043389115e+00
1.743621805668521318e+00
1.725574677698171078e+00
1.740881596956994848e+00
1.743943653712113351e+00
1.712256750753381462e+00
1.712821755331644713e+00
1.716621861502373614e+00
1.698762798875353530e+00
1.683442504542397966e+00
1.708659221990844967e+00
1.729221328522347445e+00
1.747182138640116289e+00
1.774910257901317401e+00
1.782616175214212895e+00
1.760948614278032398e+00
1.747901658825441684e+00
1.769046074723715778e+00
1.752715883307530476e+00
1.729682446268809626e+00
1.710274189423275581e+00
1.695840919738058172e+00
1.706855178338445800e+00
1.702592801506300546e+00
1.708584326584089208e+00
1.719678823477215346e+00
1.714002972842107120e+00
1.719668105150961024e+00
1.724220369621330740e+00
1.729598476260697293e+00
1.732049454434697155e+00
1.726152374153444136e+00
1.762220519698754817e+00
1.754297488386024728e+00
1.745122452616920894e+00
1.758493342621336275e+00
1.773800089912175970e+00
1.786179598084424391e+00
1.756859608324567112e+00
1.726539394029926511e+00
1.676549874129986240e+00
1.678391968453162075e+00
1.676266040000478075e+00
1.684053887056056631e+00
1.661968063795381312e+00
1.662879111660792830e+00
1.677652325497657415e+00
1.714560251516768608e+00
1.712186464725371504e+00
1.722079926509524794e+00
1.731337443172925372e+00
1.709372374305412556e+00
1.710162372358881688e+00
1.722507969437361508e+00
1.737258801977922484e+00
1.717901117191927840e+00
1.683567870184125681e+00
1.712306823808357858e+00
1.743721742924555951e+00
1.743365823377410972e+00
1.736882776717315169e+00
1.716463828169253247e+00
1.735267623042523244e+00
1.723757740052386023e+00
1.720629078090869957e+00
1.689600718021799119e+00
1.689446579404340065e+00
1.689383155579964990e+00
1.701018719684527669e+00
1.697715101861476672e+00
1.667177718393546559e+00
1.645180188214475425e+00
1.630862839669465325e+00
1.642148377346154042e+00
1.672634511961327952e+00
1.683280343186859263e+00
1.644793019886824359e+00
1.615894724272732841e+00
1.633507059191304123e+00
1.649847430030582318e+00
1.679409741253283794e+00
