5.986867066391683423e-01
9.465054710536040528e-01
1.159035702663620881e+00
1.385353701067370435e+00
1.496949128247710536e+00
1.596765262943089514e+00
1.636756712117393153e+00
1.626322993817341800e+00
1.609136899935464049e+00
1.593905839996553997e+00
1.589097533365018355e+00
1.600760712030594002e+00
1.592936669455103260e+00
1.598707588171053740e+00
1.634720358658288575e+00
1.644508743625598512e+00
1.621846985968891541e+00
1.632689126987046713e+00
1.639196327925490193e+00
1.645582269988055346e+00
1.630200003747765303e+00
1.587627583939650977e+00
1.567058451542985953e+00
1.560637369406830510e+00
1.599422310002595049e+00
1.620833937854021967e+00
1.651724264286988486e+00
1.653188674899272792e+00
1.651507667107865229e+00
1.625195200604954593e+00
1.593698864118012537e+00
1.605908755266522769e+00
1.617627581793233515e+00
1.619675057068806101e+00
1.614356338070787489e+00
1.609937838434800428e+00
1.590948067385287157e+00
1.607563838773712339e+00
1.617182631360031708e+00
1.633530018394171224e+00
1.631315327369463386e+00
1.605829325521601181e+00
1.586439625415677623e+00
1.601534098863939271e+00
1.627660456118079191e+00
1.626516761495770957e+00
1.607418615922884930e+00
1.604828363917965239e+00
1.578061044694468951e+00
1.581540641158788230e+00
1.583429850512381609e+00
1.600773321930362814e+00
1.586798477513355232e+00
1.570097441908828939e+00
1.568557358781876854e+00
1.604518047877192544e+00
1.593292966149677969e+00
1.597384259188636912e+00
1.586715072525850534e+00
1.588926133480412783e+00
1.567027819707995429e+00
1.565204638386098024e+00
1.554674424700430491e+00
1.567987628580923776e+00
1.584662475154661410e+00
1.577747777044525623e+00
1.598180521679667621e+00
1.611706371712271491e+00
1.589780020747604272e+00
1.581369715757219518e+00
1.583871792484667473e+00
1.573505529602962305e+00
1.565355130685474050e+00
1.568201399675488217e+00
1.570225267678075909e+00
1.583925830932216616e+00
1.583265075070653616e+00
1.583798483080845143e+00
1.608585963474212566e+00
1.599325935252008835e+00
1.597402131294050953e+00
1.580559078783400961e+00
1.573200393044043244e+00
1.573186118564720459e+00
1.558351454171961858e+00
1.534282335048443358e+00
1.539940924958679069e+00
1.557397633447987317e+00
1.577121124490312720e+00
1.563073071043697970e+00
1.554105634871566943e+00
1.563953922847520328e+00
1.559951340675752807e+00
1.552018642942868842e+00
1.553857530328672798e+00
1.543775893996441440e+00
1.561592192905739251e+00
1.565125225055970848e+00
1.568395069278532006e+00
1.563931160731697467e+00
1.565292226850774071e+00
1.576739496801832674e+00
1.586468296001365408e+00
1.582440845063067369e+00
1.562819700472510620e+00
1.558136450252965544e+00
1.543856199675442076e+00
1.561543969263905929e+00
1.536285671856228330e+00
1.516547820263180357e+00
1.541433844556768795e+00
1.543771156575342252e+00
1.568033666072811805e+00
1.578230495406071743e+00
1.604831930835883380e+00
1.607170127397089976e+00
1.593204948009532496e+00
1.552952680232995375e+00
1.539439084710311878e+00
1.536433552520087398e+00
1.546238842334591412e+00
1.558395965354361534e+00
1.547088557616501880e+00
1.553745186691131597e+00
1.555497674262301011e+00
1.571110139311716836e+00
1.577450010479515052e+00
1.546152227429394399e+00
1.534105890592309507e+00
1.544537510798067892e+00
1.549957012397541689e+00
1.564399567230640331e+00
1.582289783847212306e+00
1.559301495764535472e+00
1.560955691589664518e+00
1.544213285853671014e+00
1.570674392020728227e+00
1.573237322104104496e+00
1.554162543598563540e+00
1.546938259527747217e+00
1.541390925523350663e+00
1.550467710795130127e+00
1.547989278241740374e+00
1.563858552581813832e+00
1.562353183943789414e+00
1.575128794607904670e+00
1.590842273155657960e+00
1.590886658717477919e+00
1.596186239500657855e+00
1.561980690784129600e+00
1.563050434906260833e+00
1.546493104262874452e+00
1.541543470166480079e+00
1.530563393276264561e+00
1.520823293944383758e+00
1.524564696232107996e+00
1.544240573012197526e+00
1.571282254929743161e+00
1.572786187174997075e+00
1.578602603377744495e+00
1.560176867511808174e+00
1.571804189908927674e+00
1.577925820905229815e+00
1.569715731728563046e+00
1.555709266075698816e+00
1.544047913943731754e+00
1.524056631219974367e+00
1.522876605616641621e+00
1.543440701293981476e+00
1.523725026741705735e+00
1.560398551384288623e+00
1.569596451541179105e+00
1.577848392929871668e+00
1.567576468364916709e+00
1.541695746429646574e+00
1.504618494817256069e+00
1.546119637655505752e+00
1.559018988591682975e+00
1.564198052826834662e+00
1.575729566358511358e+00
1.548850409955293772e+00
1.530673657383471165e+00
1.543701969911863703e+00
1.546369328138030186e+00
1.535702183527554165e+00
1.543412154076685860e+00
1.536028856593047998e+00
1.513040468840264330e+00
1.518233786185320122e+00
1.502101096655797274e+00
1.516303625095921648e+00
1.528538587202963983e+00
1.509147065326783776e+00
1.485583871830441272e+00
1.499046209061413615e+00
1.500046407870238241e+00
1.534136202033236751e+00
1.539627431283769221e+00
1.548091495747551338e+00
