4.641947363367425750e-01
8.172737457504077874e-01
1.062679233033554604e+00
1.290474617628152521e+00
1.459169619863355027e+00
1.585382222192476931e+00
1.680203561058609463e+00
1.711959842981826130e+00
1.733570450530213858e+00
1.693839614058569865e+00
1.668916794739777387e+00
1.659957910539564985e+00
1.641434825546212339e+00
1.658867856092074433e+00
1.661129313266865193e+00
1.650212256080460183e+00
1.649926748643649521e+00
1.636320197499615547e+00
1.618706415561233847e+00
1.604518922108913337e+00
1.643346440763975069e+00
1.684891880644427520e+00
1.681228377548613429e+00
1.667489027022331705e+00
1.684999240725064684e+00
1.654235952791464515e+00
1.624600395227355332e+00
1.629585708943515066e+00
1.648576499348020974e+00
1.664401156377516733e+00
1.657846643744178117e+00
1.654347032928266348e+00
1.646806612441963802e+00
1.629198713811290000e+00
1.639961929958973830e+00
1.627288944694723849e+00
1.641460582363099885e+00
1.678159554666176279e+00
1.700021245311526652e+00
1.665527732288089258e+00
1.648487725561694317e+00
1.633227382273035433e+00
1.662407821393585783e+00
1.655448853668612053e+00
1.632318982263313956e+00
1.615428845059198038e+00
1.640346800627752399e+00
1.686835917352272229e+00
1.672588733650913762e+00
1.649571928047528724e+00
1.616752958847659905e+00
1.597916333567403813e+00
1.609847441170867421e+00
1.599174986712926128e+00
1.609105883878945820e+00
1.608730510828075388e+00
1.612616906932941907e+00
1.626570897624372014e+00
1.667459856650286509e+00
1.709222474013990745e+00
1.697983813260664610e+00
1.665202946623508984e+00
1.632593851673677099e+00
1.644227561732184872e+00
1.651135942317835559e+00
1.624213619609387482e+00
1.624209036074295787e+00
1.598704172987318595e+00
1.609729379189888121e+00
1.610002914088462189e+00
1.592125531370540914e+00
1.602173377087806605e+00
1.635849015410524743e+00
1.639790718091655553e+00
1.655135354344560827e+00
1.656872782115301979e+00
1.632700491019078548e+00
1.638255268008750765e+00
1.627855471340964755e+00
1.617910530139882397e+00
1.600133423863990378e+00
1.591755498423489401e+00
1.585992869175626208e+00
1.577534185451139770e+00
1.574373523364994698e+00
1.591345551470844555e+00
1.597609323762502198e+00
1.581267951846515807e+00
1.564567731867503531e+00
1.551521528508134296e+00
1.572167569752798366e+00
1.597695732958474224e+00
1.619672672167566496e+00
1.629472331400333207e+00
1.629904174033297792e+00
1.588085357625683924e+00
1.595369508036697193e+00
1.604070684076148723e+00
1.600365569106668051e+00
1.616877946891769335e+00
1.614250516632558474e+00
1.584325547462186679e+00
1.570714709439197998e+00
1.570806453014562232e+00
1.560336025605651544e+00
1.547416789179595131e+00
1.553732803884296354e+00
1.531139213123194009e+00
1.526619211634232309e+00
1.555610985352065212e+00
1.586994696158191775e+00
1.579456831097016511e+00
1.589891262087764767e+00
1.599766007376266952e+00
1.589760708629474939e+00
1.580157848920112018e+00
1.555796127516660965e+00
1.541045783448667272e+00
1.569393656288350813e+00
1.594289396499781519e+00
1.601039525678679576e+00
1.607295133629693451e+00
1.590452979961281654e+00
1.558838821584150658e+00
1.548818570313806653e+00
1.540403882514909117e+00
1.536098229910778601e+00
1.555170226162083225e+00
1.564593609660336782e+00
1.559685673417780860e+00
1.591683120376518712e+00
1.601576950021496470e+00
1.582140872721682356e+00
1.565456133031033481e+00
1.592029099899643141e+00
1.579385555203030922e+00
1.582881525036846648e+00
1.591242016713544372e+00
1.575288891044626993e+00
1.576505292468437736e+00
1.599801272290747089e+00
1.599662544262207442e+00
1.588152063094809385e+00
1.605487455516830586e+00
1.616702564068817072e+00
1.624598543634725667e+00
1.589237204066726639e+00
1.580408217327049281e+00
1.568381859893914543e+00
1.583884840649188996e+00
1.567797441604833919e+00
1.555264261740194165e+00
1.543088045657699636e+00
1.544797531106202992e+00
1.537996136707298733e+00
1.538834080215753630e+00
1.535721422725406349e+00
1.522408129700858481e+00
1.563991249388394511e+00
1.571900859204515388e+00
1.580327337616510119e+00
1.551399263967224718e+00
1.532039186969870403e+00
1.515752318647163976e+00
1.561345118077626104e+00
1.557797602271559612e+00
1.544841877897309201e+00
1.526697319540478937e+00
1.528973806856151363e+00
1.568391774010373441e+00
1.601620800032353520e+00
1.582568549972034777e+00
1.563917642392470553e+00
1.567489068991806400e+00
1.561525418244210428e+00
1.553356825669538255e+00
1.539235985319784339e+00
1.513976877380412978e+00
1.505303495384631374e+00
1.500850601507365045e+00
1.529093056995964872e+00
1.517126912324278321e+00
1.506638349965588430e+00
1.503334150599185515e+00
1.505767581767386565e+00
1.517452754114469782e+00
1.531702125283860516e+00
1.552371580899756021e+00
1.573745140283906885e+00
1.550031588754136047e+00
1.559596170827048267e+00
1.541470181844984744e+00
1.537744061825525588e+00
1.559874857383632074e+00
1.546470853891109165e+00
1.538065252713711306e+00
1.543749243918485448e+00
1.551939724952916766e+00
1.563094966343627101e+00
