6.723073008806359496e-01
9.921708976148032599e-01
1.091133631541362004e+00
1.313398381442764107e+00
1.276402584723179912e+00
1.306054506183990105e+00
1.319773273486778864e+00
1.320471562718977809e+00
1.277862852656090231e+00
1.279981030455990432e+00
1.234515187793404856e+00
1.277330526931558019e+00
1.280680980154305315e+00
1.233704622276336149e+00
1.162746677422354269e+00
1.206076772331844849e+00
1.196803893600717261e+00
1.225233341469420534e+00
1.266108296565592983e+00
1.351398977531385270e+00
1.304187415337396017e+00
1.333233367174339712e+00
1.277991278868932046e+00
1.245694617219054834e+00
1.178763402165238672e+00
1.243162862862922990e+00
1.250051920058386612e+00
1.242591155636913580e+00
1.238992581717577757e+00
1.249978263379776244e+00
1.191678967528091215e+00
1.169104737625414447e+00
1.226038796712852985e+00
1.303914440732804048e+00
1.341693699538404783e+00
1.342427417489861163e+00
1.287023125196497642e+00
1.274613537416253495e+00
1.183574667577824924e+00
1.205982712152253944e+00
1.177781375043696288e+00
1.246768893022727642e+00
1.260483472734168497e+00
1.200729670097882673e+00
1.231879080929825010e+00
1.255543512938978257e+00
1.247070352208029975e+00
1.309457830349718188e+00
1.302899225318573384e+00
1.307164433010513438e+00
1.252381257311783180e+00
1.275659250349184148e+00
1.320055069515756019e+00
1.252153438447586087e+00
1.153660816585992954e+00
1.147669659667353237e+00
1.191277179641139883e+00
1.266756913639382587e+00
1.201525007804503442e+00
1.178703541080933004e+00
1.183645059166499758e+00
1.174772817673477077e+00
1.207476605658001967e+00
1.235723453962448870e+00
1.191136575582790735e+00
1.151184695836849015e+00
1.091114837520034575e+00
1.114012609256471054e+00
1.125209332143862095e+00
1.136648213215107894e+00
1.178195385568358677e+00
1.198868432933166694e+00
1.148851403461056409e+00
1.156532836699782241e+00
1.134830419626070785e+00
1.079235247720674140e+00
1.113093580573358388e+00
1.156194742258382036e+00
1.132778193032511815e+00
1.128141201562297580e+00
1.077752642365958691e+00
1.105545929827455698e+00
1.103205186412914651e+00
1.100602668314314192e+00
1.245726288877801791e+00
1.183786872539803303e+00
1.180926518693847793e+00
1.141073660132064571e+00
1.150916059077466969e+00
1.092041106631723713e+00
1.076498698635170781e+00
1.096065104355389286e+00
1.117563052674464430e+00
1.113727895779139221e+00
1.134562598195480332e+00
1.121740927548467770e+00
1.106278321111984653e+00
1.070301562882306046e+00
1.101172947635917554e+00
1.132846689362978276e+00
1.112939069973030159e+00
1.100248167003555544e+00
1.130813959360993604e+00
1.173919913147152050e+00
1.114266437466766124e+00
1.073894696650535607e+00
1.095963179607670313e+00
1.107720547526633625e+00
1.129066279847362742e+00
1.159451920697687211e+00
1.129767548256005005e+00
1.155175127472218399e+00
1.137342981490066851e+00
1.093118519177759262e+00
1.075743218439663584e+00
1.084191566334215873e+00
1.081168140302768865e+00
1.072644291100975034e+00
1.066521045065406348e+00
1.116578057691248960e+00
1.117398131548818396e+00
1.111835996672893900e+00
1.053777183320828037e+00
1.070633908590302497e+00
1.027427058801790194e+00
1.092992127891188936e+00
1.111707509187068954e+00
1.091456821016430823e+00
1.073679563212755816e+00
1.103952607421903709e+00
1.088981375162602072e+00
1.093560379929374937e+00
1.050876835484774618e+00
1.053218852556459417e+00
1.050702036580159371e+00
1.064352115667470455e+00
1.043038673428403840e+00
1.105206463139293938e+00
1.082265960734482002e+00
1.109775815138563937e+00
1.129388467379870198e+00
1.105566165422836589e+00
1.053268696489211509e+00
1.096666918398420565e+00
1.064947638310993483e+00
1.118636765081001183e+00
1.070049315743863305e+00
1.055258167496298194e+00
1.053844277996877521e+00
1.054046135665937411e+00
1.102533091047173563e+00
1.161936754944806527e+00
1.068478176068989649e+00
1.096334321658900546e+00
1.118306930496163920e+00
1.129531575516504516e+00
1.092384363888111665e+00
1.091878318597176545e+00
1.073239636875171543e+00
1.090494248227069196e+00
1.101386835889598181e+00
1.092788702956414504e+00
1.075057575826168232e+00
1.034707454499965040e+00
1.081219067648296450e+00
1.053569246146683902e+00
1.082995213160779402e+00
1.071276112133798364e+00
1.078170435780627878e+00
1.069938411304902859e+00
1.088187248831996357e+00
1.111944312049571781e+00
1.115869309338451743e+00
1.095444993270819012e+00
1.112225371641669458e+00
1.112357135381868201e+00
1.142527707202873000e+00
1.080376086761000609e+00
1.043386033749928998e+00
1.038354519391873065e+00
1.025903613480304788e+00
1.042799960048559793e+00
1.055370729166902333e+00
1.054935625784455322e+00
1.097292662055042278e+00
1.106524909899181619e+00
1.083614252389781152e+00
1.060911381957670097e+00
1.094949503967900473e+00
1.121581551611210648e+00
1.107794748533284634e+00
1.053776993367021353e+00
1.060815928732414593e+00
1.054487040911677109e+00
1.097778418558046809e+00
1.118805197216798719e+00
1.113276378519692633e+00
1.072876163812902073e+00
1.095562596821897383e+00
