6.616437606051042142e-01
9.367586818216734335e-01
1.221917257366525789e+00
1.375129164352309141e+00
1.462594363173016054e+00
1.443799435956137245e+00
1.419117907400839096e+00
1.440276056827995310e+00
1.331092184268144463e+00
1.361688438800107148e+00
1.277428615991685001e+00
1.299632536418307005e+00
1.413800796371489588e+00
1.424750360679722050e+00
1.420029154889911771e+00
1.383212471021495915e+00
1.354464125265469887e+00
1.368519764212746459e+00
1.410675815468547922e+00
1.328069748330082511e+00
1.335436599906323130e+00
1.352948468093523093e+00
1.355846643660097328e+00
1.424506753019881611e+00
1.344468052309861106e+00
1.371387630485959797e+00
1.424007210601772044e+00
1.386591203526112759e+00
1.368901429538889492e+00
1.260933245045055662e+00
1.233698793567649554e+00
1.402162071704578183e+00
1.399249490735696266e+00
1.391767663959434742e+00
1.346488921918655990e+00
1.304531227637066637e+00
1.293750517038938508e+00
1.354557234586856174e+00
1.426831641229535652e+00
1.416580278558239536e+00
1.400993452790808780e+00
1.325984835628503777e+00
1.333897792634556545e+00
1.310328847606059055e+00
1.270473774147229840e+00
1.234711556609789707e+00
1.307808010355247186e+00
1.291915929511634697e+00
1.255297387668211861e+00
1.278569578287706010e+00
1.284354396655068786e+00
1.309270302951488718e+00
1.325052691892813161e+00
1.325344723461720164e+00
1.394458077802559259e+00
1.324461000886220985e+00
1.341143331221641199e+00
1.276514942691153509e+00
1.301716289620793443e+00
1.247684627662609014e+00
1.287523255729074556e+00
1.301992021176902492e+00
1.349841358844224404e+00
1.351792980489744167e+00
1.309905026732067768e+00
1.283043716095322306e+00
1.281445496495318581e+00
1.228124609227416508e+00
1.186953194614381202e+00
1.243551047012555477e+00
1.259044917784836626e+00
1.297528341582878442e+00
1.291312993753975791e+00
1.288625172958307363e+00
1.232054507588680847e+00
1.286531065596123291e+00
1.329289739058625353e+00
1.326701666180804651e+00
1.351907809428718021e+00
1.259542248657198327e+00
1.285405536729717468e+00
1.272402477967518930e+00
1.339275377374774978e+00
1.287354672952054413e+00
1.296009033418465961e+00
1.286139865966607898e+00
1.319505425756265948e+00
1.248389480238548011e+00
1.270303941710786200e+00
1.299696965742344723e+00
1.238542318110126939e+00
1.215373073076254418e+00
1.208169989034701741e+00
1.164163641858797948e+00
1.196386157767599601e+00
1.186887043657191665e+00
1.162221298024080030e+00
1.221566267565220132e+00
1.245377377948094777e+00
1.209532549611702423e+00
1.197102038096854226e+00
1.184496499312150508e+00
1.167521746957647766e+00
1.197139529883980202e+00
1.234566099751975177e+00
1.199396852998052987e+00
1.205281241785398638e+00
1.173903500990935322e+00
1.257335695513180474e+00
1.196728110699206704e+00
1.203026408519615620e+00
1.185812114573454146e+00
1.214971491692988348e+00
1.254815017915160036e+00
1.286877592672817538e+00
1.237091499951650908e+00
1.257288245460783882e+00
1.227934934785857468e+00
1.291545119301733768e+00
1.288893582769448098e+00
1.264674473854079162e+00
1.219325774970571263e+00
1.229226956037531515e+00
1.135894108432551786e+00
1.176209592322402075e+00
1.168102725937546937e+00
1.202144923843646573e+00
1.238400124781201095e+00
1.176472365791787933e+00
1.162845732220820771e+00
1.198339622281312300e+00
1.185853518463932943e+00
1.252756117828737636e+00
1.201322095740434470e+00
1.210895075203930915e+00
1.189914530499368128e+00
1.275479582707481407e+00
1.316213685008673195e+00
1.162890783663614647e+00
1.174314500946271211e+00
1.239864405609444553e+00
1.187361721944856008e+00
1.219895111123235676e+00
1.191123297926435010e+00
1.234388921935823946e+00
1.216634236529111401e+00
1.169131737463218190e+00
1.148487782386673928e+00
1.184321034796736782e+00
1.134485114746261347e+00
1.125507896669948327e+00
1.133307112342766265e+00
1.218857536102066152e+00
1.227042835855245873e+00
1.181827206846216782e+00
1.192752786071666460e+00
1.150723280775064472e+00
1.208864421067348704e+00
1.214861027891283252e+00
1.168561847917031438e+00
1.198375034816073992e+00
1.223980086761086383e+00
1.205830517764597154e+00
1.162754709785738250e+00
1.235113591665243815e+00
1.162540068105493374e+00
1.187910914102093374e+00
1.158323813724303930e+00
1.209869636139774940e+00
1.190882690839181635e+00
1.166035233817370065e+00
1.143575401853157647e+00
1.167003587734735115e+00
1.172012355185428234e+00
1.205083896444735903e+00
1.173802132971052403e+00
1.173537690634377961e+00
1.149899995610818682e+00
1.213998370825151163e+00
1.199256150696942802e+00
1.265058894343904283e+00
1.217022569576327706e+00
1.151778354934406057e+00
1.199435384374843538e+00
1.188281476125099045e+00
1.225895598493046856e+00
1.166381036332397869e+00
1.177049823784412030e+00
1.211479919344072842e+00
1.098756944523825219e+00
1.170347987124801925e+00
1.155529997392524377e+00
1.176516301212390925e+00
1.161585727170851845e+00
1.148194290824054775e+00
1.131619302901348600e+00
1.120201843803014130e+00
1.148402101008279663e+00
1.199924292671921577e+00
