6.464760948999195289e-01
9.093911673506457349e-01
1.098619586307311602e+00
1.247981835738118717e+00
1.340528309514276373e+00
1.338452722212704060e+00
1.344028243464117311e+00
1.313647302739678890e+00
1.314890658937934109e+00
1.336011193877798764e+00
1.297739598555750495e+00
1.244511744142778209e+00
1.271264773055706065e+00
1.315451571405172215e+00
1.329472362503800298e+00
1.380976479698148518e+00
1.304421997982785575e+00
1.217044505973520874e+00
1.229445703370590115e+00
1.211739023528828563e+00
1.294214673270693616e+00
1.285917409035810532e+00
1.353557894280315477e+00
1.293628537865449957e+00
1.270489319467466460e+00
1.282621353507622519e+00
1.192541564468214021e+00
1.211846029464817898e+00
1.236415412792420510e+00
1.213048695253324150e+00
1.289340697474351316e+00
1.243470029055521398e+00
1.199453767807848736e+00
1.236290256310410562e+00
1.299829525582261391e+00
1.298511942005331488e+00
1.232576623609224820e+00
1.246887781521322403e+00
1.318892195984335158e+00
1.319513393123648459e+00
1.311553227207091554e+00
1.364312989094359496e+00
1.259150495483685184e+00
1.182486931762855686e+00
1.172768227558057097e+00
1.213155576981315820e+00
1.209500344346583045e+00
1.185548800759718580e+00
1.212844585429151412e+00
1.211823601421496699e+00
1.260717819214518309e+00
1.176314678212122988e+00
1.237757513041603197e+00
1.176113469354100882e+00
1.145936132262272311e+00
1.157582233736713206e+00
1.185705418720397031e+00
1.194901352988946508e+00
1.254194153817832502e+00
1.238055959916332549e+00
1.200278014675717264e+00
1.193728870445665002e+00
1.200659371732925917e+00
1.263030732884028673e+00
1.290867641767048157e+00
1.192123963705416845e+00
1.194911402665504330e+00
1.189118784686741703e+00
1.211137326098696176e+00
1.161219488669782196e+00
1.168940616782635944e+00
1.181288543382515099e+00
1.186194176132909561e+00
1.317979166696056748e+00
1.366533665579788392e+00
1.256744806562402950e+00
1.210763697328106847e+00
1.174102460174927476e+00
1.252023384067519229e+00
1.229131332715947877e+00
1.213011654783886284e+00
1.165899386809387428e+00
1.203441639249050121e+00
1.216309257625765916e+00
1.203711028512806536e+00
1.184542936970571114e+00
1.197179035778751954e+00
1.183076670177221512e+00
1.219110308172615564e+00
1.159145870017665114e+00
1.171158407197932627e+00
1.144968880924402743e+00
1.182243290223441212e+00
1.155258884973843436e+00
1.192169651525166740e+00
1.111175969102335070e+00
1.164436490288016879e+00
1.215034625897270182e+00
1.197879552059006869e+00
1.116577638628680758e+00
1.110943356152207295e+00
1.177378751165168547e+00
1.167719652047138457e+00
1.171429406266435658e+00
1.143355517007500266e+00
1.077568197920464099e+00
1.090702853284651441e+00
1.110318654083655598e+00
1.100208001752432052e+00
1.119812161008936435e+00
1.126980472561765145e+00
1.149438155636330450e+00
1.210665745287171413e+00
1.197654028070365362e+00
1.209332429832592481e+00
1.167373373191937791e+00
1.169412238127814030e+00
1.155209717304507722e+00
1.132038652314886651e+00
1.160094683850404484e+00
1.186500053691286416e+00
1.181002147025706828e+00
1.127476435151328893e+00
1.154593420192925324e+00
1.110193042283057485e+00
1.154466058300753994e+00
1.105255406088732961e+00
1.146078832784611867e+00
1.146428672503203128e+00
1.139690734031743258e+00
1.118517763112101937e+00
1.076635425601134122e+00
1.087587156998836457e+00
1.092693233284096177e+00
1.116871357878345572e+00
1.089118147798956437e+00
1.173284312238559224e+00
1.206352423625296488e+00
1.159120471344429637e+00
1.092142024496895791e+00
1.096552398336800849e+00
1.060669180003952272e+00
1.059420798148977827e+00
1.070395590786925588e+00
1.090404805465499338e+00
1.086934869193159292e+00
1.075689429862721314e+00
1.146753574271902609e+00
1.100366887734055110e+00
1.122388037991017828e+00
1.106098655006641840e+00
1.134062407849999454e+00
1.130605836733733938e+00
1.026432313810935915e+00
1.099754059925567962e+00
1.123250386694575331e+00
1.157724291964177699e+00
1.128824307446131270e+00
1.074274359273670321e+00
1.078628100758852737e+00
1.019148354145153146e+00
1.064519352658898299e+00
1.119821308813211846e+00
1.110485533850986695e+00
1.099317910312654245e+00
1.047584406456978590e+00
1.123296225232011558e+00
1.096583530642789572e+00
1.108814469529715740e+00
1.073389533991102596e+00
1.110219276411926081e+00
1.070135146928711034e+00
1.108518473665661253e+00
1.066697772177400250e+00
1.118531886995320024e+00
1.126262630245679963e+00
1.059663056895946198e+00
1.079108548109819488e+00
1.132629846758512748e+00
1.111663818729438091e+00
1.108558628564734860e+00
1.107911703415707105e+00
1.101772544379129970e+00
1.059669855708344377e+00
1.084104612949364999e+00
1.025533653504294707e+00
1.068455093716687898e+00
1.092722118175283530e+00
1.145094546377978917e+00
1.126990121518609556e+00
1.080860696951551958e+00
1.076990190827294303e+00
1.092988419621193641e+00
1.102696148945052412e+00
1.090892063840281478e+00
1.078632016850902708e+00
1.077316349560977660e+00
1.065101495420290867e+00
1.110400014864315610e+00
