6.023549394741498642e-01
8.499401236473465016e-01
1.099741657021918506e+00
1.338157493397621911e+00
1.345482968180754524e+00
1.329803491521901471e+00
1.307843181097844365e+00
1.275052373137449679e+00
1.251674093157647549e+00
1.240552752218399890e+00
1.325126724765546937e+00
1.337038346740038852e+00
1.369977372694838325e+00
1.375991645280647768e+00
1.381581432347145588e+00
1.323177616619094943e+00
1.371174300816306646e+00
1.304465051967827804e+00
1.241196652847027293e+00
1.250900661429722005e+00
1.283609492817396891e+00
1.298464179783251460e+00
1.309829581062794235e+00
1.242700273629770313e+00
1.279699899108149186e+00
1.296099938746619662e+00
1.312010570674543519e+00
1.333707726566860208e+00
1.300678072433474108e+00
1.254858425717091386e+00
1.307318597975126284e+00
1.307802694428729318e+00
1.339695537600549935e+00
1.307460686105150316e+00
1.350716613405427591e+00
1.368087610762615869e+00
1.373133956821969370e+00
1.292260774630303199e+00
1.259616296624455734e+00
1.253609541466102595e+00
1.232510180720647996e+00
1.272896039407138025e+00
1.255913449808399918e+00
1.242607901866901177e+00
1.238902772690688270e+00
1.236966011925735298e+00
1.298360821714647617e+00
1.328674605392907271e+00
1.293971949955270206e+00
1.218380469967991875e+00
1.214718061817033012e+00
1.205361548591368237e+00
1.275560748219561669e+00
1.289721293622065001e+00
1.291291303803245194e+00
1.289928431982540591e+00
1.287630999180955138e+00
1.266701185538287033e+00
1.249039167996727873e+00
1.233185407034107728e+00
1.238582953795239971e+00
1.280576142834452869e+00
1.301453488966631822e+00
1.314662024086258985e+00
1.301318695532232228e+00
1.253247852476668811e+00
1.284509715674952091e+00
1.182842617092363602e+00
1.217131536071328179e+00
1.244768507691129678e+00
1.264839465090675796e+00
1.280814262571153828e+00
1.334215360600230715e+00
1.269544856448258541e+00
1.226052236010620744e+00
1.208009232322335480e+00
1.207677023950258555e+00
1.233879914929065347e+00
1.201331581736568843e+00
1.216583109182681088e+00
1.237260484507190395e+00
1.200051897688800828e+00
1.208798331118057456e+00
1.243509331732351564e+00
1.270782202953516959e+00
1.243935804814023216e+00
1.216330146676119828e+00
1.172885556325665268e+00
1.136805169588865461e+00
1.098823597745372860e+00
1.202911832141630555e+00
1.208392209326837330e+00
1.193986604476073632e+00
1.234256435909209415e+00
1.267118925319788314e+00
1.214098186150877945e+00
1.250374318247665428e+00
1.271656650143325518e+00
1.266282228848263802e+00
1.196827561184540922e+00
1.147762829076551361e+00
1.171359637555008604e+00
1.161295305573810666e+00
1.143798768812272826e+00
1.164312660382097686e+00
1.222408906786137894e+00
1.157533324935998476e+00
1.162074553520062281e+00
1.180403992587788053e+00
1.097197223389686283e+00
1.103925723278791127e+00
1.146699054285969188e+00
1.173615049184221881e+00
1.187910854146098094e+00
1.194207592153930797e+00
1.206485811431036836e+00
1.186761000286680856e+00
1.184601247923842582e+00
1.217637234938022894e+00
1.221685854456198594e+00
1.199072625890593491e+00
1.184399657530691208e+00
1.222881339953695967e+00
1.219132246447297563e+00
1.221128085442163780e+00
1.204910305109510027e+00
1.206502148874529112e+00
1.195209175322469397e+00
1.241281490746653393e+00
1.198235684425940306e+00
1.155082821380272406e+00
1.142589077328223901e+00
1.156453337597327158e+00
1.131775206671794543e+00
1.139722968762379329e+00
1.135540752685327615e+00
1.183712452423308470e+00
1.165437466531625166e+00
1.216981428661954023e+00
1.121557730730453839e+00
1.112091506495080928e+00
1.135078312426660130e+00
1.171966715882398313e+00
1.149047404671488248e+00
1.187643881054933237e+00
1.101558304278091649e+00
1.128032694204503805e+00
1.154670846212097368e+00
1.168597445362890008e+00
1.195277945461008740e+00
1.164830226731763174e+00
1.165463016382298544e+00
1.204042055159433522e+00
1.172370714508503609e+00
1.141931500372375563e+00
1.121542115793771943e+00
1.139845074066850428e+00
1.147414130657910869e+00
1.184401488789202483e+00
1.162523186742691728e+00
1.178406219088236728e+00
1.175043027266277296e+00
1.123596072244521071e+00
1.079201906810321354e+00
1.094740779480440240e+00
1.115537100469009113e+00
1.123214944658005754e+00
1.083411355467734705e+00
1.142010518801702457e+00
1.190344576822495837e+00
1.190524114601507311e+00
1.129147294795685985e+00
1.124468908446277338e+00
1.079561965840493576e+00
1.068705276912591096e+00
1.069225001909848372e+00
1.096746528307889212e+00
1.099035104703570243e+00
1.091569955051153284e+00
1.109052015338710007e+00
1.159293747194718893e+00
1.149051458638623791e+00
1.121884335895908968e+00
1.161888035187341739e+00
1.153034102179736564e+00
1.125459656042498313e+00
1.110295837802410368e+00
1.137288493702522274e+00
1.153499599401543119e+00
1.126220885651308734e+00
1.194337903196117878e+00
1.165102383996347024e+00
1.202521358755527681e+00
1.212863379712232126e+00
1.152056259542223238e+00
1.092069243250867183e+00
1.045764414032465783e+00
1.041393222038997646e+00
1.083157982190622537e+00
