5.840653326094655817e-01
7.908983636657860306e-01
9.529266596180276938e-01
1.113475109244192573e+00
1.220094428953476973e+00
1.223690264773919179e+00
1.251086200270836502e+00
1.231347368927869779e+00
1.250096213504738207e+00
1.153717737548694000e+00
1.130888535318055554e+00
1.144670425075168918e+00
1.139660109489240236e+00
1.162720818805840439e+00
1.143560579890814832e+00
1.198436182190782961e+00
1.208482415509133379e+00
1.225396064538958329e+00
1.211202764073527671e+00
1.193654427911456262e+00
1.168248961060817326e+00
1.139512962050619249e+00
1.184820727589950273e+00
1.136188768963765972e+00
1.134337184081176231e+00
1.089537087316400310e+00
1.204302465472122163e+00
1.199471620474999112e+00
1.217968401913080756e+00
1.173287886969879956e+00
1.162763046442849335e+00
1.156310125821543799e+00
1.162290305458211881e+00
1.189571101736170533e+00
1.253583916244552121e+00
1.214667450984145969e+00
1.160426005355234658e+00
1.124798845589553009e+00
1.109623131930777440e+00
1.116820249332565851e+00
1.187902762736909201e+00
1.197796266118032360e+00
1.215168150157184712e+00
1.152451558801099729e+00
1.151368133869984822e+00
1.120808336423142704e+00
1.230761976852119632e+00
1.209031233779269687e+00
1.189811459955873785e+00
1.132018004333939398e+00
1.116910418172493369e+00
1.126808779780483993e+00
1.182358223082770943e+00
1.155048426767516512e+00
1.135724175242721179e+00
1.128805443702619593e+00
1.134822812856084440e+00
1.121670358067202056e+00
1.110046672032183546e+00
1.102062462057949555e+00
1.096144455825247110e+00
1.076353799788902110e+00
1.042545727562064206e+00
1.050769101850547615e+00
1.090213073012340050e+00
1.073587381930823259e+00
1.113533741288360801e+00
1.103674620516621685e+00
1.116295426916841915e+00
1.096544296030703247e+00
1.090214401621027340e+00
1.093065995921681299e+00
1.093757541695541624e+00
1.125583274833259928e+00
1.093787385225150288e+00
1.121561264339732578e+00
1.102338326864110707e+00
1.073556028696213582e+00
1.077171225401145849e+00
1.052354481850891865e+00
1.091099062253791718e+00
1.077968372637513550e+00
1.083280087994966445e+00
1.075892717273799315e+00
1.080808847889500379e+00
1.012381812642419332e+00
1.136690498214296019e+00
1.111068834304345554e+00
1.113313466906273641e+00
1.087110066398319530e+00
1.091335523028339471e+00
1.086480403925635274e+00
1.024851232006997570e+00
1.063757149807492697e+00
1.093447531690838082e+00
1.139923180592495644e+00
1.107176788851232274e+00
1.045292677835061523e+00
1.035669438140205401e+00
1.010224305857985616e+00
1.042128294991974569e+00
1.033871493043490242e+00
1.071242386397068591e+00
1.036105212701748268e+00
1.066851437148002901e+00
1.066662619262788603e+00
1.126279495470485115e+00
1.092125841092849603e+00
1.114809524478484803e+00
1.022670203795000621e+00
1.010259611359700660e+00
1.053221812292242543e+00
1.052248397945840797e+00
1.094539458976216961e+00
1.103032328915621196e+00
1.125176771553330957e+00
1.155162927130849893e+00
1.071692509582883091e+00
1.051966605951234257e+00
1.019434710985700043e+00
1.060821104871075171e+00
1.011077533835001097e+00
9.865814224337775551e-01
1.013385597217324241e+00
1.083022573670902933e+00
1.098136818268632187e+00
1.062450586516333617e+00
1.028181377168552846e+00
1.094655395554442023e+00
1.070049538661726807e+00
1.089344709326550920e+00
1.006728292616232867e+00
1.026994854609819763e+00
1.085343644633302906e+00
1.114776636470165894e+00
1.056329249002910364e+00
1.062727496543204087e+00
1.066737444583130578e+00
1.117933554990642397e+00
1.020321738115294918e+00
1.018512896123647593e+00
1.039231758969971331e+00
1.017046585322775920e+00
1.015429937190812870e+00
1.041506986450966732e+00
1.062709820589509135e+00
1.006569307983058881e+00
1.038810436604491461e+00
1.035747058884799454e+00
1.059423689133822455e+00
1.080698884898779077e+00
1.047213605839347528e+00
1.089666398302805428e+00
1.068405299788992568e+00
1.017132748816149013e+00
9.814891120383814060e-01
1.011917911676632809e+00
9.880950796971271766e-01
1.003753184176825908e+00
1.066048468156421292e+00
1.049287106156698401e+00
1.079969203007852707e+00
1.059393764941925609e+00
1.035175082266822422e+00
1.031814944604564799e+00
1.046266740496466729e+00
1.043644171445363700e+00
1.000873894551451260e+00
1.009686088576008167e+00
1.030326268790918043e+00
1.014574380299654299e+00
9.831468466902543168e-01
9.811894213073478754e-01
9.614321334659919893e-01
9.906810516828862268e-01
9.635852252436307719e-01
1.010983570025392408e+00
1.013327688892022183e+00
9.798671739194615427e-01
9.936588788396722993e-01
9.969610967034476801e-01
1.020289199242854217e+00
1.000447906172160284e+00
1.046604100345515320e+00
1.000969854708131379e+00
1.013977931972551261e+00
9.945421814093670099e-01
1.002850688752182196e+00
1.032775892652202376e+00
9.844608080084094048e-01
1.000572309444338170e+00
1.002957471480844909e+00
9.795921793693408430e-01
1.000481409618405815e+00
1.042549016975339748e+00
1.027107327067969811e+00
1.029452794203934873e+00
1.084440424680793713e+00
1.088807634733119478e+00
