6.357179308022079534e-01
9.033438269222657802e-01
1.101669814550901627e+00
1.303706573307403804e+00
1.277383529188393929e+00
1.207521114179568089e+00
1.212141556136506759e+00
1.212047504067045978e+00
1.226718450526729898e+00
1.210622448176922550e+00
1.219155125006575746e+00
1.281341118930402034e+00
1.268870450933466287e+00
1.238091239998269755e+00
1.225701020294897470e+00
1.215821252159143828e+00
1.196393351556783946e+00
1.207788567299813876e+00
1.186853057536143119e+00
1.146524963047180989e+00
1.229373364851788830e+00
1.204607434818933953e+00
1.255881931876359880e+00
1.285941564702388185e+00
1.233048250533365975e+00
1.185251289967619748e+00
1.197105410125297587e+00
1.216040273283379936e+00
1.286290296058426597e+00
1.218080755846896901e+00
1.209413204719948398e+00
1.180145905757644220e+00
1.188842383933223612e+00
1.173418654799837757e+00
1.187125982624738230e+00
1.149701681339490911e+00
1.192160724649528492e+00
1.199212065609806199e+00
1.186378518521641112e+00
1.141907533800676555e+00
1.162357063505168986e+00
1.128485215429781752e+00
1.153505351750009345e+00
1.059242130207070254e+00
1.123128782771620537e+00
1.160102051599581685e+00
1.159116396516874259e+00
1.175701108793117511e+00
1.218558542715873161e+00
1.239388451062971575e+00
1.181147469135351624e+00
1.142138325993577119e+00
1.135848183238823861e+00
1.134610279237206365e+00
1.169215508464326758e+00
1.157536566784210574e+00
1.163347233596016217e+00
1.214803614493856987e+00
1.214015933050739626e+00
1.139296912080348445e+00
1.140208736208881080e+00
1.213496185958116147e+00
1.207026025754102783e+00
1.137475041351894367e+00
1.127117804517200561e+00
1.167646256253230153e+00
1.188576068430154065e+00
1.203283914606511962e+00
1.289353585815619541e+00
1.190248468451186259e+00
1.150371865764635793e+00
1.156960810072523493e+00
1.182138875946813883e+00
1.180372168852600767e+00
1.169429933003419242e+00
1.164497666060948067e+00
1.158233888155401514e+00
1.113433851907566607e+00
1.161203609601169751e+00
1.166317503024388191e+00
1.177182952091490709e+00
1.134398081689560689e+00
1.151885033521543811e+00
1.157661136944643232e+00
1.223114798607622289e+00
1.176416260532562541e+00
1.102791979096089170e+00
1.125843957664328654e+00
1.129194363079388364e+00
1.066845946691539204e+00
1.150034832828634057e+00
1.167833863281159790e+00
1.162741493470980991e+00
1.102794158734526908e+00
1.141362493947596590e+00
1.076348587720720174e+00
1.088773163157769064e+00
1.053377382305817678e+00
1.115350851851030445e+00
1.114403232116689901e+00
1.191209767029898670e+00
1.199204435499204857e+00
1.163575767275600192e+00
1.119218367469344111e+00
1.201352288243483502e+00
1.187490386732652725e+00
1.172118202087927719e+00
1.146171569858306816e+00
1.187981263718103309e+00
1.156004701702041393e+00
1.150734464544343361e+00
1.160864376864259917e+00
1.209034408231682400e+00
1.204147526375966448e+00
1.191931948559895149e+00
1.094430871156790053e+00
1.109950791729963582e+00
1.155084499736289683e+00
1.126481200246167269e+00
1.090888926417197258e+00
1.063004833714852992e+00
1.088980719935999986e+00
1.181688949605710359e+00
1.194535446504115583e+00
1.206616429096464937e+00
1.150164688202955476e+00
1.195936477592753011e+00
1.140385050173268855e+00
1.109775946898382770e+00
1.028132164696084372e+00
1.110641088812665878e+00
1.129092360327758282e+00
1.172999891859366484e+00
1.222318126437973440e+00
1.147727471429728530e+00
1.077141514453636040e+00
1.119522289921440761e+00
1.140451798819754226e+00
1.094569746977604341e+00
1.075836635891630477e+00
1.124204063024874412e+00
1.135999993013799392e+00
1.142544532405760593e+00
1.118547015748199591e+00
1.134092184402878400e+00
1.098450890862815221e+00
1.135356666942196613e+00
1.136476457711677712e+00
1.109914761951677153e+00
1.055722181603570897e+00
1.085594585690230485e+00
1.078230063206895073e+00
1.024365971052642932e+00
9.893509634242195760e-01
1.052415856115294313e+00
1.096871771035970111e+00
1.170972701104089353e+00
1.157181131045284639e+00
1.096581570380808834e+00
1.053879313606831181e+00
1.106490798591458269e+00
1.091064708103040681e+00
1.091402148727233845e+00
1.078226412894971231e+00
1.014631695733998695e+00
1.056531703732104699e+00
1.052047572718137980e+00
1.057569506675498205e+00
1.088899605807755133e+00
1.083454883153251114e+00
1.123123915941866668e+00
1.115544453374683442e+00
1.076246534308397562e+00
1.109147126384901094e+00
1.117608373913180131e+00
1.036130260424756644e+00
1.075585530485678953e+00
1.081564385767162184e+00
1.028965303566333533e+00
1.024061968289532221e+00
1.009304804993193860e+00
1.009639707923220220e+00
1.061167808285634839e+00
1.067130435143106348e+00
1.076689783110664766e+00
1.119872242316272137e+00
1.093593086571660544e+00
1.101454305444372617e+00
1.112369974221917746e+00
1.170241299047105610e+00
1.073962850322706997e+00
1.039043402691283369e+00
1.081280604877179030e+00
1.019943258835329880e+00
1.001621891873621051e+00
1.044374017189024784e+00
1.045519274197589166e+00
1.003606574972397913e+00
1.004007023387959441e+00
