5.432111159562822422e-01
8.607198724231760467e-01
9.923306851814953644e-01
1.129811962766034350e+00
1.223765927137748344e+00
1.255203276985724203e+00
1.218165348597427311e+00
1.176265205634171362e+00
1.193846336124113394e+00
1.194326845952643490e+00
1.219686884121633508e+00
1.181424691410894345e+00
1.181433271240323046e+00
1.167450948368214947e+00
1.206944704312334471e+00
1.194946656508054428e+00
1.184108607874152064e+00
1.223240738334948619e+00
1.260977735633527663e+00
1.201697027590075573e+00
1.192934192046548825e+00
1.241324210638985015e+00
1.198991567120611501e+00
1.183239844838504862e+00
1.127043023290154045e+00
1.204296783489460676e+00
1.183780045980444617e+00
1.175400880491110689e+00
1.194674791681164194e+00
1.158702812877284272e+00
1.089158443595804160e+00
1.090606790667311143e+00
1.161117296011428213e+00
1.183449289337664689e+00
1.177162405020662828e+00
1.079603002459991190e+00
1.166545553099805010e+00
1.220762324296494672e+00
1.249691049432860135e+00
1.223322495739092242e+00
1.178587498706415770e+00
1.164982811088264736e+00
1.181801862498233158e+00
1.121052337681913702e+00
1.146604228313624851e+00
1.128069701502559363e+00
1.223160569323596514e+00
1.210856969293456098e+00
1.197490874843307740e+00
1.183350126983621742e+00
1.122087220704309107e+00
1.126965078449439162e+00
1.185156783624732757e+00
1.179505495580955854e+00
1.170370743641839351e+00
1.066888470604385519e+00
1.090788363727301924e+00
1.169510656022964890e+00
1.186991091411525812e+00
1.140138312149991950e+00
1.128876265435897919e+00
1.103800146123098180e+00
1.123127578869408616e+00
1.085912592087459272e+00
1.136529817345611981e+00
1.039487319114537955e+00
1.074815567346581568e+00
1.078493782044007032e+00
1.097847628809605514e+00
1.035554088023334929e+00
1.011758472371119488e+00
1.078245026276557272e+00
1.091078355978683190e+00
1.044714317349665356e+00
1.087393716668255461e+00
1.067030865250708116e+00
1.121210117705172760e+00
1.092108487793691518e+00
1.169467459880704885e+00
1.121018198171266578e+00
1.108626000843638604e+00
1.064215116314797482e+00
1.057669948957403072e+00
1.042624664914722610e+00
1.111009595724799182e+00
1.072491204617975535e+00
1.076440214222365910e+00
1.058005004695361295e+00
1.122502844265698352e+00
1.064766958715782197e+00
1.063643755410088154e+00
1.017305651421057666e+00
1.071889942388981387e+00
1.077008469183556638e+00
1.045658170682475463e+00
9.843683944863641511e-01
1.080185792086746144e+00
1.074957626151433754e+00
1.053469452727198608e+00
9.746085051268574828e-01
1.001469166118964527e+00
1.050431414336672642e+00
1.131784149085553359e+00
1.114623239078891048e+00
1.078218585407025421e+00
1.044885828644354753e+00
1.081644182235751428e+00
1.076330014375869393e+00
1.115923785630994036e+00
1.114764830151853792e+00
1.073798953557650870e+00
9.894259583519005030e-01
1.029417313301251413e+00
1.001565184685640597e+00
1.051997391142753591e+00
1.033403858985498358e+00
1.062984198273498881e+00
1.004458667267203786e+00
1.037673478573007513e+00
1.096009376083222797e+00
1.103962329941906351e+00
1.052898774013468763e+00
1.016674415572540680e+00
1.039534480646494119e+00
1.065615580805524987e+00
1.042387709766253501e+00
1.027918321774422106e+00
1.020252050874788319e+00
1.035079149112773989e+00
1.036161522654618583e+00
1.023172248805462869e+00
1.044967243985435168e+00
1.066771527242588835e+00
1.068971014074541870e+00
1.043168989371634714e+00
1.016320084766509479e+00
9.966577351498876469e-01
1.035747854923170896e+00
1.044804804477902360e+00
1.066337408496887962e+00
1.047448792782887939e+00
1.028524125507198628e+00
9.999853155869941057e-01
1.045615950251833626e+00
1.071299992227449094e+00
1.052166213166223718e+00
9.992485851363244187e-01
1.007096768663912734e+00
1.085016770077940507e+00
1.066413134975509047e+00
1.005734292163904753e+00
1.011858469079143008e+00
1.050693812381190195e+00
1.079856912200698460e+00
9.902473128960498361e-01
9.875229884516012469e-01
9.863298893990164462e-01
1.002651870710487003e+00
1.003810634937272406e+00
9.848996901354406530e-01
9.968067925209758151e-01
9.872215569536267887e-01
9.986510728993371888e-01
1.041514353845244267e+00
1.056272502277217917e+00
1.094729236216833934e+00
1.052549205172885971e+00
1.060385067250688262e+00
1.050362515649379658e+00
1.058706249814425959e+00
1.035594422845947493e+00
9.881609958023611640e-01
9.898833858204602043e-01
9.807300534956905347e-01
1.008331714196647022e+00
1.033390207855596543e+00
1.012062203010419159e+00
9.867463070815550852e-01
9.853880953697360390e-01
1.027411446297596953e+00
1.013372481355875765e+00
9.935782553265235517e-01
9.890217030611887505e-01
1.000548648640555482e+00
9.761864385235302644e-01
9.716230451966105797e-01
1.004420931112179893e+00
1.024721433911147672e+00
1.015264047668061220e+00
1.016364983692637391e+00
1.036872846540830118e+00
1.041698005072066113e+00
1.007891907506803575e+00
9.425104737086736906e-01
9.674922625983560787e-01
9.411599527161055301e-01
9.832481120592778678e-01
9.520836495266733479e-01
9.880083762177731543e-01
