7.355643504796798293e-01
9.804864963102899456e-01
1.062180485744632641e+00
1.235534240676598561e+00
1.313204773203834996e+00
1.362187113152702578e+00
1.285968382862653803e+00
1.360737843114827372e+00
1.323196866180518017e+00
1.386182540948987407e+00
1.315658005825754540e+00
1.246083788925099967e+00
1.246447821071251294e+00
1.232146589624915300e+00
1.207627313229745258e+00
1.204079233265590521e+00
1.274577114042257708e+00
1.331363091177264923e+00
1.329422498407868636e+00
1.245924053189235492e+00
1.211720858802020739e+00
1.277338412166905801e+00
1.247174446721333485e+00
1.239504962840376701e+00
1.277374819870176648e+00
1.305471879285233339e+00
1.211002550416533596e+00
1.240312816676774288e+00
1.247112430845525699e+00
1.353692649266376336e+00
1.360147322847108597e+00
1.335942472419775262e+00
1.279973466924390513e+00
1.298337906397000419e+00
1.311766479185801471e+00
1.222057869177042955e+00
1.180416772539293113e+00
1.225070400847604324e+00
1.276921984991025383e+00
1.202106571392746570e+00
1.196334068160955999e+00
1.234404286976775289e+00
1.210174135373859094e+00
1.211221475511535584e+00
1.174590137175429927e+00
1.261150322178912431e+00
1.277015192440605240e+00
1.310682470593941717e+00
1.260547550090986624e+00
1.273788287673264463e+00
1.194559073969948093e+00
1.230282971858875918e+00
1.186059135105581364e+00
1.219206733306690493e+00
1.260790338280505463e+00
1.236878639016360415e+00
1.228754715144594112e+00
1.233926369977350390e+00
1.216114243150888896e+00
1.190895755279446799e+00
1.186819233614311742e+00
1.213387763441455158e+00
1.255992189210832333e+00
1.224920408216272572e+00
1.220996605390975764e+00
1.181839577810194886e+00
1.203436262281462499e+00
1.175595519426414937e+00
1.263369768694732054e+00
1.235337905882585297e+00
1.227818185936483841e+00
1.196598634852505283e+00
1.163976090016613174e+00
1.187384283990808642e+00
1.200783955279241866e+00
1.138800392698553043e+00
1.119944268168254320e+00
1.165149608250084068e+00
1.195892895025655989e+00
1.175924137998855423e+00
1.193206409136309931e+00
1.187275385658474569e+00
1.197032378614435899e+00
1.186909063482052495e+00
1.118719082501945961e+00
1.160138485579447210e+00
1.130076090731516381e+00
1.098714826432624747e+00
1.128783923618513318e+00
1.156158994408104768e+00
1.162652197782271246e+00
1.151411804416648588e+00
1.086080923356498085e+00
1.065262572723620016e+00
1.142203828556874523e+00
1.142983266169847800e+00
1.174060974794259415e+00
1.213755718155977270e+00
1.242716462775073749e+00
1.120688100565611744e+00
1.100669388560973516e+00
1.169976741204149739e+00
1.183094440119523583e+00
1.214361193772702574e+00
1.224090659337369269e+00
1.192811075355291850e+00
1.236607604442037989e+00
1.221192929535193761e+00
1.223755348783884367e+00
1.210176421823276893e+00
1.170556008498259359e+00
1.180491264974002918e+00
1.162436584482720248e+00
1.098546962332017651e+00
1.147899786139841005e+00
1.086026042698438498e+00
1.147097668944213611e+00
1.185449368634222678e+00
1.148602270178704421e+00
1.105139714827598763e+00
1.152286952985178248e+00
1.177432575111609703e+00
1.231839513581627354e+00
1.202821336865297130e+00
1.169724759215550192e+00
1.159799952282422497e+00
1.173501284606511819e+00
1.120268915674269339e+00
1.155676125569144341e+00
1.085384291407926804e+00
1.143813431373716050e+00
1.140320874429002762e+00
1.103052720491060512e+00
1.134596561172892981e+00
1.118741017149299966e+00
1.098454546246106389e+00
1.104677058566175152e+00
1.090144618209627270e+00
1.116294520754457897e+00
1.101781630965231518e+00
1.109080431826364066e+00
1.038420530822019350e+00
1.098393603086582626e+00
1.073599399510789087e+00
1.107558360535138897e+00
1.134360405980321840e+00
1.146018507246618912e+00
1.137654361762375332e+00
1.083631053282787304e+00
1.090938318246640337e+00
1.113413913374345698e+00
1.073935094117454137e+00
1.099076973548818614e+00
1.095184471359945233e+00
1.111535717305455417e+00
1.077673472503761332e+00
1.101275330717784273e+00
1.091081932805895827e+00
1.119211934420321963e+00
1.097468955640570787e+00
1.094884013177523263e+00
1.060169227429374583e+00
1.035649671530137761e+00
1.101187116283278478e+00
1.111236611559378806e+00
1.067285738055431255e+00
1.084294277296652176e+00
1.106334234077464895e+00
1.113891191154916527e+00
1.114351298589225214e+00
1.189991114027903585e+00
1.154542353716463188e+00
1.100155399574783921e+00
1.061631790150570742e+00
1.113692454167057422e+00
1.056237941111370704e+00
1.101148676019388928e+00
1.055218786542981180e+00
1.028123661837972547e+00
1.064164447160238280e+00
1.144648032958434314e+00
1.064734852573041790e+00
1.037109537515590540e+00
1.025841020238027035e+00
1.043468546395484475e+00
1.114159880795113855e+00
1.087145561764508717e+00
1.085935750063018457e+00
1.082026468605383540e+00
1.072116178273183396e+00
1.117471816123710049e+00
1.073732609032352681e+00
1.065745937433080215e+00
1.040764723378921675e+00
1.069709407178819127e+00
1.116272330092119347e+00
1.126527507187331079e+00
1.073769373833611818e+00
1.074671309654521734e+00
