6.527237791196273120e-01
9.229716372286022041e-01
1.087927427513990297e+00
1.241817914171502446e+00
1.289589697837665971e+00
1.283717248841095504e+00
1.327650146057893776e+00
1.309195116322897867e+00
1.288311205337929977e+00
1.295881360226352363e+00
1.287759125023295592e+00
1.278133786031633523e+00
1.248139797538689866e+00
1.254678982199838089e+00
1.252380932987388285e+00
1.225489493591023882e+00
1.246892769294702941e+00
1.323148506745780661e+00
1.309189847030728604e+00
1.266026518761814490e+00
1.342776859715620885e+00
1.336856753301960188e+00
1.305331043690548309e+00
1.279349970443822038e+00
1.288626545193163553e+00
1.257035598950065225e+00
1.247163927688321738e+00
1.243380245055930589e+00
1.196964223603939947e+00
1.216407616403216707e+00
1.293985996042560371e+00
1.331018329276481005e+00
1.251493066025219258e+00
1.293152439393818520e+00
1.353794968981454572e+00
1.330788360263586156e+00
1.244880348277713322e+00
1.270312212261349050e+00
1.289598236111767049e+00
1.284851962894468791e+00
1.240806398698866886e+00
1.262724736018417060e+00
1.266201888790193575e+00
1.230967211515185289e+00
1.225788903990338241e+00
1.207537910511341295e+00
1.225613001680538439e+00
1.240845835430828270e+00
1.222898098761733054e+00
1.239503370598834753e+00
1.263952707228986228e+00
1.301855354794150710e+00
1.355681663673141912e+00
1.309565400246076594e+00
1.304033221678618348e+00
1.282035902818989603e+00
1.260431543131284693e+00
1.271206006605289707e+00
1.255286952319109250e+00
1.247250607138904677e+00
1.265859322849170798e+00
1.199961786291000365e+00
1.219220629883920548e+00
1.273763192836087521e+00
1.272874958453312555e+00
1.205951383757157824e+00
1.146251069519262256e+00
1.144374642483079407e+00
1.213319583267667312e+00
1.197070514139031427e+00
1.180414913237467278e+00
1.157071491373103056e+00
1.158528464427676985e+00
1.197508195594148672e+00
1.130636955843710156e+00
1.183793847913718666e+00
1.204276500625247603e+00
1.216414604475526851e+00
1.180293083940765264e+00
1.199873774386007730e+00
1.200579110453524834e+00
1.195065209229727143e+00
1.193278842663138217e+00
1.224808432350194209e+00
1.249778725661917056e+00
1.189263657225712700e+00
1.143736071977126123e+00
1.145142474652951714e+00
1.222467665758165456e+00
1.225504468885742382e+00
1.190738230402163644e+00
1.190574858859152485e+00
1.164099931155532008e+00
1.182345933607618305e+00
1.237926530444154460e+00
1.253158489753554594e+00
1.221992791512015009e+00
1.133624502630044439e+00
1.160330091885731774e+00
1.163675309477790076e+00
1.166186357301920884e+00
1.166652540388719572e+00
1.190949263007904824e+00
1.249537840182558757e+00
1.199465102876656086e+00
1.190542934676789288e+00
1.241700387105450387e+00
1.221833679237546821e+00
1.199169866489454561e+00
1.182105453781988835e+00
1.094841727425840183e+00
1.108578960476634290e+00
1.116758498962963975e+00
1.140373279573051679e+00
1.154688093622750822e+00
1.194430715883173733e+00
1.272863914832714105e+00
1.190888751967172920e+00
1.213578302759054983e+00
1.169538304902136838e+00
1.146248582691862472e+00
1.177178334288232042e+00
1.153054347931322887e+00
1.212594751151703232e+00
1.173367545119605060e+00
1.124370242205422699e+00
1.137048519497706467e+00
1.170167434922971372e+00
1.187369460075242911e+00
1.164124532399532397e+00
1.150572604190618353e+00
1.163255083027944226e+00
1.220556785206845962e+00
1.148722772648386625e+00
1.154670983779457094e+00
1.148565931646934324e+00
1.150417911384780556e+00
1.188884405900608288e+00
1.223708152424495266e+00
1.175894590177182231e+00
1.185439570414619670e+00
1.195701799729570691e+00
1.193017393593936548e+00
1.147715089217256290e+00
1.135272694746387590e+00
1.173655039187789795e+00
1.108348002540091803e+00
1.106070454712943851e+00
1.138187677404808307e+00
1.158433243747516661e+00
1.210787570233234911e+00
1.157615635467981630e+00
1.114025551175561235e+00
1.140526011172668719e+00
1.167798790164433997e+00
1.156184481135187569e+00
1.142907666566390201e+00
1.144030224817173202e+00
1.175911353764834466e+00
1.132248858158375393e+00
1.105590924436045785e+00
1.072940786305085492e+00
1.125532588135801149e+00
1.123663391782198984e+00
1.172982668966224384e+00
1.136863984693069707e+00
1.158237303445688982e+00
1.144596157157120375e+00
1.180476962145593278e+00
1.120297737564612595e+00
1.117184800751636509e+00
1.109574432510288089e+00
1.185020729659730598e+00
1.103312626812154029e+00
1.145672776353468647e+00
1.085864086322457345e+00
1.111688569546469330e+00
1.093316023310641594e+00
1.122033921901864240e+00
1.127166205816406030e+00
1.107944108814312045e+00
1.131591646296025822e+00
1.177045269391290949e+00
1.128649259225719570e+00
1.109038491875492305e+00
1.087559440101547148e+00
1.107811951915393056e+00
1.144511107736439826e+00
1.096006975320261034e+00
1.066326803443609750e+00
1.120196175380867354e+00
1.089762142661917732e+00
1.089311119812802264e+00
1.034114993266009863e+00
1.093200472340780438e+00
1.109432656258563021e+00
1.135405566087988261e+00
1.108119990007691902e+00
1.054385365104318906e+00
