4.962253148172992012e-01
8.447127256085480429e-01
9.511751111295840833e-01
1.136338311655577638e+00
1.175120984053403372e+00
1.176202439929825427e+00
1.136990392620372825e+00
1.151653716177746034e+00
1.102296680892970837e+00
1.119167164965942263e+00
1.145847828230404541e+00
1.191838641543225386e+00
1.143618954135241506e+00
1.155269749264570711e+00
1.167558720484477952e+00
1.111095984586459418e+00
1.109950290873483514e+00
1.152447780556282719e+00
1.174672692316557576e+00
1.139884010320516339e+00
1.158055666962089170e+00
1.196788181577054244e+00
1.204176875341034014e+00
1.139308940137733428e+00
1.130909821076516275e+00
1.103753212725003374e+00
1.144122335947281410e+00
1.171916899213256258e+00
1.220316123103031947e+00
1.197441196354657178e+00
1.194265671566409059e+00
1.154570933842521852e+00
1.180990142969181811e+00
1.131891145998205284e+00
1.162055549307080105e+00
1.141472540573621020e+00
1.129850390634302482e+00
1.097232537586170453e+00
1.122811593845155942e+00
1.119972205826428313e+00
1.154388495168011453e+00
1.097376416280057665e+00
1.160140035815216741e+00
1.106084577608541508e+00
1.090564556295275933e+00
1.048983339725840125e+00
1.120471538830257296e+00
1.067249098855968192e+00
1.133177672101574718e+00
1.102171845039763509e+00
1.144240001896195569e+00
1.177493560393626071e+00
1.186105329980997825e+00
1.112862299804252775e+00
1.123849345279246847e+00
1.103330744096058247e+00
1.129510025340521251e+00
1.086756254653523435e+00
1.100100179565280945e+00
1.086067283989860854e+00
1.100587692565571984e+00
1.110617560752413802e+00
1.116317870685008540e+00
1.101397765463189016e+00
1.163810680557894717e+00
1.132832753017601446e+00
1.100161031711736292e+00
1.098068280873736757e+00
1.046909166597439711e+00
1.078269421449460141e+00
1.109188603584420951e+00
1.071247806079638432e+00
1.116650841712019337e+00
1.141173434274955545e+00
1.158448281070957764e+00
1.103863991406055289e+00
1.142187998336122057e+00
1.032453505485410705e+00
1.032025149347650883e+00
1.028316756673190557e+00
1.071905746655625213e+00
1.048595037956243869e+00
1.060831019284936838e+00
1.083214848939035857e+00
1.138140782717411481e+00
1.092311290951355485e+00
1.142021484592276925e+00
1.111688093987587056e+00
1.131680721846288984e+00
1.151994504704541677e+00
1.089988494448389744e+00
1.064764935956913128e+00
1.142374702792936958e+00
1.141527439573403857e+00
1.109918391425090967e+00
1.050089730645739960e+00
1.092952928579900451e+00
1.098783043339183418e+00
1.063654281552629755e+00
1.114961602132465091e+00
1.073273792420884609e+00
1.078274280680193042e+00
1.065694978540822291e+00
1.088088461507123128e+00
1.111655794771226669e+00
1.071677306202166280e+00
1.071401419682194600e+00
1.092682410773080592e+00
1.172199999726324826e+00
1.086865700041806937e+00
1.119007818531556175e+00
1.057813363596956435e+00
9.935602312588220908e-01
1.016888615534058404e+00
1.076123033566247500e+00
1.080733587712314980e+00
1.039106102032730572e+00
1.009800624012525017e+00
1.057113388184452107e+00
1.049961052926223770e+00
1.061397258416304723e+00
1.096336012331034171e+00
1.097189634089162702e+00
9.917830842988023532e-01
1.047979223716203112e+00
1.087241771437340798e+00
1.065390722443483318e+00
1.083289436511487125e+00
1.132432236749877807e+00
1.064425504132777256e+00
1.060626399181106683e+00
1.078180270748573699e+00
1.023511425998941959e+00
1.008814476886955580e+00
1.057101115171046324e+00
1.037519929225177107e+00
1.001864192780377971e+00
1.061421977324384258e+00
1.097311484254726244e+00
1.044927787324374968e+00
1.071731894275728791e+00
1.077192366345371521e+00
1.076527119167230984e+00
1.022577234065522811e+00
1.002776377914220918e+00
9.728591060069772256e-01
9.884880760224595830e-01
1.058212006450929943e+00
1.036626889702088938e+00
1.048281964577500780e+00
1.089082658878119725e+00
1.025712846459346794e+00
1.039641358142444405e+00
1.035927616524934258e+00
1.036793432252084202e+00
1.065389558634933787e+00
1.080321889359598941e+00
1.116645907129465431e+00
1.085125160569508695e+00
1.101615994475020566e+00
1.059070960467249911e+00
1.084902822249788956e+00
1.065913365264530732e+00
1.062384585824536209e+00
1.026122056472743127e+00
1.007619368480048516e+00
1.053631194598869003e+00
1.037915165170584464e+00
1.020273690430737457e+00
9.956699993704801743e-01
1.032148362072142556e+00
1.051512308034205256e+00
1.047228956565166236e+00
1.044063469658187193e+00
1.054399585540107154e+00
1.043738289783858075e+00
9.681004587862429567e-01
9.779901890850649648e-01
9.911029797261803331e-01
1.027439243649076017e+00
1.076152297624632270e+00
1.048160334907000335e+00
1.030088889175193367e+00
1.023213883729468421e+00
1.010929584322837860e+00
1.018185820768341188e+00
1.041053840122385665e+00
1.035374939526330973e+00
1.119509561562152422e+00
1.081789298849039183e+00
1.092340226816555182e+00
1.024428264432388103e+00
1.015767237543648172e+00
1.017451332633046546e+00
1.034460786947432043e+00
1.054621912818464180e+00
9.971673203260291718e-01
1.009088345891579808e+00
1.020060402970889069e+00
