5.940031636993009512e-01
8.562636057575417903e-01
1.030192522663009536e+00
1.279173276157380634e+00
1.294688134457396389e+00
1.336066160385640744e+00
1.296226087477173605e+00
1.290366296452722716e+00
1.258714005314724549e+00
1.278716964375672394e+00
1.348127682066227351e+00
1.282339334875951531e+00
1.273071190356864557e+00
1.283282111861044905e+00
1.346678951139105962e+00
1.300727194493997763e+00
1.342951213528338794e+00
1.311815829065455352e+00
1.355233275389261749e+00
1.277335669909172911e+00
1.289474589462287435e+00
1.274697668492803748e+00
1.296453239437924232e+00
1.214382320867063214e+00
1.293896094411602693e+00
1.316941072746717456e+00
1.282062837801481781e+00
1.238396440967788115e+00
1.320024228080514561e+00
1.310864076615592122e+00
1.329309005976564428e+00
1.273049329578764599e+00
1.266051192151224525e+00
1.263585631761669603e+00
1.256270394036012039e+00
1.281433558963935182e+00
1.265531732876793214e+00
1.239403690362315791e+00
1.263789837649321068e+00
1.257585441223165956e+00
1.289788785235836954e+00
1.325101932187744413e+00
1.350213266803385492e+00
1.260478048732142753e+00
1.283353419375401039e+00
1.283798533111871309e+00
1.321548315859192080e+00
1.288555593357218809e+00
1.281315716863798082e+00
1.252090112411427647e+00
1.264997543244264389e+00
1.263840367029877898e+00
1.260251192255712693e+00
1.175324779439823386e+00
1.188057797540241989e+00
1.202356014528537687e+00
1.256833381208444678e+00
1.251324936632632223e+00
1.318102121438664565e+00
1.319368766489116496e+00
1.276703048927176676e+00
1.246956071651285747e+00
1.248955954186806938e+00
1.247687845431809661e+00
1.217175890409503136e+00
1.252690336420595241e+00
1.254214951662845356e+00
1.260042072347833608e+00
1.298285431445693971e+00
1.340582769783480233e+00
1.316601838519217749e+00
1.328523540149866955e+00
1.287410182894455968e+00
1.197933300161689196e+00
1.226904631276170221e+00
1.183670639863273477e+00
1.263756540197710887e+00
1.299879713271075321e+00
1.303723779823395601e+00
1.267936994598673595e+00
1.176591215936666712e+00
1.204516201356693905e+00
1.252755227369208191e+00
1.303414520533112020e+00
1.314154408542366204e+00
1.236542974331475309e+00
1.268629335551582304e+00
1.300039915776860067e+00
1.307742093627765279e+00
1.234455041545597931e+00
1.238127589915343663e+00
1.196521206774001644e+00
1.243582681057120221e+00
1.213508020647619645e+00
1.264564477732739833e+00
1.228206869357577169e+00
1.283827843400392243e+00
1.207814778701896463e+00
1.242420588027469686e+00
1.241272584918452937e+00
1.245709637665701530e+00
1.301510809915032318e+00
1.268556003964992573e+00
1.211518836462623261e+00
1.229943580231741551e+00
1.248337280212043598e+00
1.268715642158578794e+00
1.226173232250230560e+00
1.221993238786113212e+00
1.236295298698240064e+00
1.242541647226989232e+00
1.256691877658334233e+00
1.253699480402120425e+00
1.222752477229592127e+00
1.284943419041185697e+00
1.242577698755579219e+00
1.172273681635002340e+00
1.165427773353553409e+00
1.205219128360732306e+00
1.234331174082051730e+00
1.234215702548684401e+00
1.248796456787109044e+00
1.260366974394671491e+00
1.189941712508021388e+00
1.197350322851340909e+00
1.176687488263678194e+00
1.157313006377313602e+00
1.158469071882264112e+00
1.170979302160287450e+00
1.188351088775814191e+00
1.199608181995048373e+00
1.190440323565101988e+00
1.162610476374970503e+00
1.147339699210877084e+00
1.176726093979783005e+00
1.174574152666227445e+00
1.193963585770722924e+00
1.112212578832831644e+00
1.131885116844689287e+00
1.171289437666406918e+00
1.259497982253992454e+00
1.184296633074048088e+00
1.202895810370939511e+00
1.142800103730801320e+00
1.227912925856595505e+00
1.158255832143750608e+00
1.166149479911334552e+00
1.178261398253519276e+00
1.198182091379520697e+00
1.247376113478804838e+00
1.212325944205196571e+00
1.178973453476230171e+00
1.145240855700398797e+00
1.220019357353601119e+00
1.174030904679603138e+00
1.127223000559494981e+00
1.222894157652799185e+00
1.140101220815704419e+00
1.176965544512752482e+00
1.200120379953501626e+00
1.190410865574541344e+00
1.189562529933219537e+00
1.181698197408534989e+00
1.164730855515408114e+00
1.160553067792580828e+00
1.127209660556974358e+00
1.172784698405674009e+00
1.174011577907703607e+00
1.171536307253282949e+00
1.166070352896853901e+00
1.135722163151592579e+00
1.132059705083185985e+00
1.170024877648683681e+00
1.182791809898380730e+00
1.164220981034942426e+00
1.116374877453266246e+00
1.108313689842103988e+00
1.203037939303145398e+00
1.160608935177157353e+00
1.166139873112542080e+00
1.129463716743076329e+00
1.166448942844449110e+00
1.158381145130963796e+00
1.144831016046763406e+00
1.137290582780713821e+00
1.163557963967433828e+00
1.111207525320053069e+00
1.138142229699949715e+00
1.129113458861572550e+00
1.200567812806588641e+00
1.152708119247785490e+00
1.184993817840501062e+00
1.147981403856388027e+00
1.202849730703978048e+00
1.135633936627886476e+00
1.140444860155616524e+00
1.139062613566314663e+00
1.178686644618993196e+00
1.186281022878264979e+00
