6.195977917864223805e-01
1.028437558285055120e+00
1.059978342523731465e+00
1.297393773846934550e+00
1.307743990841488069e+00
1.318466153679872965e+00
1.374775105883678794e+00
1.368820962888920745e+00
1.376981990491323637e+00
1.361881763296382442e+00
1.272863158144401874e+00
1.247765772033349707e+00
1.263035489703363545e+00
1.202739337293616817e+00
1.271344771477746827e+00
1.263187573007576558e+00
1.321779413622583110e+00
1.395718608275783312e+00
1.414164472848937981e+00
1.379278608972946962e+00
1.355724568103401362e+00
1.291864511729434062e+00
1.321801387723886112e+00
1.386028002691191530e+00
1.335806001805148524e+00
1.368392761558191673e+00
1.353984831429357882e+00
1.281902824082606251e+00
1.224765690680900576e+00
1.230013995325157650e+00
1.283208926161531149e+00
1.323770148330572161e+00
1.296259674808819984e+00
1.255615536842747737e+00
1.234607082044218540e+00
1.246411763057940325e+00
1.284372589582953195e+00
1.276162336170161948e+00
1.301655437109603630e+00
1.284215942299701263e+00
1.320675555068059781e+00
1.315119889291072486e+00
1.307727151384166620e+00
1.309805148808965036e+00
1.329373355306235460e+00
1.424821638304224480e+00
1.333453511542079362e+00
1.272166629736406707e+00
1.246389757572654799e+00
1.315121248581974545e+00
1.295604905597122603e+00
1.242432888697240667e+00
1.266614479374882141e+00
1.246906511953765229e+00
1.221542174048824592e+00
1.172365033006245838e+00
1.171811721221958091e+00
1.190326688269993660e+00
1.240571879447863735e+00
1.206053191726034202e+00
1.223920229076164601e+00
1.156300020902020664e+00
1.192552933994802888e+00
1.176664492311753962e+00
1.246105996283508599e+00
1.225820516510413460e+00
1.265452532453926082e+00
1.190326247867727005e+00
1.245179728177711054e+00
1.187037517815566545e+00
1.193595727674012563e+00
1.251691284073970456e+00
1.213742853971816249e+00
1.237321859408205604e+00
1.218675091233510033e+00
1.185923438077718606e+00
1.290606694008764821e+00
1.230189024772887940e+00
1.207489021747931268e+00
1.179251310889122273e+00
1.200283171037319851e+00
1.216611699434392735e+00
1.258680112369447768e+00
1.262246766038232826e+00
1.228868528687819595e+00
1.221182346209584102e+00
1.160646507606905242e+00
1.140772995093456421e+00
1.205583718744697386e+00
1.196895740037823730e+00
1.195441054083383969e+00
1.162597720239774590e+00
1.166646862304516530e+00
1.177918949631185264e+00
1.196811255446540434e+00
1.266743196746649813e+00
1.220226544741011221e+00
1.204706993873486898e+00
1.232235281669824989e+00
1.232580009991435466e+00
1.167981421790455387e+00
1.198735452822423664e+00
1.269787490781853156e+00
1.253985841544267954e+00
1.218180082404699993e+00
1.241454902438772434e+00
1.281388784393325597e+00
1.258489286301382570e+00
1.190925785054317121e+00
1.220528483913157380e+00
1.221755468278447720e+00
1.228453824866768240e+00
1.138803376609187845e+00
1.095527862596659352e+00
1.167796374923254277e+00
1.175822770286020225e+00
1.186343517315756158e+00
1.167687760487404303e+00
1.181567489669985482e+00
1.234086375498103294e+00
1.176705041007274133e+00
1.176540610104909179e+00
1.122448120843766661e+00
1.130512782624063295e+00
1.157178327604615253e+00
1.142404112691922213e+00
1.106166438587385059e+00
1.186919562351236079e+00
1.168345038112086121e+00
1.229924985257848435e+00
1.225475440819672412e+00
1.271349919184531885e+00
1.207987697811821359e+00
1.198049354868005345e+00
1.205024518994794791e+00
1.202150233689696091e+00
1.136538987393746369e+00
1.074879034264851541e+00
1.126147118731391839e+00
1.111556745729448847e+00
1.135080498411095373e+00
1.118023232329941496e+00
1.103913562192144093e+00
1.102136290656867912e+00
1.134893044736077883e+00
1.159281711120631275e+00
1.171991840214721581e+00
1.104462345175051485e+00
1.069010875325256293e+00
1.083305554500844536e+00
1.094783254948139106e+00
1.121200041381057222e+00
1.159600855397791674e+00
1.181303079606868645e+00
1.110988062673451626e+00
1.083144073690027742e+00
1.105172024405090436e+00
1.070918169182784485e+00
1.123509605042097625e+00
1.089900826286987368e+00
1.114210816559750850e+00
1.083225440079771396e+00
1.160980242215838842e+00
1.180901901228907036e+00
1.189540387358938078e+00
1.129558603670769434e+00
1.099270121155293989e+00
1.144314934491581948e+00
1.167823479209621818e+00
1.089802560542975085e+00
1.120391491835019071e+00
1.164744394946503059e+00
1.141703329479067941e+00
1.121150081827766876e+00
1.081669013758016495e+00
1.097015123973924089e+00
1.064829723961782326e+00
1.060739996754100689e+00
1.126587043439785329e+00
1.145112442611375903e+00
1.112188237823580339e+00
1.139076250116792588e+00
1.095076060887227420e+00
1.021697151336090847e+00
1.106677723480024023e+00
1.086570305123193636e+00
1.098314654516912237e+00
1.163005746067831581e+00
1.128211270646249265e+00
1.093786796289639485e+00
1.085328398305664299e+00
1.051792242683567746e+00
1.101782942626809758e+00
1.101762395942602835e+00
1.148879341650935748e+00
1.120241253187157282e+00
1.098376781819022208e+00
1.142248158494344024e+00
1.128543429137343290e+00
