4.836865206671105422e-01
7.869417312373832019e-01
1.009887478165075736e+00
1.238428356408888487e+00
1.309316711654880727e+00
1.345297426271816033e+00
1.310979501409298420e+00
1.306863764799245153e+00
1.300622801098650694e+00
1.337399291691351744e+00
1.337635824526515416e+00
1.251899829540382258e+00
1.258643546630036969e+00
1.267367820736966300e+00
1.307319624180048434e+00
1.311653324165395151e+00
1.301596863816281591e+00
1.303006292343608541e+00
1.410496817819955950e+00
1.316573343871918045e+00
1.248548600511734774e+00
1.205268731968519136e+00
1.208911015948731071e+00
1.226465434472493232e+00
1.252852049626862252e+00
1.247702928692708602e+00
1.288851371476789298e+00
1.336571055173841671e+00
1.292909963535592510e+00
1.230228526849287851e+00
1.208303930132538895e+00
1.223143022396850688e+00
1.200720578688804885e+00
1.171458636167488132e+00
1.207009823134778337e+00
1.214648900863992242e+00
1.280439327455306753e+00
1.297427685336461467e+00
1.312893153567123106e+00
1.299620229997936027e+00
1.266393937374419298e+00
1.252511200053109341e+00
1.276564189252894943e+00
1.291298647769757002e+00
1.318698783538677866e+00
1.268151021017358104e+00
1.285714675819321862e+00
1.211034398398329159e+00
1.220163207989618304e+00
1.193320647585266903e+00
1.176633230246633133e+00
1.181425541669362866e+00
1.233098868324290498e+00
1.222736575935755132e+00
1.187592811427591544e+00
1.163448945638091869e+00
1.199116985163433569e+00
1.171673627873354828e+00
1.168148142056100403e+00
1.203316139534263751e+00
1.220050618783481644e+00
1.223498446928268146e+00
1.205550836670153281e+00
1.165183264324968659e+00
1.164133211379122512e+00
1.161488042397095022e+00
1.240519871514082606e+00
1.224751641185746864e+00
1.243908469051529408e+00
1.239977832333324814e+00
1.247774587351804021e+00
1.237432801691381590e+00
1.247462328121930364e+00
1.210419152327462111e+00
1.184425734049505907e+00
1.156222804993339182e+00
1.192475138787264743e+00
1.191610086627699516e+00
1.246123896345174842e+00
1.194018551976645526e+00
1.236468581295242286e+00
1.199066613676985193e+00
1.181691039806381349e+00
1.146680354249054457e+00
1.173873867768397306e+00
1.239610735940000374e+00
1.216430023242179859e+00
1.148919787496209599e+00
1.150936374751708069e+00
1.163582453799564931e+00
1.133930905543888867e+00
1.112136024443975080e+00
1.091449620033267953e+00
1.113012989207809555e+00
1.151201510350837509e+00
1.166771253163960909e+00
1.150758974755684783e+00
1.155855813962905820e+00
1.263833488579743980e+00
1.151349028320586942e+00
1.134436912414475307e+00
1.131371563943800229e+00
1.134156282745040434e+00
1.124632688235613465e+00
1.136141663560681581e+00
1.112374381810540269e+00
1.151971242109089744e+00
1.121709832164767828e+00
1.104356470061308215e+00
1.158999982155470621e+00
1.150890558578747447e+00
1.173912921314486102e+00
1.137585981856253259e+00
1.141929637832361122e+00
1.162357291499124257e+00
1.114702354641890159e+00
1.072719122685933835e+00
1.108097031332057725e+00
1.204808857890103724e+00
1.149269744806341587e+00
1.151265136997870142e+00
1.092297701565445811e+00
1.112672886550182705e+00
1.127616726332629993e+00
1.117881448725308591e+00
1.081097876116740464e+00
1.052276030392999884e+00
1.088689797412407678e+00
1.114212484793003499e+00
1.141883117278730486e+00
1.128479878811792014e+00
1.119062585011528776e+00
1.112772732678669385e+00
1.116561361014566156e+00
1.166554391738123142e+00
1.171409953105649882e+00
1.157393140199832526e+00
1.188736707830606587e+00
1.115319278631700550e+00
1.087170367153991180e+00
1.142141162846046498e+00
1.115264731065626513e+00
1.100009298686782655e+00
1.138023315775915201e+00
1.156223444776386389e+00
1.124525165721566689e+00
1.154627759591294822e+00
1.070466218990047791e+00
1.139260891829665168e+00
1.091581976525194841e+00
1.109959645766082748e+00
1.068974049759031208e+00
1.104568670864147117e+00
1.083291862096978031e+00
1.103511980515226920e+00
1.085158762140958633e+00
1.095127547490523989e+00
1.060553926930432489e+00
1.127805817535488364e+00
1.163268879802846545e+00
1.135353152384903863e+00
1.098638699869318058e+00
1.129736028824957605e+00
1.159897434153806639e+00
1.130696532528925324e+00
1.093186297222270120e+00
1.107840220152028099e+00
1.044763112024978957e+00
1.097520418377938345e+00
1.093454265052290708e+00
1.099781284227226541e+00
1.053312727880350685e+00
1.059115290963227096e+00
9.973238924904619385e-01
1.099929943591096526e+00
1.083112870726242072e+00
1.111636474795850260e+00
1.094817333406656878e+00
1.112641257591467481e+00
1.081277244403556548e+00
1.098520915403486953e+00
1.044250824952946521e+00
1.046813902270172347e+00
1.051921554013887761e+00
1.109737599500217664e+00
1.137123474338863627e+00
1.119900896192644657e+00
1.089100074689853814e+00
1.087562418122489216e+00
1.131603617085096936e+00
1.111273575954216053e+00
1.071123836426175036e+00
1.116944628687290830e+00
1.103375911819300281e+00
1.140877786537051630e+00
1.075193748451076958e+00
1.102929209404888811e+00
1.039550047081226225e+00
1.054178783561948940e+00
