6.613474858560667302e-01
9.285766659261117661e-01
1.041733417437747500e+00
1.211209884867957776e+00
1.256897079117228921e+00
1.248663139980387582e+00
1.249469577698767653e+00
1.271518389592343201e+00
1.219866017918780132e+00
1.259821584716334320e+00
1.236539914920023131e+00
1.307956602145772695e+00
1.264874406467396462e+00
1.280035033777233711e+00
1.248978400458243376e+00
1.273941848268477672e+00
1.266427520048565958e+00
1.256544917176435128e+00
1.227629364265376388e+00
1.216585127365469310e+00
1.211768294385954015e+00
1.226786076639334144e+00
1.186759412236155997e+00
1.205109100807260303e+00
1.207920797148350545e+00
1.244123121626819595e+00
1.256060854855991060e+00
1.277683392683133912e+00
1.298144466718833989e+00
1.237497377451869607e+00
1.233758409709982740e+00
1.192512584865545788e+00
1.182120531245359984e+00
1.153886383332471954e+00
1.183769619854484922e+00
1.194519041479603194e+00
1.150237008706666897e+00
1.219723715237933659e+00
1.279171984537294637e+00
1.214669749457343961e+00
1.268923435398663591e+00
1.209634486661316233e+00
1.224509953780241522e+00
1.200550816757709471e+00
1.269733223875569861e+00
1.213536796528044137e+00
1.221311524714917773e+00
1.225443435537120873e+00
1.245130778252591996e+00
1.220352742077346564e+00
1.265954398611523812e+00
1.278268073610257849e+00
1.250356570149802282e+00
1.174203339004135094e+00
1.170356209800039293e+00
1.148669280215189437e+00
1.160139820731568072e+00
1.125409439529873490e+00
1.143389342343453796e+00
1.138000318388045162e+00
1.115048268530854259e+00
1.175547364598696909e+00
1.154679601639460484e+00
1.170737667474890387e+00
1.178171741400600103e+00
1.122970013008808721e+00
1.115386130925257957e+00
1.153393003190960275e+00
1.205430087962231722e+00
1.172767246082115911e+00
1.150467675657375954e+00
1.120085383333653484e+00
1.139470705293683439e+00
1.182888705042359323e+00
1.211380454769546144e+00
1.216027484920885415e+00
1.241939540523087304e+00
1.184597566481163655e+00
1.107574373251725808e+00
1.157684924211810795e+00
1.221584425534476770e+00
1.201477265269146999e+00
1.154161997769260317e+00
1.126777399269271118e+00
1.148693540262224921e+00
1.112686380617346815e+00
1.130573885486012342e+00
1.122222445244970057e+00
1.088850447352508910e+00
1.108552095583780428e+00
1.160675590670411372e+00
1.194706061849024392e+00
1.131631415139681351e+00
1.091298795159705515e+00
1.097322203859555145e+00
1.085753870283651334e+00
1.153781924179947627e+00
1.082361179807928009e+00
1.137372117971345631e+00
1.137365419368723263e+00
1.169751221962495924e+00
1.168736357213410182e+00
1.127143922966462819e+00
1.184716393438697279e+00
1.190790679529209140e+00
1.104866272845830499e+00
1.076802012223817551e+00
1.112564666799579216e+00
1.098260091985917564e+00
1.086846524012907711e+00
1.134979924984258925e+00
1.194977936570482457e+00
1.170348234458916670e+00
1.181911764226915462e+00
1.132954355579930406e+00
1.104677479659960548e+00
1.100366420777277865e+00
1.135011190178297547e+00
1.137050934591502083e+00
1.188342123051380206e+00
1.124080499083490725e+00
1.157738829530894797e+00
1.105796975232030244e+00
1.181004734669721001e+00
1.113168906680224612e+00
1.170728795475051598e+00
1.122076821317341766e+00
1.144772912132216103e+00
1.119667506335262352e+00
1.102126168098831682e+00
1.081949833933510741e+00
1.123420104771495120e+00
1.083388136212243058e+00
1.156844571331080429e+00
1.115950482697295021e+00
1.134402617693759829e+00
1.099192279077306766e+00
1.124755860789159012e+00
1.054787319906794751e+00
1.074356482641666277e+00
1.130618806983048064e+00
1.137151841968529364e+00
1.113141752409044338e+00
1.108427935868661729e+00
1.106696649712093805e+00
1.076591947763944734e+00
1.110911722425554693e+00
1.115858952164487272e+00
1.074282521307001304e+00
1.102008969102228786e+00
1.077006079991683407e+00
1.095768468306597798e+00
1.140797799428088677e+00
1.192630038450945396e+00
1.160752109067241022e+00
1.108300034177200022e+00
1.061929064558525759e+00
1.098932942662804502e+00
1.103118717205905375e+00
1.099177638532887968e+00
1.097659603798645467e+00
1.124105877390227270e+00
1.149691978690328575e+00
1.062458533635103342e+00
1.057601372064290723e+00
1.073953209637872774e+00
1.078715219187095453e+00
1.132011770252709493e+00
1.106389364940010500e+00
1.113232706031938690e+00
1.118828910116653974e+00
1.071916357016751808e+00
1.072397446544011368e+00
1.064305280848451662e+00
1.093391987822640576e+00
1.125607784139174505e+00
1.059474411058081822e+00
1.078363585749027020e+00
1.079423112686616060e+00
1.069888176997037199e+00
1.080171546524071768e+00
1.094824201954910814e+00
1.072952113599354940e+00
1.133286582924551089e+00
1.109125619716429867e+00
1.134670503485133430e+00
1.158505752431050473e+00
1.148870564343303036e+00
1.140623378005818145e+00
1.098157725374617533e+00
1.067026938655019741e+00
1.081645840407721604e+00
1.133777566176033424e+00
1.178039027169854647e+00
1.075580559794774071e+00
1.102050010640107880e+00
1.089782335940701952e+00
1.144144769800623962e+00
1.064356962255927463e+00
