5.724355404638327149e-01
9.061798475588649371e-01
1.049629587723498458e+00
1.370780570768617590e+00
1.346596095466615406e+00
1.319035607392102571e+00
1.271257256128938584e+00
1.279072918434069450e+00
1.299775695703470069e+00
1.321866170520389128e+00
1.303445702605777523e+00
1.356851060377212370e+00
1.305777491029300963e+00
1.268611866855287484e+00
1.319303808684016532e+00
1.363280401200595682e+00
1.358792874827961850e+00
1.321833536909626572e+00
1.287901473149201559e+00
1.329838403543845748e+00
1.302248661812234420e+00
1.337980725091346468e+00
1.378290080979439614e+00
1.332761567913005596e+00
1.278829694181293553e+00
1.352503585261879193e+00
1.374154954703275200e+00
1.321451220499972434e+00
1.287044503824987363e+00
1.311742108462704559e+00
1.358449843405861612e+00
1.345709937745827700e+00
1.318879593336278022e+00
1.321492591262031446e+00
1.310349810494208622e+00
1.331895878459087301e+00
1.309924204522145974e+00
1.291778080012672136e+00
1.288450902285258381e+00
1.318596613363463677e+00
1.374072274883401112e+00
1.306722207368179234e+00
1.286141000341612051e+00
1.268099274781501418e+00
1.283233303355366672e+00
1.297317835952966458e+00
1.332614211138598126e+00
1.315907707685251227e+00
1.317668182392202736e+00
1.333625569718390302e+00
1.304400097530670655e+00
1.307008931816925790e+00
1.320505342958640194e+00
1.310821416146240148e+00
1.284804809423214289e+00
1.266829087769377304e+00
1.282132276694112116e+00
1.254968948593940148e+00
1.288950825437985781e+00
1.277235896739312704e+00
1.299476687302154376e+00
1.304894913457528061e+00
1.335738200728889380e+00
1.260671400416487398e+00
1.234005895000607866e+00
1.224005072348840484e+00
1.280570944702508651e+00
1.306860175622883258e+00
1.305397898197983908e+00
1.225038976677637725e+00
1.265814039399296043e+00
1.320600158664054113e+00
1.291946791366951786e+00
1.232373669868832122e+00
1.250742471297817016e+00
1.254339917624452294e+00
1.215222014731925260e+00
1.232524390504713185e+00
1.276918629793485138e+00
1.310330918907465891e+00
1.326817822740522512e+00
1.303562965032028620e+00
1.316665047851238501e+00
1.286867675735785754e+00
1.330907764434523743e+00
1.234437565129661740e+00
1.221532714779625550e+00
1.172682852910928109e+00
1.172554546487904137e+00
1.188513608387938847e+00
1.264122411720812300e+00
1.269091494966771316e+00
1.301509405675209230e+00
1.283632370731126793e+00
1.272989345848142495e+00
1.313653323354576186e+00
1.291268357553392088e+00
1.276244836984114395e+00
1.254942868893063279e+00
1.268138431512378927e+00
1.326681891625326459e+00
1.223413904557420828e+00
1.199143242456502945e+00
1.189925470452005696e+00
1.237834950934986411e+00
1.219422612798891858e+00
1.237340276555755292e+00
1.267040794985156316e+00
1.307923497089366727e+00
1.312513917612699199e+00
1.240626037074073817e+00
1.227868682106516118e+00
1.200241950020325632e+00
1.215429606322329104e+00
1.224718621185708400e+00
1.198438840010044748e+00
1.255317277278537258e+00
1.237440658311998121e+00
1.211283279354893994e+00
1.211237575437596803e+00
1.282568486543433695e+00
1.241674705933057954e+00
1.240642906730423212e+00
1.215196273120589865e+00
1.238152917737542325e+00
1.200891706817840410e+00
1.158127454091876229e+00
1.187841247199709294e+00
1.188901906483114335e+00
1.145175688761915778e+00
1.189671951715113751e+00
1.248901246121349118e+00
1.210890638695953925e+00
1.265301089639484289e+00
1.256210616556156623e+00
1.125741686494452942e+00
1.239754633570727238e+00
1.224767483839071192e+00
1.307120456823131383e+00
1.217552370364472836e+00
1.214118805783285016e+00
1.247042481296186667e+00
1.255407678706116359e+00
1.262573313312280288e+00
1.163001877523199612e+00
1.196481735787028988e+00
1.242703216492891949e+00
1.259398494094157606e+00
1.229183448540156487e+00
1.197663086922787778e+00
1.232405279989950753e+00
1.136669963393345029e+00
1.124359277741443064e+00
1.189201861575953423e+00
1.186056761454317598e+00
1.235262177131590144e+00
1.235067755629275066e+00
1.243381111652419824e+00
1.229807539643499759e+00
1.214964182142419080e+00
1.229055033985507528e+00
1.165287353219704558e+00
1.164418603129328211e+00
1.171713076590883196e+00
1.199415632425242517e+00
1.206722979780068039e+00
1.213145327988834898e+00
1.183725567190855310e+00
1.166230957163308934e+00
1.164336721637595495e+00
1.143268348102274512e+00
1.207794127634311154e+00
1.207947504904768765e+00
1.234047832327247463e+00
1.265210654417031177e+00
1.247274707075561873e+00
1.165498890025149503e+00
1.141945143470929347e+00
1.102971384166139046e+00
1.102204360143319795e+00
1.149764935480160455e+00
1.166115928524386502e+00
1.226393873031793369e+00
1.228716742837765663e+00
1.223105543106845827e+00
1.204507736840448873e+00
1.171892242522177163e+00
1.132268575721997683e+00
1.140781957577377437e+00
1.169898370370310525e+00
1.191451761247255048e+00
1.135792799016245080e+00
1.151845691483639689e+00
1.141757890065372871e+00
1.143590643520761674e+00
1.243880193368329223e+00
1.212943090161009430e+00
1.130532555972384667e+00
1.158966165227987455e+00
