4.724692897348026221e-01
8.033303034120012898e-01
1.006732522313306788e+00
1.177614599269477313e+00
1.197047540848945379e+00
1.166228071268419431e+00
1.223426867188923683e+00
1.181070102253277243e+00
1.165258651264986733e+00
1.165246721531349117e+00
1.211444000017741551e+00
1.181547275779101680e+00
1.253043553897776663e+00
1.198912303150676539e+00
1.225446756220790911e+00
1.223575632945544722e+00
1.221832791081815861e+00
1.184011062985360851e+00
1.189045467764502595e+00
1.167767379853799969e+00
1.140093017426172528e+00
1.184743932005621447e+00
1.243177504672074551e+00
1.194806242497835624e+00
1.163429696320599005e+00
1.089520931577245610e+00
1.092178550075330268e+00
1.105698784694813641e+00
1.184465291899504891e+00
1.185434831459722060e+00
1.157080160818050096e+00
1.197291704863256978e+00
1.203948158649124522e+00
1.184096490992299966e+00
1.200780474951003596e+00
1.151813392050496931e+00
1.190427771847422322e+00
1.176472274192216894e+00
1.281178295729007877e+00
1.178540923709705535e+00
1.168862337510625737e+00
1.125999614467288135e+00
1.144016408653879768e+00
1.100601556318361984e+00
1.123251021867452071e+00
1.113922927963207243e+00
1.105380979378304040e+00
1.147927403416765690e+00
1.157591607491721408e+00
1.149296623483910595e+00
1.170975246220487209e+00
1.179015954603129357e+00
1.132860621031656967e+00
1.108264430901094499e+00
1.111605750759784517e+00
1.126843413995353371e+00
1.151486636399120522e+00
1.127904118434381209e+00
1.084119118387392833e+00
1.122264885989085359e+00
1.149731857064510310e+00
1.197819003094245494e+00
1.177305738975683136e+00
1.130602599257700902e+00
1.106797430843926566e+00
1.197585381739849186e+00
1.251038578221085329e+00
1.193293781658845809e+00
1.172411855325107277e+00
1.159174146468726407e+00
1.132582733560605792e+00
1.069896834931456375e+00
1.123349475583047319e+00
1.114054246802988590e+00
1.151885512497659914e+00
1.153210084545348568e+00
1.172421505679819065e+00
1.173491111413887733e+00
1.128680448924545665e+00
1.050540410861699581e+00
1.057567280262947440e+00
1.079318813494592355e+00
1.112546274611465824e+00
1.171917846500123206e+00
1.144640327727477702e+00
1.164282443106739784e+00
1.216443407192865145e+00
1.167022702821763236e+00
1.101382162306099533e+00
1.103860249888421130e+00
1.186385677784114634e+00
1.188213567132113901e+00
1.162606508310127573e+00
1.084574318504440749e+00
1.115790453446273034e+00
1.084197994979419599e+00
1.077941659162954258e+00
1.108238865550441821e+00
1.119729681563491175e+00
1.134360745269454185e+00
1.117175230710710121e+00
1.126250038622234051e+00
1.067730197563931505e+00
1.105398040652159075e+00
1.117775728603095597e+00
1.168602776894213546e+00
1.097494440583607123e+00
1.140177221400037411e+00
1.136449793314163959e+00
1.150492855966790406e+00
1.141245483947013639e+00
1.106975763478999619e+00
1.114507482451269516e+00
1.123632982991197515e+00
1.128799834290525439e+00
1.145047733794146039e+00
1.092032980663112829e+00
1.052389409010691113e+00
1.075452781820997128e+00
1.105546019008309067e+00
1.113810113230948140e+00
1.049008848885139233e+00
1.033198056671019049e+00
1.059062784332481133e+00
1.065763016597672364e+00
1.102835798862356942e+00
1.030534763605117199e+00
1.017932866535971703e+00
1.091033174316263121e+00
1.101184607168343321e+00
1.117144075792727342e+00
1.174773403063991584e+00
1.143275825011663249e+00
1.095748277625237410e+00
1.109295599733297832e+00
1.089297900129165164e+00
1.031834027348661920e+00
1.019869670247065985e+00
1.044944630605146640e+00
1.164634372167921983e+00
1.180744965436307137e+00
1.106732519854634500e+00
1.102008095275860411e+00
1.054663229084784160e+00
1.111773961929187537e+00
1.029933918989062835e+00
1.040645504708274993e+00
1.019454464417478778e+00
1.048292645745117380e+00
1.034137154928186364e+00
1.111920594954544761e+00
1.072421138935366169e+00
1.089682722651523772e+00
1.085625089728742942e+00
1.124442342268651585e+00
1.119581565356809749e+00
1.105222457817837789e+00
1.044312311178629438e+00
1.090324382603096609e+00
1.051801928518450557e+00
1.046183151871515227e+00
1.030958867354447417e+00
9.947960470174622705e-01
9.978325760379146425e-01
9.975895395291528578e-01
1.008101709577917671e+00
9.770366871063327352e-01
1.026407268923223093e+00
1.026191565506648473e+00
1.070443631872438406e+00
1.065342888063405935e+00
1.062763778955601035e+00
1.018068856098819586e+00
1.022668512170140431e+00
1.077534326927048314e+00
1.083837828710352058e+00
1.027221744463925557e+00
9.793324113334516134e-01
1.051873732922298688e+00
9.773118438777778083e-01
1.038414193889160231e+00
1.033940957873979771e+00
1.037122388935535433e+00
1.013203650673998979e+00
1.005947837486843355e+00
1.009365219625171450e+00
9.687219543073376515e-01
9.951314019025512270e-01
9.863147704314473296e-01
1.015152382355910765e+00
1.049229031384966815e+00
1.037367269993785923e+00
1.021536066444396873e+00
1.056940344395657094e+00
1.041217945945146051e+00
1.006883459648892254e+00
9.948258316998593864e-01
1.004380281512700979e+00
9.945913354990879585e-01
