5.925656739922373628e-01
9.240735269142051900e-01
1.203004214679181061e+00
1.363128415518218617e+00
1.440146920294703481e+00
1.415147898984079333e+00
1.392402182582874959e+00
1.365978630498128510e+00
1.319329046116492377e+00
1.340405175626778744e+00
1.368669628325771548e+00
1.397569100935599051e+00
1.379383023834006350e+00
1.341549551166105969e+00
1.299517909176688413e+00
1.332999499276608546e+00
1.355720494776961660e+00
1.286377905977321934e+00
1.316162549758606692e+00
1.433206289575360337e+00
1.451714121433827831e+00
1.369929713205775723e+00
1.322116639756856005e+00
1.350305908062938265e+00
1.304404610203892201e+00
1.322648999195526587e+00
1.366167011088362138e+00
1.346533215072656331e+00
1.330073757559577130e+00
1.321685433263814602e+00
1.410769527033610693e+00
1.368074816223669998e+00
1.382847825837528744e+00
1.397639991644279434e+00
1.442170018164164569e+00
1.369226549228815815e+00
1.323701611927079247e+00
1.300226249205870488e+00
1.249571710257406432e+00
1.267774060801151847e+00
1.306644117519827342e+00
1.318060628929527134e+00
1.284463756835827475e+00
1.330369398580837137e+00
1.379314353116398273e+00
1.387710156390906890e+00
1.313109507917323837e+00
1.323225489737046567e+00
1.292179093331817130e+00
1.258603605634101674e+00
1.274623756110616180e+00
1.427325003213414156e+00
1.451807070736003347e+00
1.393611686454853338e+00
1.314622112919564101e+00
1.314626340732512499e+00
1.399941267207294171e+00
1.387358956975913493e+00
1.294842029424203567e+00
1.289789528114612782e+00
1.230903891862447308e+00
1.296992232000564904e+00
1.358762167122327780e+00
1.294169426636989861e+00
1.276262120746609385e+00
1.222925268861909442e+00
1.217221806800490524e+00
1.207141245043519495e+00
1.262795693484018988e+00
1.248960931370677763e+00
1.232665768564842113e+00
1.243083650200130119e+00
1.289573110769101305e+00
1.339359033518073616e+00
1.280273922087135086e+00
1.285780479620715511e+00
1.266644302914378573e+00
1.229403384284895262e+00
1.239557821854439856e+00
1.272437203725474530e+00
1.236974986399177912e+00
1.217896205404637611e+00
1.231543445083131072e+00
1.206209513538380351e+00
1.226014915492998680e+00
1.210434684647277548e+00
1.205021013869590485e+00
1.229323361482337340e+00
1.221171544508634854e+00
1.272694606199875178e+00
1.209383451781155694e+00
1.218802266072508855e+00
1.215765407588341285e+00
1.219601892970849866e+00
1.232621160678025740e+00
1.232811738141510682e+00
1.228473265612771703e+00
1.173412690842668749e+00
1.206912443715553840e+00
1.257685807601574224e+00
1.330778952406957316e+00
1.369972471840715800e+00
1.291326223558549424e+00
1.276696717203931630e+00
1.259808899917351122e+00
1.243158511466480487e+00
1.210584084741548327e+00
1.157026076274278559e+00
1.236429038845682671e+00
1.239311164474076854e+00
1.288245765208407390e+00
1.237825449728383376e+00
1.175669355785295744e+00
1.178160666997320583e+00
1.200239026940682185e+00
1.164760135008758635e+00
1.206511619190531848e+00
1.239590527479375259e+00
1.207818506893167054e+00
1.201840248464675298e+00
1.222929983157566625e+00
1.220845965682019418e+00
1.219964252779401015e+00
1.171200034381064903e+00
1.169238837099863426e+00
1.209166643363167593e+00
1.256195073072615465e+00
1.177662143261202443e+00
1.191835718236388786e+00
1.204008443043049770e+00
1.184150297859785095e+00
1.183340197711347130e+00
1.205752535160390826e+00
1.174448916666832599e+00
1.234323965593939088e+00
1.247062965196540585e+00
1.161971209641640579e+00
1.220354068083844279e+00
1.191618155532059298e+00
1.189112618404678079e+00
1.166910789895648781e+00
1.151398122222250020e+00
1.195370080054118933e+00
1.136968038527122804e+00
1.191991217978927819e+00
1.202507012532767039e+00
1.152615744702419454e+00
1.140815798963244809e+00
1.141593969810143383e+00
1.236699965745329921e+00
1.259550883303834912e+00
1.272255061148135802e+00
1.294515551512609219e+00
1.208938681757536049e+00
1.190636765758224858e+00
1.168194135054895222e+00
1.131768637193856675e+00
1.128982433096222815e+00
1.139107934867565453e+00
1.193521227079321401e+00
1.230764262888931482e+00
1.147177210999199781e+00
1.192091178929388873e+00
1.184247475568946717e+00
1.173715313514523739e+00
1.124850296194250587e+00
1.101613383303766236e+00
1.080994601041789682e+00
1.111042694025438982e+00
1.156213395291699308e+00
1.223072769113154434e+00
1.200568191093845716e+00
1.209070418957740589e+00
1.189674511197766016e+00
1.112651737976532385e+00
1.100987553741027414e+00
1.157370850514860550e+00
1.143397800060811376e+00
1.115295351973545346e+00
1.114787458705999601e+00
1.181485824274478125e+00
1.226851462987953667e+00
1.166131902664553799e+00
1.129321272483618577e+00
1.164267429165220857e+00
1.169559606977953248e+00
1.126422054443979137e+00
1.129902565892498156e+00
1.113686364124177208e+00
1.079221119083975333e+00
1.113670710168355393e+00
1.134632472574161888e+00
1.186849513200050499e+00
1.143665987297928011e+00
1.214649744421967492e+00
1.191473334207929335e+00
1.145544019190192664e+00
1.165476325629666521e+00
1.181283119208440979e+00
