6.034829341442969897e-01
8.962355144935044704e-01
1.027103419689463726e+00
1.193740899197121230e+00
1.241572063365853573e+00
1.283024998467055422e+00
1.289935778364680097e+00
1.233251262127324388e+00
1.228589305847271662e+00
1.210400751691398158e+00
1.202546609761125929e+00
1.205020928401402625e+00
1.223171569114699819e+00
1.153718790609698175e+00
1.220325267733540997e+00
1.224014158064512081e+00
1.269556388838575023e+00
1.221044580791506462e+00
1.225595285552599556e+00
1.161989092123801637e+00
1.204857463827970765e+00
1.173408464525825146e+00
1.221616524174821361e+00
1.217182782691594856e+00
1.184947990094209480e+00
1.166146970279087425e+00
1.182525576039477500e+00
1.214068428636348562e+00
1.216864748105626060e+00
1.236164741963181379e+00
1.181331842699383516e+00
1.236110376978647007e+00
1.238578206521359526e+00
1.213421062696917962e+00
1.153207260240363352e+00
1.205272739030170515e+00
1.220345771944741475e+00
1.174888535976648107e+00
1.186848001235171868e+00
1.171023658921447330e+00
1.196353985189911429e+00
1.215880675854466242e+00
1.236479293994072082e+00
1.193509299131438883e+00
1.220137613523744280e+00
1.241219281927050666e+00
1.249007442332575213e+00
1.237322027876763819e+00
1.149587999098368618e+00
1.176130218758059121e+00
1.160383406325866895e+00
1.213028201046011390e+00
1.215768061595698724e+00
1.156566257717044133e+00
1.155977367973512804e+00
1.110022145437361996e+00
1.076039478709745145e+00
1.113780865972060052e+00
1.135626266432985920e+00
1.060004438567906382e+00
1.099778224086234601e+00
1.092520232508083167e+00
1.127284964129732225e+00
1.119342426096913146e+00
1.106450313063732205e+00
1.150220976510710980e+00
1.170530704493340179e+00
1.105846934144902205e+00
1.237280463911998085e+00
1.190538368742443343e+00
1.118385177232987138e+00
1.105954899807832792e+00
1.131518608170844598e+00
1.133503709158808714e+00
1.145871983582185782e+00
1.138820656058167513e+00
1.153699537899552263e+00
1.204314583166596675e+00
1.142861150942331427e+00
1.100366131396061542e+00
1.121780566670325108e+00
1.110571278156358810e+00
1.072066449265128840e+00
1.102949850312441082e+00
1.197886649004138881e+00
1.174539102936651647e+00
1.160107284057912524e+00
1.134296955576036936e+00
1.076976295394987293e+00
1.112992053608734766e+00
1.154757153178665119e+00
1.173909880925529281e+00
1.122248950941771684e+00
1.108561868073571821e+00
1.141143217144817257e+00
1.114527211911547910e+00
1.130687433315375579e+00
1.081924006535676996e+00
1.090237364306967605e+00
1.106012103926331314e+00
1.134595034627112975e+00
1.111445642884949736e+00
1.089396509857936568e+00
1.091732464334083774e+00
1.067175534296313621e+00
1.091237033366541542e+00
1.119404394915584966e+00
1.108438433901113296e+00
1.097984014015211729e+00
1.161301481240225586e+00
1.155618961962759705e+00
1.117510199150969941e+00
1.096819329870856397e+00
1.094007087669555567e+00
1.139445484111053064e+00
1.165881704946951869e+00
1.157936410939214955e+00
1.115743420689670584e+00
1.128873111992253264e+00
1.145695961405348351e+00
1.116588797393691435e+00
1.077399175522965269e+00
1.130714543530664029e+00
1.151691165884731083e+00
1.146169753966080451e+00
1.112574014335009132e+00
1.149884318607547806e+00
1.093293754305737497e+00
1.092520738525895263e+00
1.057379235824616348e+00
1.115141274211950195e+00
1.100662253264711454e+00
1.116967029908896070e+00
9.933478063550071901e-01
1.094916501058311731e+00
1.105706704834845011e+00
1.142652532483038552e+00
1.155306507681248318e+00
1.066015968581298434e+00
1.024147398113637530e+00
1.052825957705891158e+00
1.058614005846046036e+00
1.089816130170641273e+00
1.091929854494996466e+00
1.122677113574801488e+00
1.068611214549181065e+00
1.075042693414647976e+00
1.064462457474608215e+00
1.123379305858569044e+00
1.095955535673043268e+00
1.067692396091973528e+00
1.106178070158215565e+00
1.105219225462547694e+00
1.109148076296950114e+00
1.067176158446489831e+00
1.112110767818299317e+00
1.058281170792722659e+00
1.109775380306259551e+00
1.109808328998307836e+00
1.040934292820619111e+00
1.088372667517442105e+00
1.060666745260755661e+00
1.073059245026803943e+00
1.129886752193738353e+00
1.094187408018897800e+00
1.093790520900646435e+00
1.077568106719824836e+00
1.110714624790239746e+00
1.092438567075317168e+00
1.101084489131751054e+00
1.111249864948463228e+00
1.068638005116961276e+00
1.110464842389417894e+00
1.086392206622023071e+00
1.128639824389729318e+00
1.069217703155876498e+00
1.149048188184778496e+00
1.081570934789738425e+00
1.085336812449630761e+00
1.092242103618107807e+00
1.064589078757274709e+00
1.056429960876520857e+00
1.102680816617541248e+00
1.055635592224997810e+00
1.073109272888026489e+00
1.058628094403339936e+00
1.045478526215373849e+00
1.026275253677584987e+00
1.084984088179040462e+00
1.129235744984031786e+00
1.110093390270709968e+00
1.082658697327776309e+00
1.101620567362136427e+00
1.139503343016910364e+00
1.115335949101407209e+00
1.124495916071903689e+00
1.038811520405851008e+00
1.068314832790469460e+00
1.043591881431364943e+00
