5.234492854913544990e-01
8.517534801262555133e-01
1.003475416072383775e+00
1.038700566966022532e+00
1.096537363413311539e+00
1.092826468066836920e+00
1.116411695870907828e+00
1.162199737488114559e+00
1.143434725439228528e+00
1.140854268201928923e+00
1.149659831578695446e+00
1.128342182244438163e+00
1.123566587052263310e+00
1.107671652368008353e+00
1.131857716457522534e+00
1.083634227825898577e+00
1.077750329367276105e+00
1.095457397355640516e+00
1.072934134714623289e+00
1.087338763537103681e+00
1.092368677144243350e+00
1.082802832948945415e+00
1.048342611988477779e+00
1.063194347268572537e+00
1.078260463646637302e+00
1.120066745903783190e+00
1.053741104664624340e+00
1.023885642128555373e+00
1.101011294147135056e+00
1.092904560145040005e+00
1.087251909069292477e+00
1.065941408963208215e+00
1.120292644233760626e+00
1.129169194571619128e+00
1.163356572056285509e+00
1.143896193739588618e+00
1.087317818756667664e+00
1.084225056064566761e+00
1.112670733093055420e+00
1.142738746718406695e+00
1.090031236895064870e+00
1.115681257772984658e+00
1.124041922975500762e+00
1.119175016896746699e+00
1.076304474411247103e+00
1.073407320156213984e+00
1.079302337824213698e+00
1.075123532092872702e+00
1.032761534385153279e+00
1.031426336250003573e+00
1.075816858303255019e+00
1.022825839137189829e+00
1.014962366956416284e+00
1.079515980359576188e+00
1.060265073403684477e+00
1.083204202583223363e+00
1.096149702960077521e+00
1.110100853147666822e+00
1.063370777835381809e+00
1.081708882027506924e+00
1.031215606487321912e+00
1.049770138142206433e+00
1.040483811923054613e+00
1.061283163583318201e+00
1.094441078786332566e+00
1.060969027703348777e+00
1.062327938356599777e+00
1.044970204748955300e+00
1.079284498606553289e+00
1.101063333810533784e+00
1.045082128124873000e+00
1.080238056436362726e+00
1.066524732310764279e+00
1.049266324182832166e+00
1.084006362079108277e+00
1.038745529862796779e+00
1.031496117144256930e+00
1.008991375505023935e+00
1.028832093141569537e+00
1.027319044124483938e+00
9.912498935636424591e-01
9.823388545367145452e-01
1.009451264884225985e+00
1.008205214217530843e+00
9.960810349673105968e-01
1.044238785957799731e+00
1.032221410071379131e+00
1.010894418469065581e+00
1.013044397890873638e+00
1.009296520893403049e+00
1.021920167662666357e+00
1.024735516454472473e+00
1.055427147366405416e+00
1.056846594477315548e+00
1.054755416402619383e+00
1.111757579861787582e+00
1.079774738492151664e+00
1.062644296777833786e+00
1.001149642699086906e+00
9.909269050311302340e-01
1.008940507195764891e+00
1.046366687240044335e+00
1.062217587360327009e+00
1.021951705954118772e+00
1.019017126461474243e+00
1.063116888045374742e+00
1.047896295849509274e+00
1.033690713997301058e+00
1.037382957117363391e+00
1.030343880407440738e+00
9.827325067361498689e-01
1.043216013415680266e+00
1.038811927500314480e+00
1.038919077229188526e+00
1.068822789813260954e+00
9.955759687673577663e-01
9.808417634995854062e-01
1.056493011650551095e+00
1.015493368479411851e+00
9.525752419501214430e-01
9.682968784132806039e-01
9.818779707484572850e-01
9.965161417560884916e-01
1.014891751963059363e+00
9.463358347019522610e-01
9.957415183723010710e-01
9.816097543514571422e-01
9.718774996796405441e-01
9.925524231268650910e-01
9.597724949704125041e-01
9.773430400982201505e-01
9.824523046210235089e-01
1.033470019987064115e+00
9.824703272544624832e-01
9.970089056051553156e-01
9.937003826829325925e-01
1.027876474401333562e+00
1.030317389048246657e+00
9.986732533457370886e-01
1.063693824370261831e+00
1.028664895075398045e+00
9.957360501178660339e-01
9.809922188357614870e-01
9.575314676692208149e-01
9.681088070626013842e-01
9.591804075254464212e-01
9.958536906350907714e-01
9.159688455508643301e-01
9.659825814835663049e-01
9.973180507324873600e-01
9.791585597055209034e-01
9.877158707445172769e-01
9.566269538377651926e-01
9.610203614519372550e-01
9.277775741658600417e-01
9.533739044522729911e-01
9.867679872548958953e-01
9.782249420629828274e-01
9.632670820181347127e-01
1.002846815120980395e+00
9.995424853488275030e-01
9.695433043708572285e-01
9.410515036353817031e-01
9.424479434942879541e-01
9.222961594989415035e-01
8.995860692077055631e-01
9.396702611641398750e-01
9.267330462861398388e-01
9.374671181165735723e-01
9.475647057038569798e-01
9.724947846578255728e-01
9.524758411362168609e-01
9.770758069839736715e-01
9.911161470902628556e-01
9.940615440133818703e-01
9.733823539879464803e-01
9.505117818419616116e-01
9.212757589972843109e-01
9.752435645414773147e-01
9.712564780575629886e-01
9.857008148583747964e-01
1.006730674658150582e+00
9.894096614699281478e-01
9.878664664008195428e-01
9.978761812064024239e-01
9.594060210683911238e-01
9.828357154030037401e-01
9.345376520267233422e-01
9.617311108332200487e-01
9.591607031994646704e-01
9.925697866337064301e-01
9.368159791805474867e-01
9.511967547747198770e-01
9.917895351681866867e-01
1.025606123833840533e+00
9.634443048892068484e-01
9.463842111991843664e-01
9.494620260337643947e-01
9.605537315299784717e-01
