6.094058850560872820e-01
8.487108331506485470e-01
1.052327214333250494e+00
1.234712173774073607e+00
1.223000793520032881e+00
1.280638310169727179e+00
1.287731110500086595e+00
1.345850069325268628e+00
1.343544767344407420e+00
1.279391801554255581e+00
1.312607409850660156e+00
1.275101175726001790e+00
1.242113871487503740e+00
1.194202632895898564e+00
1.218102986523210252e+00
1.214559750423931828e+00
1.331299722145436126e+00
1.383017958779496404e+00
1.317062935565107340e+00
1.275198181996877622e+00
1.258177614882515227e+00
1.251007684967240685e+00
1.273504180950417064e+00
1.227931598523040568e+00
1.134041245841736600e+00
1.211014814945948315e+00
1.288210525113462124e+00
1.353528902161348135e+00
1.359365163483463368e+00
1.384384350397189101e+00
1.316582959211008541e+00
1.255751822148982511e+00
1.188972049462447167e+00
1.227322965366995478e+00
1.229945438012304493e+00
1.207910091051475732e+00
1.251297444623165944e+00
1.212343890964467930e+00
1.303624254209017064e+00
1.311806378261788586e+00
1.322987324071085657e+00
1.257968099428179443e+00
1.259244155047280156e+00
1.222629584001384329e+00
1.192403893743977816e+00
1.192735654877626006e+00
1.193838726223473312e+00
1.186063563888223760e+00
1.178596889442082851e+00
1.141865599784247065e+00
1.179775619867367897e+00
1.138740265993304357e+00
1.157824116595099095e+00
1.150175221752493648e+00
1.177071967833027033e+00
1.191518298049012436e+00
1.219782716968281111e+00
1.182876453112127191e+00
1.175404230059950317e+00
1.190882132140323124e+00
1.159893882254331654e+00
1.074202670278867844e+00
1.093617595333610248e+00
1.121652932726549645e+00
1.167273202329497384e+00
1.182496224899350912e+00
1.181621220497319324e+00
1.131687491909946885e+00
1.133427068871722732e+00
1.132425069681251895e+00
1.248703698197191070e+00
1.166102293434454262e+00
1.165046422975196894e+00
1.148475770050498834e+00
1.173958467384492499e+00
1.154804258469848133e+00
1.128337935742640630e+00
1.144418725593089547e+00
1.234072297126514783e+00
1.170100977459350489e+00
1.158370998634107751e+00
1.145149473471789969e+00
1.183712356710330260e+00
1.188856658400566424e+00
1.184019677280166549e+00
1.215043052531643353e+00
1.096356216334696043e+00
1.092110486131638636e+00
1.141779956575663446e+00
1.136706033952126438e+00
1.149737876771731226e+00
1.139328389203581482e+00
1.191108858365111711e+00
1.152925086809700073e+00
1.150395456272794936e+00
1.174810917360794571e+00
1.168002229601240005e+00
1.097175250309785577e+00
1.106122022523543080e+00
1.037660458865509838e+00
1.142912909290146883e+00
1.123109908936350987e+00
1.131106413468507155e+00
1.161886455717544120e+00
1.195137667343499466e+00
1.167938957320677318e+00
1.164237065813046534e+00
1.147049993418856939e+00
1.165794094535833825e+00
1.105661532844764094e+00
1.083820450366985266e+00
1.074336095925123136e+00
1.136439740676119747e+00
1.105868829007000675e+00
1.100458995865159606e+00
1.108121691982399737e+00
1.136316915910439151e+00
1.133405033600334288e+00
1.128263750851968839e+00
1.168506549422510643e+00
1.104305027145309648e+00
1.138828712789706321e+00
1.107934284011232062e+00
1.133152213234049910e+00
1.082035924521074444e+00
1.146590718684427523e+00
1.127795148253201818e+00
1.132780411231435025e+00
1.135333004573612081e+00
1.092286246859962784e+00
1.129553086219700297e+00
1.145878179884667114e+00
1.221398402373760739e+00
1.202195372914928617e+00
1.154552725140371550e+00
1.100382299612912895e+00
1.042459377997671632e+00
1.068176119009665470e+00
1.087474486223303671e+00
1.075385893764450707e+00
1.091274711283470200e+00
1.044557227290881851e+00
1.061324336765815612e+00
1.086120965265404248e+00
1.037981827050303174e+00
9.955796105703075272e-01
1.036744854664768178e+00
1.144374977080718558e+00
1.170103540983564061e+00
1.067873936310635097e+00
1.024961372737760668e+00
1.022423691815762092e+00
1.076636502883486557e+00
1.065130082873904760e+00
1.072594794883983793e+00
1.088047431226563777e+00
1.115763894501174747e+00
1.127697661378929350e+00
1.164363779149147460e+00
1.143022608065511925e+00
1.102795670920888149e+00
1.123083407572728509e+00
1.126859026097135619e+00
1.074747685900035554e+00
1.059140132686643421e+00
1.065553266157833079e+00
1.063002251821625777e+00
1.042768154995416419e+00
1.090629296261977910e+00
1.093651696825242770e+00
1.113755183696731654e+00
1.103751677195925485e+00
1.034009854685843832e+00
1.052053033575111263e+00
1.094791324940753485e+00
1.069306854082723302e+00
1.042652864884236363e+00
1.070950394830436192e+00
1.034154033557867614e+00
1.010949823573993767e+00
1.046997043098546687e+00
1.070397934739302670e+00
1.087112702801080077e+00
1.020716715751549764e+00
1.047577124600074017e+00
1.056381829034829911e+00
1.003298595974875029e+00
9.869458895776171969e-01
1.015893307616934749e+00
1.032861388156389060e+00
1.053890345210316104e+00
1.086785105733923285e+00
1.107600182175691339e+00
1.055116565063191514e+00
1.086942835487298531e+00
1.025131302208908135e+00
1.015928534209690204e+00
9.720962517211360066e-01
9.616348793541505957e-01
