4.991029084080735312e-01
7.270508327835708551e-01
9.669729532805272365e-01
1.160977452206128469e+00
1.228195636288386794e+00
1.263493227141597952e+00
1.302301938245876922e+00
1.187080196663664822e+00
1.196067375918477671e+00
1.134434425518572542e+00
1.176584933608397998e+00
1.167624265005453355e+00
1.215241528756625611e+00
1.165583508528845069e+00
1.221847911054456004e+00
1.157559165872313001e+00
1.208562108472030161e+00
1.187808807295837266e+00
1.169841066402603769e+00
1.194709089442267613e+00
1.218318007498672140e+00
1.209612822028933055e+00
1.253456266636582050e+00
1.257796279994075839e+00
1.203004177389712659e+00
1.126944055982669113e+00
1.091035489996885932e+00
1.051839632832717752e+00
1.060802826880748118e+00
1.123953704754823590e+00
1.178236496313087134e+00
1.281709949777524393e+00
1.199594922582400525e+00
1.177487970893377867e+00
1.200295249308077405e+00
1.154729653653274069e+00
1.179228153748679953e+00
1.136642746865227149e+00
1.169754901066350605e+00
1.169455101020203447e+00
1.195728822443419048e+00
1.168751092154076909e+00
1.162053226664962802e+00
1.171611222531191876e+00
1.158637867942340360e+00
1.138966924542859527e+00
1.181162007474891862e+00
1.149606022025916996e+00
1.147385988725871941e+00
1.177791143116617478e+00
1.171451728442416851e+00
1.206373933235137974e+00
1.152219870577292582e+00
1.126929889925107675e+00
1.106866821696438352e+00
1.114299974436316010e+00
1.097624463664079508e+00
1.106405508347774846e+00
1.131709345530079736e+00
1.075689693491732823e+00
1.102972664301045569e+00
1.139124244523894269e+00
1.234024562771443900e+00
1.296987704023739418e+00
1.257413453545719095e+00
1.193720331055937667e+00
1.143010279312719701e+00
1.116259172641906661e+00
1.162223978916496758e+00
1.185750439954623037e+00
1.153284989476149436e+00
1.119354346241929754e+00
1.175541336672610848e+00
1.144407415751451440e+00
1.084549387563754852e+00
1.066589123585564902e+00
1.097091210868375244e+00
1.097123271898109431e+00
1.065702023360580286e+00
1.068467928713815240e+00
1.070249671219010823e+00
1.106010550701026940e+00
1.095422861453802410e+00
1.042813303612088349e+00
1.029745206468593688e+00
1.035916161811737402e+00
1.098865053120305024e+00
1.145860185719494551e+00
1.153835626584140961e+00
1.094990294503530581e+00
1.068797035510221427e+00
1.071772950154702864e+00
1.053584546364469743e+00
1.035205596487721369e+00
1.026570448073441888e+00
1.082997890436573130e+00
1.068162096396745087e+00
1.082032256373735235e+00
1.114393796710083429e+00
1.073312885565732566e+00
1.083883851609708682e+00
1.037423769708873511e+00
1.055852740762717623e+00
1.067651531080241245e+00
1.124254403212549658e+00
1.125944260363539451e+00
1.081046172447943876e+00
1.030490967965020710e+00
1.047739680826333064e+00
1.049363169631605253e+00
1.083807465423995531e+00
1.095707976750846191e+00
1.062553336545803528e+00
1.043007500784460362e+00
1.086576884498401618e+00
1.154838341909149690e+00
1.122086706446334903e+00
1.063953667673410486e+00
1.069859307730889331e+00
1.031358405768215913e+00
1.096866701161684610e+00
1.060084690701330601e+00
1.112118881949331284e+00
1.080558605147412088e+00
1.075817572805453759e+00
1.076254584286340465e+00
1.109945619813335282e+00
1.071262092066825655e+00
1.048355959443725061e+00
1.072421330714768528e+00
1.060235863650312638e+00
1.060603108036916264e+00
1.057876081427370440e+00
1.074542434031740434e+00
1.080469969632002813e+00
1.054369730988905074e+00
1.020438078598632448e+00
1.038663195413445983e+00
1.052622654182608475e+00
1.024996572781686099e+00
1.052903908001482813e+00
1.074351317494112612e+00
1.080361738483677447e+00
1.075325882529390320e+00
1.147277671854453729e+00
1.127659666979303754e+00
1.084182206392829473e+00
9.947992382589734284e-01
1.063968372845621513e+00
1.029933592801793862e+00
1.058265937052128125e+00
9.746883748247657797e-01
1.014516865284592173e+00
1.040918123959442276e+00
1.117555521814469710e+00
1.077549894765144733e+00
1.062053032517795703e+00
1.035724795595846848e+00
1.018057289461584025e+00
1.026504288615703864e+00
1.050248968447641040e+00
1.021813925013648650e+00
1.062107231444326505e+00
1.053158959236110137e+00
1.036119829141267212e+00
1.047823828598368090e+00
1.068687908785183494e+00
1.062094219942690376e+00
9.991193244624178016e-01
1.012763783942688178e+00
1.062345121290194649e+00
1.095257117511491796e+00
1.064634553849052923e+00
1.066665991148815884e+00
1.023915632815524113e+00
9.729576152820411661e-01
1.030725692721850439e+00
1.039120157628094621e+00
1.038705229326512436e+00
1.014681628347650522e+00
1.015299476152388358e+00
9.788268893045360963e-01
1.008631129615774835e+00
1.006838641339163676e+00
9.893650942167422357e-01
9.933682530699704527e-01
9.572179526723598730e-01
9.543832619081780155e-01
9.448252860507890816e-01
9.596772972675712277e-01
9.531785133662280529e-01
9.589776597374236600e-01
1.023544634292595790e+00
1.025973641591245267e+00
1.023006479966465543e+00
1.047505159714432921e+00
1.024449651424424568e+00
9.792379823001107209e-01
1.014822270241598323e+00
