5.517850482726289751e-01
8.011244711039630095e-01
9.393601148635152276e-01
1.043466314945237450e+00
1.104619755475982901e+00
1.145537786745360886e+00
1.116531996730862897e+00
1.136019536922112660e+00
1.112529806834996915e+00
1.035547358397868933e+00
1.101356732896253909e+00
1.085619720772813990e+00
1.074140908668919536e+00
1.055723843985140631e+00
1.059180218126163586e+00
1.120020190196057364e+00
1.089247030015272788e+00
1.064921867678849665e+00
1.055263035201920774e+00
1.087375932154932334e+00
1.021447253505515462e+00
1.068604997329160478e+00
1.139834918042777367e+00
1.134342206067544989e+00
1.111431609294286416e+00
1.065605276593230677e+00
1.077996510640790495e+00
1.093592278962326914e+00
1.029150650438095838e+00
1.020892143117608120e+00
1.043984299972512630e+00
1.045927495037938915e+00
1.048473895044977899e+00
1.032955617198672904e+00
1.102916767082347427e+00
1.175664553720010330e+00
1.156345460757116417e+00
1.066885954189513042e+00
1.032470182542162940e+00
1.012299440291640096e+00
1.100928996391506987e+00
1.081003332529013150e+00
1.139178559212895125e+00
1.091950921935348928e+00
1.129573439530899837e+00
1.108278115439903511e+00
1.055899830905866477e+00
1.032630075922306156e+00
1.065010483283236553e+00
1.066995489529542152e+00
1.135100288953138303e+00
1.164141300871779139e+00
1.111602458313328379e+00
1.060123670087886882e+00
1.067087857570771847e+00
1.051235153483252915e+00
1.066071227547212619e+00
1.066386479650897057e+00
1.054680239169634826e+00
1.015673436380496453e+00
9.737389774721840752e-01
9.726172965058704767e-01
9.945049459238159972e-01
1.016413171782322378e+00
1.007383416435639667e+00
9.704386669342088823e-01
9.800715359650274960e-01
9.595145654006620450e-01
9.641861473170353358e-01
9.875772183052207165e-01
1.026321188070294488e+00
9.353203133815759518e-01
9.580179419150486320e-01
9.484068293496887847e-01
9.817351202306582314e-01
1.004680782936448136e+00
9.960135847088598116e-01
9.668893450801419043e-01
1.029937249600175742e+00
1.014311485880722952e+00
1.028539378007734983e+00
9.708317488968351006e-01
9.561528284354015028e-01
9.636202738157885195e-01
9.475948134200753437e-01
9.988111073918040095e-01
1.029085956534150803e+00
1.001565894816474733e+00
9.974153993627588033e-01
9.924880169546365094e-01
1.004890527720835314e+00
1.011264893977577017e+00
9.726278587840717638e-01
1.012483722972190803e+00
1.024865806261286094e+00
9.921288094159660398e-01
1.028953954729830977e+00
9.694299870690518128e-01
9.619767253022974973e-01
9.674007566265862001e-01
9.573592780303146199e-01
1.008919526546448786e+00
9.853285574244429190e-01
1.001998546910150445e+00
9.674015012528495161e-01
9.565768971723294101e-01
9.283397648752074183e-01
9.469314674188602510e-01
9.818843480876655594e-01
1.004772021815048433e+00
1.004099015658698857e+00
9.878937206997595588e-01
9.933656043521418288e-01
9.855551997004419196e-01
9.950939702779876272e-01
9.931328855072569795e-01
9.334197630160908643e-01
9.273988749616283167e-01
9.407109831844140402e-01
8.953183546187728492e-01
9.562379392166049374e-01
9.853889466549795584e-01
9.875252976181692066e-01
9.491753628149373068e-01
9.510064278229882762e-01
9.087056202001931871e-01
9.813340140733729511e-01
1.020490723041590053e+00
9.670271566946248010e-01
9.645234814127009448e-01
9.700132225372157802e-01
9.459468938929423976e-01
9.552452810578287989e-01
9.754060143447254028e-01
1.024163817862897119e+00
9.785953144280159499e-01
9.458472501233315954e-01
9.174107219850533568e-01
8.964552402161830580e-01
9.137320091626728313e-01
9.689889806636917680e-01
9.275893372992549679e-01
9.425849088688584843e-01
9.338052972658943407e-01
1.005259491067807875e+00
1.012945023534835398e+00
1.016992806289696238e+00
9.699260130714578709e-01
9.238748397280998059e-01
9.275048317138440135e-01
9.677913871800816192e-01
9.635183332183889782e-01
9.413152603643587524e-01
9.379717072667451694e-01
9.162444119260727549e-01
9.120054529087604500e-01
9.594950012603302714e-01
9.451580520972846511e-01
9.279336418424951605e-01
9.166023455901228800e-01
9.509989164616674540e-01
9.007353508625373095e-01
9.100313147695356930e-01
9.219430799133594423e-01
9.427843841795499058e-01
9.359695084929182674e-01
9.449108566187429670e-01
9.493023206777948531e-01
9.143221800285652456e-01
8.961917213922045988e-01
9.304534369712404995e-01
8.968652873389294511e-01
9.784411346308894419e-01
9.379773437163241301e-01
8.891249120577229270e-01
8.560929522237881173e-01
8.932440902158429452e-01
8.970963291634206360e-01
9.396359583615130351e-01
9.148952771977370002e-01
9.182960482616527864e-01
8.769082110854516943e-01
8.846706047812619156e-01
8.972303152256341230e-01
8.997467417525911726e-01
9.395141061430056784e-01
9.074404422120423419e-01
9.452057325646224806e-01
8.923514167319327450e-01
9.103710782878902119e-01
9.254449287143916569e-01
9.124853280555549340e-01
8.874024300428612344e-01
8.973027891795021249e-01
8.824943100846330823e-01
8.996957114483197238e-01
8.967526909714398364e-01
9.225751819939841392e-01
8.885430286563537061e-01
