7.389309945322560802e-01
9.817805325035645625e-01
1.033505422827674103e+00
1.212618021770782484e+00
1.338070743670392471e+00
1.291468957167585252e+00
1.286648302024172574e+00
1.245012528547118302e+00
1.282437842394231087e+00
1.309236005143375792e+00
1.299362485691262004e+00
1.224445039286270687e+00
1.189485995847228139e+00
1.163945110585487441e+00
1.220923709880871844e+00
1.222060220054674851e+00
1.231812087369873021e+00
1.220846298123348550e+00
1.268139793666751780e+00
1.196488657167144476e+00
1.161580469409429606e+00
1.163294077183521402e+00
1.210836181571674608e+00
1.245396898004097475e+00
1.267459940109840533e+00
1.219797560572883244e+00
1.219359655360663597e+00
1.240534154009002243e+00
1.265080509690923227e+00
1.214030470638609582e+00
1.261773741927276316e+00
1.229657287154546363e+00
1.193943952405883246e+00
1.217890677844532865e+00
1.283956431833735312e+00
1.258990488723762402e+00
1.249694456046641200e+00
1.165169604953311344e+00
1.224914626780071014e+00
1.240652982847842312e+00
1.238879938426034055e+00
1.282783468987771736e+00
1.203392237217821181e+00
1.188493625898116912e+00
1.193116131766688515e+00
1.215773225131286273e+00
1.256027140124390762e+00
1.155224991548156721e+00
1.130313239641470346e+00
1.145482154773356021e+00
1.187817061186686729e+00
1.183844619109463148e+00
1.149618006729529407e+00
1.159728995898799964e+00
1.130331619862920078e+00
1.127152232113681318e+00
1.149977441341601070e+00
1.123099311747911999e+00
1.179251564523254858e+00
1.138778822742749108e+00
1.136241071345703180e+00
1.141437633967124166e+00
1.195875383392113411e+00
1.244068022198296708e+00
1.299587839337590811e+00
1.220415466635002444e+00
1.200132043701804818e+00
1.156536607601367894e+00
1.159056889075678498e+00
1.200248527063306092e+00
1.166111302417689677e+00
1.152184397786763626e+00
1.186989288927574160e+00
1.158651225617545411e+00
1.191350887752414822e+00
1.143664440712060415e+00
1.122980560834697439e+00
1.174089280605185470e+00
1.156520233679235954e+00
1.100454349202092175e+00
1.161975496721497025e+00
1.204177453882500748e+00
1.177984328419272142e+00
1.166329205864856222e+00
1.163225816060472706e+00
1.143030657403410588e+00
1.152629450684945933e+00
1.122479674475257871e+00
1.219180848335492895e+00
1.214290080212154344e+00
1.212166442754281093e+00
1.217572492334915824e+00
1.197776859653697290e+00
1.154965035113667993e+00
1.158954432491507092e+00
1.107482962626841649e+00
1.146140703897244650e+00
1.102733450858344622e+00
1.158084176088872486e+00
1.154589358080312156e+00
1.159741824195398285e+00
1.132812495341425141e+00
1.103120702211060511e+00
1.090128200991570040e+00
1.143982832984919540e+00
1.124538802051540110e+00
1.106418382548009838e+00
1.129758432172311089e+00
1.104868265612775735e+00
1.076941322734476403e+00
1.089358493070877287e+00
1.069203569932928533e+00
1.069569412199105507e+00
1.077975558821605784e+00
1.113805005978845353e+00
1.073470635738950074e+00
1.066486425234274948e+00
1.088866548502941178e+00
1.119861671437246464e+00
1.135760324559905277e+00
1.121202327544270183e+00
1.166183469045895205e+00
1.151108714002675448e+00
1.111597533743706068e+00
1.148452459226815270e+00
1.105197948829594878e+00
1.118037478697440079e+00
1.109483277237534260e+00
1.106741729481846903e+00
1.123626866167458216e+00
1.119356268161614487e+00
1.161744116583860009e+00
1.153304106443836297e+00
1.158251107260350299e+00
1.163006652864647883e+00
1.094060430746389700e+00
1.101152074953366311e+00
1.106541522747625406e+00
1.150633488097045021e+00
1.133540937657970371e+00
1.130924533992816672e+00
1.108294259158552064e+00
1.101108497897658411e+00
1.154772968873853500e+00
1.133753923128865138e+00
1.092158031701499166e+00
1.113285774914318793e+00
1.062181095914757734e+00
1.142268575697004795e+00
1.126756677963990594e+00
1.140656052243862240e+00
1.180076715206285654e+00
1.140039781040424804e+00
1.088029547708232014e+00
1.057835724399221355e+00
1.053683168976957685e+00
1.074596051208908332e+00
1.062443972399626180e+00
1.060816282235642838e+00
1.099906248037524570e+00
1.157318348428519883e+00
1.116569281249829793e+00
1.060795479535389774e+00
1.054080194032814832e+00
1.102325279419023030e+00
1.123613971915671694e+00
1.165200627665976318e+00
1.158618142036758947e+00
1.132710643253897365e+00
1.100326096638300388e+00
1.022311640437671754e+00
1.120245179999912910e+00
1.121749221908589167e+00
1.144533405701009032e+00
1.139828883685574112e+00
1.113941839368598696e+00
1.072998275388045819e+00
1.045611073569390204e+00
1.045137407693741860e+00
1.039912743352027436e+00
1.074308111130353183e+00
1.057494358527427236e+00
1.050121505908565345e+00
1.064075632374366753e+00
1.025841246179825861e+00
1.009928880501722581e+00
1.045741583614792969e+00
1.055491367788657708e+00
1.080498940723278123e+00
1.035578012964102124e+00
1.038542382113943008e+00
1.055937849648282079e+00
1.102592055400977378e+00
1.127962029999708626e+00
1.056982259999912799e+00
1.036872327719494669e+00
1.038571392489637146e+00
1.028094969585552354e+00
1.053106885024670314e+00
