5.476310777171194966e-01
8.090088728872523172e-01
9.528367520531981771e-01
1.187444372627725286e+00
1.168509594406056618e+00
1.246118968329135379e+00
1.274890615958061302e+00
1.227919228474904756e+00
1.156234319351883810e+00
1.214089235763590402e+00
1.179266928231999634e+00
1.164034354174264152e+00
1.200634007367491485e+00
1.194667410731725221e+00
1.187616646077511717e+00
1.222894833624226907e+00
1.221822788476533583e+00
1.269202679787865051e+00
1.183015086687772222e+00
1.163809520494488492e+00
1.213823594238605974e+00
1.196436414202517673e+00
1.169035566123648451e+00
1.171474452167908797e+00
1.152333373976014430e+00
1.168249068059715068e+00
1.161967861835010885e+00
1.135068101648537331e+00
1.151101198075769494e+00
1.159598002845289466e+00
1.215401497682725207e+00
1.167896583780236641e+00
1.176888638197493675e+00
1.153007557197808453e+00
1.172572076307719868e+00
1.141219282456071404e+00
1.188105655324807719e+00
1.200839724973398415e+00
1.232845399133530195e+00
1.236420949300075511e+00
1.192101036303035544e+00
1.159172435792464428e+00
1.138136430197048021e+00
1.121879344581309113e+00
1.196801566125992533e+00
1.180092745338387816e+00
1.180457528044603910e+00
1.114298988029161386e+00
1.089104816313858137e+00
1.119290556619920496e+00
1.145595378292016742e+00
1.097984902657345163e+00
1.138605275827293761e+00
1.118177590657847054e+00
1.154137059547792443e+00
1.150716389206468904e+00
1.151235867798214185e+00
1.132345616343815475e+00
1.161379731716622343e+00
1.145774970991341846e+00
1.150676304271322836e+00
1.171911353239263320e+00
1.165501028717251808e+00
1.129207791993480647e+00
1.176616007344233772e+00
1.177140134058590526e+00
1.144301117476395291e+00
1.139349520759935563e+00
1.100347903154978102e+00
1.169022537524793570e+00
1.196165931759684220e+00
1.169349107276669741e+00
1.143983622587069426e+00
1.132372343658375247e+00
1.163962481354055667e+00
1.118524938957282222e+00
1.170180264607116216e+00
1.201960315565441473e+00
1.166472324248271741e+00
1.159170371477250772e+00
1.160668796034551198e+00
1.152033093878438219e+00
1.187269449057556603e+00
1.139063933820317898e+00
1.143829093129403063e+00
1.080734693176115702e+00
1.052964391412165579e+00
1.021568779808761152e+00
1.052248864037499620e+00
1.087529544422945360e+00
1.095784209948869936e+00
1.039379692262301536e+00
1.052162871123047516e+00
1.048032824013298558e+00
1.112397464956323967e+00
1.117531832757199695e+00
1.133040711473423778e+00
1.106268157445111200e+00
1.182378830154386495e+00
1.166667292018329638e+00
1.157544553266545595e+00
1.123399509530117468e+00
1.164881947301543930e+00
1.159503194783773727e+00
1.129624192269719885e+00
1.080479081668419994e+00
1.048106509401207198e+00
1.083688159731159173e+00
1.086854122431975433e+00
1.023597910705295266e+00
1.066263888404537008e+00
1.060411537626197109e+00
1.075535290131835797e+00
1.096303952393283154e+00
1.167093827745293799e+00
1.127744510198899208e+00
1.070850174143167521e+00
1.067339128556656469e+00
1.103779237789715539e+00
1.060265508505083831e+00
1.131731000273443533e+00
1.084628288928076945e+00
1.117723602875297928e+00
1.064299419999579666e+00
1.076467309077979495e+00
1.091460848383737137e+00
1.122338519253205380e+00
1.099980428613370087e+00
1.160430748154074543e+00
1.085375207014152910e+00
1.051965059394396773e+00
1.106442808986555226e+00
1.102493421001114360e+00
1.044420598536651923e+00
1.023587552958177493e+00
1.085795618186746525e+00
1.044379185773996133e+00
1.107770404136902975e+00
1.099884515866398571e+00
1.120804041008316210e+00
1.079012295557124634e+00
1.047913267928390901e+00
1.130287212231397387e+00
1.037001556356234921e+00
1.065596988272846657e+00
1.048075517895953102e+00
1.085717788436639797e+00
1.066633759130157788e+00
1.019410969660996313e+00
1.004501506190712545e+00
1.078136581204036881e+00
1.104581783611965573e+00
1.119563914799316384e+00
1.150026944427835263e+00
1.164617668287993180e+00
1.101815132752700821e+00
1.076151151385791094e+00
1.076188226973077366e+00
1.068840470869754533e+00
1.078639867681004727e+00
1.040179471502879371e+00
1.043223272116923006e+00
1.047491125921562016e+00
1.040428583429238829e+00
1.057765184996029006e+00
1.032969284127151610e+00
1.125048454744821846e+00
1.141685033830983409e+00
1.065508993906716162e+00
1.062122033989628456e+00
1.038479495025564026e+00
1.081941654557776689e+00
1.090335818743124019e+00
1.094533997751717891e+00
1.115524169076507643e+00
1.124876334590507954e+00
1.047959250843265799e+00
1.018852067679074214e+00
1.026351957452467101e+00
1.030711110473827574e+00
1.004480387187814738e+00
9.888775317335672943e-01
9.844043313037068588e-01
1.025592031496172174e+00
1.061280340411161482e+00
1.092849015372472588e+00
1.096423558421463440e+00
1.062369946700384871e+00
1.019038538164914076e+00
1.050096586028353540e+00
1.043996370527993101e+00
1.022558195638112233e+00
1.047736398665644275e+00
1.084674888442389129e+00
1.047547271350039555e+00
1.033119329801266639e+00
1.047385787832830539e+00
1.027286047897900234e+00
1.032582405974929118e+00
