5.435101839489870912e-01
8.236301520774862439e-01
1.026338633900376607e+00
1.252389961706490862e+00
1.360176869262051946e+00
1.390496542686343373e+00
1.385580105503046555e+00
1.323225153397519449e+00
1.272572816700658915e+00
1.313144837834854251e+00
1.264136598260908295e+00
1.254551157164676356e+00
1.265245620262898107e+00
1.245377336920671540e+00
1.319265456576323325e+00
1.309386783304351765e+00
1.363209898528250807e+00
1.290025879205463077e+00
1.291816749513468698e+00
1.283908756070237356e+00
1.299489080952541675e+00
1.286469845713133164e+00
1.237383806462177605e+00
1.278203378265107881e+00
1.257410808035655414e+00
1.239302008053600135e+00
1.239432143807172260e+00
1.291935975386198088e+00
1.392870901968745079e+00
1.386484134226471321e+00
1.285570410565005872e+00
1.284098494671179536e+00
1.247642998794277203e+00
1.212693667940461850e+00
1.258620691621722631e+00
1.219095407698262745e+00
1.252738931304027359e+00
1.300246072670345310e+00
1.290800187995980730e+00
1.225495223437589987e+00
1.204909432141380021e+00
1.223701948368981052e+00
1.214623712925383847e+00
1.253896810329426348e+00
1.275910168699669001e+00
1.255423784946662069e+00
1.250527093262307154e+00
1.318426496897171729e+00
1.285135147499465003e+00
1.308918355647982423e+00
1.313040795990331189e+00
1.303636901988080687e+00
1.306112616770710666e+00
1.267554157473475440e+00
1.321044262432972127e+00
1.268721991534199178e+00
1.281669320568263215e+00
1.304302593510719310e+00
1.257496918556588739e+00
1.199617922614785170e+00
1.232037857842280593e+00
1.206324632788164042e+00
1.232643413451267600e+00
1.203879749058636595e+00
1.287258877845935290e+00
1.263328531591918269e+00
1.242805066506351475e+00
1.159908221494812430e+00
1.227578861487760076e+00
1.247395069868254103e+00
1.219958722634385540e+00
1.172717717537709703e+00
1.172019038328121265e+00
1.160483345152709678e+00
1.254790265136536132e+00
1.205612029029604626e+00
1.129133475849336987e+00
1.167071519407355540e+00
1.253734214908589051e+00
1.249642061574199436e+00
1.213506187556599114e+00
1.206157610655546941e+00
1.224461768415187946e+00
1.216823413234864759e+00
1.213360462255875127e+00
1.181781284769364726e+00
1.178060955522902908e+00
1.200264459180441667e+00
1.178940589134436001e+00
1.181487638406881535e+00
1.254086386790266738e+00
1.231360051416731549e+00
1.210273327634891594e+00
1.164284467969174619e+00
1.184788565563221097e+00
1.218856081775449907e+00
1.180063458366128915e+00
1.153716014238577836e+00
1.116770888381972471e+00
1.195661290512323838e+00
1.189228088752505963e+00
1.238113611115506441e+00
1.189050606905154073e+00
1.184487389396664980e+00
1.217705010717704095e+00
1.180709871209461248e+00
1.260198567425360405e+00
1.166802311609218989e+00
1.209376454874296014e+00
1.148113125704715465e+00
1.132605824404801176e+00
1.166938598708944452e+00
1.172888672874835558e+00
1.123279993064927540e+00
1.194102487405235724e+00
1.173592097011843860e+00
1.180006031452252913e+00
1.171840096901658468e+00
1.137764234962168830e+00
1.160240083743564909e+00
1.188971402113739195e+00
1.151461555443345164e+00
1.146150848459715377e+00
1.138581863403218319e+00
1.136911017854589145e+00
1.111720533346958861e+00
1.164177425314024683e+00
1.173447270755385130e+00
1.200907339694587073e+00
1.120661388391296809e+00
1.147623001843455226e+00
1.142493652810044225e+00
1.206168986287640132e+00
1.216224001605540339e+00
1.214110935424981941e+00
1.177078548855608586e+00
1.161907758445056116e+00
1.175346375770949026e+00
1.164871389880494768e+00
1.059586527961950075e+00
1.127318184671964429e+00
1.180935176779906781e+00
1.216838986775325093e+00
1.191532260250819597e+00
1.176392402743290377e+00
1.167684419667837092e+00
1.173535693094373222e+00
1.162933592863826471e+00
1.121182637358429046e+00
1.140465361788558285e+00
1.171660826364436803e+00
1.102894579662631491e+00
1.164813791098682438e+00
1.143909996449359312e+00
1.214753449406429597e+00
1.216861099153866421e+00
1.168317641115375949e+00
1.182511533158106865e+00
1.162378002546613498e+00
1.151193226798966629e+00
1.188523389634726479e+00
1.162555611012072276e+00
1.110253227242693486e+00
1.172838298320906913e+00
1.164912536598422976e+00
1.168948786299828457e+00
1.125446093638871492e+00
1.091733219321516568e+00
1.170404117602781957e+00
1.097313006585840078e+00
1.072130498379061159e+00
1.115763675966992885e+00
1.171486568394084049e+00
1.177360738231604920e+00
1.166753401136569002e+00
1.128237409779696110e+00
1.147899250310946861e+00
1.170656590795143615e+00
1.149299093572583086e+00
1.113282903141620039e+00
1.112272802252338488e+00
1.081503629667303290e+00
1.126731007863871925e+00
1.112447411580155476e+00
1.059074328937440468e+00
1.098124080591942331e+00
1.124727223894980588e+00
1.046875052074598855e+00
1.081771306060498761e+00
1.115247381451605069e+00
1.094806117036770443e+00
1.106056866496791358e+00
1.067252317763497826e+00
1.081543661232651443e+00
1.140718416107415978e+00
1.143916159900203677e+00
1.162504170552893124e+00
1.144496026138972722e+00
1.148886140570119618e+00
