7.173810930257802365e-01
9.312979358254892537e-01
1.087955331921064861e+00
1.270880094372430102e+00
1.268892054548357073e+00
1.285441679462667297e+00
1.280479698153250245e+00
1.176945515138885900e+00
1.198696988847761657e+00
1.162537549207360410e+00
1.213343577774429471e+00
1.242468343374776296e+00
1.285858356231854183e+00
1.264197821351444651e+00
1.209365520215491374e+00
1.144215397634921860e+00
1.177944805823799124e+00
1.221830560340539495e+00
1.193527858288832233e+00
1.224676908244975326e+00
1.219694657837355534e+00
1.283973620197878196e+00
1.217146572040003649e+00
1.207375293124294036e+00
1.229677620341298017e+00
1.189897189007059097e+00
1.218271210859590559e+00
1.225068555731976705e+00
1.256927066400693960e+00
1.180339642057980587e+00
1.206544831313490551e+00
1.222846774386267210e+00
1.188730713292748487e+00
1.181509358938141352e+00
1.128298549880481616e+00
1.136512284387172889e+00
1.167094418171476411e+00
1.151838957382423700e+00
1.113453117348657928e+00
1.158080403534085034e+00
1.239289369752465397e+00
1.257292389056783533e+00
1.270356099257905269e+00
1.215647516235139447e+00
1.203264381794226567e+00
1.226867392024362680e+00
1.225870945601205575e+00
1.193557331404118349e+00
1.236527577777072118e+00
1.222444006549264550e+00
1.212041975448878040e+00
1.211908139708800514e+00
1.223544548926583264e+00
1.207091204519628036e+00
1.194532491904464422e+00
1.161586625538646222e+00
1.168293879128811330e+00
1.159788679636814868e+00
1.232930855777776280e+00
1.188703715008789130e+00
1.163178852077010328e+00
1.122704490046311010e+00
1.131975586211892981e+00
1.249701210680127073e+00
1.297890796681302916e+00
1.222945039629890207e+00
1.229800055943581105e+00
1.196859720784740677e+00
1.215219835144510263e+00
1.260902667333044347e+00
1.274668680759911910e+00
1.251954653373954951e+00
1.187625621145596888e+00
1.156773803003427803e+00
1.124869819837789331e+00
1.108476574059078512e+00
1.107611686372065529e+00
1.115300411406421333e+00
1.172311077616924990e+00
1.186793437218996772e+00
1.144757174636774621e+00
1.098521315862953651e+00
1.087201667955800088e+00
1.085981370822616254e+00
1.129172164063587891e+00
1.103118314840911163e+00
1.142565976608109990e+00
1.196375193915887980e+00
1.153738557004920562e+00
1.067094083436245455e+00
1.078628205396163775e+00
1.097014808730040425e+00
1.148320538907040556e+00
1.062427988710565208e+00
1.040166382733550776e+00
1.118018981412093327e+00
1.148962264638996311e+00
1.135715567653748925e+00
1.165248538063520911e+00
1.130077276575677026e+00
1.154063132375990230e+00
1.153607771974523466e+00
1.134451647482394465e+00
1.089324781285246013e+00
1.149628235460726122e+00
1.069648133807190815e+00
1.080406587614717528e+00
1.050614697140354936e+00
1.071825199050999045e+00
1.066848008057763586e+00
1.082030989378046870e+00
1.065829168639455649e+00
1.013469296099791084e+00
1.063090423116329397e+00
1.071437994475696209e+00
1.035434064810637489e+00
1.081281181690539661e+00
1.048346969487328861e+00
1.097162447324840029e+00
1.099434600755829994e+00
1.110522221584734570e+00
1.060200096070261555e+00
1.067572518566236583e+00
1.085441458868426690e+00
1.063864862977316195e+00
1.057514784682853870e+00
1.051098345402374346e+00
1.054730500211002120e+00
1.099897497583258499e+00
1.079405938152815381e+00
1.089278986587844722e+00
1.076160880590508961e+00
1.088874053322637980e+00
1.045080175285263202e+00
1.078512394139422348e+00
1.063205167968686693e+00
1.055959452062171566e+00
1.062940940833185355e+00
1.059248166385803103e+00
9.972970385983918051e-01
1.025013964063124394e+00
1.060833692999192834e+00
1.097014909225724200e+00
1.095017304530067737e+00
1.062845559777610083e+00
1.043399329410537479e+00
1.044768109807340917e+00
1.046941774631328759e+00
1.071250871316545172e+00
1.032320266293171418e+00
1.086574603519539384e+00
1.047383229449861064e+00
1.037739267602006743e+00
1.068262385710007312e+00
1.017640379374344484e+00
1.091723067536651826e+00
1.064703803121785475e+00
1.110544708486457255e+00
9.997010550330577283e-01
1.048727902724084560e+00
1.064700880706559216e+00
1.068969777209188621e+00
1.071080869018057768e+00
1.063916917278235230e+00
1.082092733652443961e+00
1.001067038789936969e+00
1.044282456169776552e+00
1.049356255759301471e+00
1.066144856692381460e+00
1.097324181963565959e+00
1.033497011467610971e+00
1.068024222041629834e+00
1.020289314784327273e+00
1.025051502116146596e+00
1.013060850575177030e+00
1.054333329756963034e+00
1.055897243764402749e+00
1.080595898116487596e+00
1.080544042726197196e+00
1.080936712154921375e+00
1.052004545046063111e+00
1.090537293198578395e+00
1.085291023992733583e+00
1.033154156497096521e+00
1.033364383468315495e+00
1.076309960785065023e+00
1.028879142634601784e+00
9.974399036706441679e-01
1.018186848727431038e+00
1.071505562998246619e+00
1.066173209439756908e+00
1.033705991351225428e+00
1.057048048017188879e+00
1.103409640392570834e+00
1.061476187690785222e+00
1.056616583168404011e+00
1.054424702438266026e+00
1.112021215113348616e+00
1.061979964689064415e+00
