4.063561953530088200e-01
7.260099690787064075e-01
9.450994629301037175e-01
1.150762514264154657e+00
1.168185905234486954e+00
1.154907979757744396e+00
1.181637988007159690e+00
1.176896959549344590e+00
1.148530248184493674e+00
1.116593202013302477e+00
1.173973313471618152e+00
1.182742974407481329e+00
1.220420319919690355e+00
1.168415403525444152e+00
1.148180753425427136e+00
1.161310356909648123e+00
1.105961248702824085e+00
1.097097530779737262e+00
1.103191460532417789e+00
1.133119208527357369e+00
1.158829305609679894e+00
1.144110583250214530e+00
1.122055416012747164e+00
1.157842193597642844e+00
1.168586796763967595e+00
1.175331025861382939e+00
1.121642062128876960e+00
1.104196671795256934e+00
1.125530537416292942e+00
1.212669908367725036e+00
1.190008454064322763e+00
1.155216953255506329e+00
1.112600059207952796e+00
1.061769573714646864e+00
1.092218817882091075e+00
1.060950931221742666e+00
1.127034210236283140e+00
1.101488804084364670e+00
1.136454041550426286e+00
1.137369311233038971e+00
1.105777219537159572e+00
1.082606250330441444e+00
1.061189293464025907e+00
1.079264468328538396e+00
1.142873564996085278e+00
1.125176372515126921e+00
1.176462252702906941e+00
1.222547583490192658e+00
1.220150062472363572e+00
1.113340146016918109e+00
1.086773028422610698e+00
1.111370043730524948e+00
1.127867771660546747e+00
1.106445088784162145e+00
1.129541187252297796e+00
1.132068584106776576e+00
1.101369829884806695e+00
1.109692104130046930e+00
1.113805453711145699e+00
1.079370871937438414e+00
1.091080008860652262e+00
1.109924032582635389e+00
1.174034116746219825e+00
1.151910006190817404e+00
1.164678192880914676e+00
1.152122951732662104e+00
1.106509132231868309e+00
1.090744642380619300e+00
1.140917715304520241e+00
1.112702340062694528e+00
1.164684689956334340e+00
1.133810256675875872e+00
1.100661240015979647e+00
1.082363533006792222e+00
1.057917131612413852e+00
9.811349151655851530e-01
1.072025401481727203e+00
1.067768105569032455e+00
1.086035487057556592e+00
1.059151873086869422e+00
1.091005920090165171e+00
1.082764072354693630e+00
1.131415440208640710e+00
1.072696081906089560e+00
1.117161761638002293e+00
1.092737736882737343e+00
1.096057364784049248e+00
1.067352341496747403e+00
1.045272047705042118e+00
1.049091850073456733e+00
1.078357520082661614e+00
1.008700469142881362e+00
1.044847520689224707e+00
1.066168833784503223e+00
1.113021201523765047e+00
1.145652578860911763e+00
1.135547657707174141e+00
1.070298651583406535e+00
1.097932553516715037e+00
1.038943633878536055e+00
1.017709618312585329e+00
1.037166260937420592e+00
1.105933917759123197e+00
1.109621693159215772e+00
1.096201753717144234e+00
1.038899797531008362e+00
1.084915095796135542e+00
1.037247655123046064e+00
1.082372741764306756e+00
1.083292210085361029e+00
1.085999879749511843e+00
1.046392478739204268e+00
1.062500743514253498e+00
1.091611452553790773e+00
1.072183342661209293e+00
1.056936167060816167e+00
1.081094036337701292e+00
1.054130021319722443e+00
1.082041220779619506e+00
1.049157490319124753e+00
1.097605243273379827e+00
1.070319210906587548e+00
1.086167966507028737e+00
1.022769864318484823e+00
1.023676698419015763e+00
1.052056015078180806e+00
1.058778625042840815e+00
1.041799403277561042e+00
1.035945575920551365e+00
1.057729233161568638e+00
1.080131475292591903e+00
1.070016798580976536e+00
1.067121039656892645e+00
1.045248426714902923e+00
1.058142414290291544e+00
9.943406988163818738e-01
1.037182902793166717e+00
1.063699143066187958e+00
1.080806885369592685e+00
1.053469380456806270e+00
1.079078617646391791e+00
1.049258831071045561e+00
1.013480519074238417e+00
1.030282333231773206e+00
1.083891309712444517e+00
1.061130190121064798e+00
1.122515610511899853e+00
1.042241015215457756e+00
1.039982299264365029e+00
1.017462602194572518e+00
1.027881950267969025e+00
9.674831692070495759e-01
9.800940008662807346e-01
1.020068996941972062e+00
1.031736352167559101e+00
1.061736362445385051e+00
1.089775178833929381e+00
1.063234478990824350e+00
1.019531167593443755e+00
1.015394589674028625e+00
1.095108079980712912e+00
1.055460635536009883e+00
1.029347206168876205e+00
1.027182194842366059e+00
9.969392484771723018e-01
9.775397636710512206e-01
9.753801840760814024e-01
1.017627593891578197e+00
1.019681713682744517e+00
9.681461352189015823e-01
1.021665165586244539e+00
1.047014745975151762e+00
1.083174946596347388e+00
1.008037492153844861e+00
9.736059207467099297e-01
1.019499661389206446e+00
1.040140674961370193e+00
1.036317901076163395e+00
1.034146321142712655e+00
1.016829547035586812e+00
1.003754000770888499e+00
1.013988395613292015e+00
1.021844609830624862e+00
9.980828735708484611e-01
1.059164539971605645e+00
1.057880379466713761e+00
1.108025526231628310e+00
1.056424979765867134e+00
1.032119637817639601e+00
1.008729861443711018e+00
9.994099489278740478e-01
1.013091650628843876e+00
1.028879791432402824e+00
1.008509376358258214e+00
1.016284266674176484e+00
9.965647736965792536e-01
9.847629379493360036e-01
9.713065301734916668e-01
9.675735017091656731e-01
