6.285312883199487555e-01
1.055588919652876712e+00
1.173877936026195057e+00
1.417761693559429714e+00
1.534619045257131553e+00
1.529895882976063604e+00
1.462775181566629668e+00
1.470248641711200177e+00
1.463788250295794624e+00
1.498437376488027661e+00
1.433068018685607958e+00
1.397910128423177412e+00
1.308201174244494558e+00
1.360410814728712614e+00
1.324369506837376420e+00
1.332269770418948340e+00
1.419234549730330475e+00
1.577094367894464222e+00
1.565301734567061454e+00
1.504850888798900277e+00
1.366906806107599515e+00
1.233523345538660498e+00
1.240016451830293409e+00
1.298640168061260036e+00
1.346440057559245673e+00
1.379291324835620447e+00
1.416540169054113951e+00
1.383949480856151659e+00
1.353092894954578407e+00
1.421872167518214658e+00
1.425375781907370021e+00
1.463020675704358453e+00
1.516405061659806597e+00
1.469708121429250003e+00
1.400295901246709107e+00
1.368795619384065354e+00
1.276842076551836680e+00
1.281890028716624386e+00
1.353850145594325260e+00
1.515995372205169112e+00
1.468728228764470956e+00
1.410543158850315448e+00
1.419763029840548807e+00
1.460005401755047894e+00
1.478047141535831610e+00
1.521340684945544863e+00
1.424170284244733020e+00
1.298981038336253890e+00
1.274525350186991535e+00
1.334366151355372399e+00
1.285652834323523841e+00
1.241452718166599967e+00
1.264538828193194631e+00
1.339083290741365451e+00
1.369664598371909792e+00
1.361521143893152930e+00
1.342575280823562700e+00
1.280165042047036517e+00
1.291496787647072431e+00
1.245065152784863960e+00
1.273739723394773593e+00
1.275471112353157022e+00
1.289812133690513729e+00
1.312225311884740231e+00
1.328108930190647907e+00
1.322714303123951218e+00
1.324225204047442261e+00
1.313783442622247444e+00
1.324000500369636235e+00
1.297869413301077968e+00
1.317319333382907187e+00
1.281340406926359643e+00
1.354985292012395259e+00
1.364237609629183723e+00
1.403390114493294760e+00
1.343925850242451148e+00
1.327049857303042479e+00
1.241027976006690459e+00
1.293403344535370092e+00
1.241697828756903821e+00
1.308542307923638459e+00
1.304751286594012516e+00
1.304418732928173785e+00
1.330609395908155967e+00
1.371301003834646481e+00
1.382692292660881117e+00
1.384451401399079407e+00
1.365207558840093371e+00
1.324591552429650987e+00
1.283992309762519879e+00
1.264084883046432184e+00
1.214531652775861170e+00
1.188344325747725749e+00
1.273922631944506723e+00
1.247649183002613293e+00
1.218992512949595319e+00
1.214799053484087565e+00
1.203151381989480129e+00
1.245399476968563901e+00
1.266056398909934488e+00
1.253643984284747326e+00
1.256574444283618419e+00
1.367095907663544496e+00
1.364473839215754936e+00
1.406277600385711812e+00
1.387961943687649580e+00
1.326579039760426904e+00
1.227065027309149237e+00
1.174008773106666181e+00
1.167870242688755722e+00
1.254638758329692516e+00
1.256132335643740605e+00
1.296564377106600885e+00
1.247057765697117349e+00
1.186523341952657518e+00
1.173519122587239005e+00
1.157202209912582269e+00
1.136190505303137366e+00
1.236577083293005197e+00
1.195703840702470488e+00
1.245419579589230663e+00
1.230515765770110681e+00
1.283657952074890085e+00
1.226971388457431145e+00
1.188540298435373010e+00
1.151733740013903162e+00
1.178902013963383899e+00
1.170299087842231023e+00
1.195563345519371712e+00
1.265345872137003669e+00
1.258637526880540536e+00
1.262917859242878915e+00
1.185938233218523097e+00
1.160466635835731619e+00
1.166505156746551197e+00
1.169359970800541992e+00
1.252420298391509146e+00
1.245723822701811923e+00
1.281204518831191130e+00
1.224879873186307089e+00
1.214008211746962607e+00
1.208539860287118239e+00
1.162189809507166993e+00
1.179796909122782678e+00
1.249210399047648190e+00
1.231966402478590794e+00
1.192163301343812876e+00
1.173959589172528961e+00
1.225012525145031450e+00
1.204350271562806052e+00
1.236597683905773071e+00
1.188668465715797096e+00
1.244269539611451147e+00
1.166857580984619336e+00
1.148656296936960475e+00
1.137954478814986903e+00
1.190862856087995914e+00
1.215232508942816869e+00
1.311315485030997818e+00
1.214391862310333137e+00
1.266626496900334686e+00
1.231797566885250328e+00
1.236505167973801056e+00
1.162176897798958830e+00
1.211278785030434735e+00
1.186669238714816332e+00
1.173893293998190979e+00
1.181266186338309376e+00
1.233087200500526892e+00
1.206966311655746749e+00
1.285013718244543357e+00
1.226803702095194071e+00
1.224875122548004569e+00
1.176825928580158553e+00
1.208939625537345020e+00
1.150092847749360603e+00
1.164649663640887400e+00
1.145736968554823765e+00
1.175041275315451328e+00
1.096655523710769575e+00
1.150621102144823160e+00
1.144851931834275138e+00
1.219585392942127866e+00
1.242514420143094434e+00
1.242568039583355155e+00
1.194768719075773422e+00
1.223032296618484116e+00
1.154706356353207175e+00
1.151240977764120155e+00
1.115036028301441107e+00
1.125174238587160147e+00
1.137617416636023560e+00
1.226035305409185261e+00
1.248910825645086708e+00
1.317023718215881489e+00
1.202097961817824467e+00
1.220164088672844205e+00
1.195561696274796137e+00
1.155541833115824923e+00
