4.880657595803815085e-01
8.281130966462479925e-01
9.397529898114715952e-01
1.148738125541023614e+00
1.116715028486441108e+00
1.141197936665028667e+00
1.107925317946720556e+00
1.131337456506086969e+00
1.128912240211483065e+00
1.138672094292412451e+00
1.171393144938801534e+00
1.167709888082304026e+00
1.140352933076591579e+00
1.172225018848455980e+00
1.169171938757427087e+00
1.130898464451129515e+00
1.082738943756023753e+00
1.117264967217135974e+00
1.098619570993869976e+00
1.088368377024141020e+00
1.078815507122442341e+00
1.142703561722473227e+00
1.172232393812464357e+00
1.149795206285467053e+00
1.161622030810356199e+00
1.166830793101839125e+00
1.190834539524817437e+00
1.171624467523245894e+00
1.159937660776751311e+00
1.123805643986645286e+00
1.072683055762233106e+00
1.078805103411414557e+00
1.088368289122688903e+00
1.088119492543033084e+00
1.095529257682905655e+00
1.101386033648795948e+00
1.133572935205483301e+00
1.125101351642358471e+00
1.156566424337498677e+00
1.166043385027178747e+00
1.167850875725246373e+00
1.113420327375624685e+00
1.157126377663197037e+00
1.158150197045675567e+00
1.166702850644752099e+00
1.131626024383753482e+00
1.139846982935254660e+00
1.122960648215388435e+00
1.095984353062909200e+00
1.103360956999454690e+00
1.084062436255525785e+00
1.059177679970782382e+00
1.060936122956412486e+00
1.096564694690039810e+00
1.131931892943886853e+00
1.096073192758461046e+00
1.128287247064608367e+00
1.156376051771110136e+00
1.211551836622663858e+00
1.136007298230261142e+00
1.127469788498231207e+00
1.120175767594155714e+00
1.152598080125893043e+00
1.120327465991228122e+00
1.065291283006417400e+00
1.109912838524715006e+00
1.088657464425680121e+00
1.030615033007046710e+00
1.083729999695436819e+00
1.093035240895429583e+00
1.060685978161837406e+00
1.046497897902439300e+00
1.094976518709637414e+00
1.092272949043958663e+00
1.087875756343595457e+00
1.085389926690395246e+00
1.108243311415439081e+00
1.141226801812907476e+00
1.081280682470022958e+00
1.091449591991251911e+00
1.068539086453819564e+00
1.031112815795305560e+00
1.028947052653353955e+00
1.051863933037166854e+00
1.127578603523874845e+00
1.101190040566828676e+00
1.091461887372233042e+00
1.080923090590666380e+00
1.108071175340140879e+00
1.090005355442999591e+00
1.103735027869376051e+00
1.037873545233803263e+00
1.082330906356207656e+00
1.078518166374687670e+00
1.111536006977022373e+00
1.105929770557772640e+00
1.107298586209948255e+00
1.097094644127967200e+00
1.047361222418172755e+00
1.075039087495990975e+00
1.052805861595441650e+00
1.034230269313683337e+00
1.037011185422051396e+00
1.089968939199577935e+00
1.061714747173739370e+00
1.055488481631076114e+00
1.090061136043222412e+00
1.080413921972963598e+00
1.070026759921117732e+00
1.082554293105173038e+00
1.045743618533834907e+00
1.001368236329279515e+00
1.010052217270325459e+00
1.061984330683683808e+00
1.075380584088375224e+00
1.021825088240510437e+00
1.067917116592706828e+00
1.056898652219901535e+00
1.009492235735837129e+00
1.036732353802563011e+00
1.116486551520571524e+00
1.067504293082504274e+00
1.075077701919158413e+00
1.103706173905739885e+00
1.023692714247086188e+00
1.019432678739679021e+00
1.046493230515623596e+00
9.717979162232948109e-01
1.023420020955750687e+00
1.077021428262335379e+00
1.076675314314881282e+00
1.092774062896013865e+00
1.027429503119078547e+00
1.058829632681677513e+00
1.016570478373499231e+00
1.087503291220031532e+00
1.046660728582101019e+00
1.045169772324152424e+00
1.029108600495396209e+00
1.011650301111447270e+00
1.012410241427187607e+00
9.818641655580089278e-01
9.995432540428217383e-01
1.037400154904475791e+00
1.078335842752970564e+00
1.058562130412411317e+00
1.080841382330355094e+00
1.066005604521000683e+00
1.077035250101007868e+00
1.077550666568583448e+00
9.972753673595116108e-01
1.007446845725034068e+00
1.040884219649050202e+00
1.014359352145508097e+00
1.015246865056886438e+00
9.878551046174511852e-01
9.919138311338925318e-01
1.001121140922757835e+00
1.055819390760043275e+00
9.842385045429637991e-01
1.024092020941781422e+00
1.008114250713043614e+00
1.061212677060748844e+00
1.004083180267241637e+00
1.017404907863507901e+00
9.369730289990984007e-01
1.051709407568127697e+00
1.053561553269735995e+00
1.079509894134065950e+00
9.987535517046205458e-01
1.032673892385228331e+00
9.978590198674441858e-01
1.035710858774756105e+00
1.035418866872106936e+00
1.101082593673013310e+00
1.089693105547843377e+00
1.064787198855208006e+00
1.011143928819839832e+00
1.026711988960591126e+00
1.006961754325758740e+00
1.015876626477764777e+00
9.293466793212221688e-01
9.657177247356588667e-01
1.000498335193910515e+00
1.035348983172975856e+00
1.009982086927899481e+00
1.051237680207305569e+00
9.692166224887457382e-01
1.003791861422574261e+00
9.746623721517228001e-01
1.041720460953234451e+00
9.807922700218164591e-01
1.030344362108261302e+00
9.736592970066584307e-01
1.015708390943536710e+00
1.056930277983174626e+00
1.065560115113844297e+00
1.028619477548133210e+00
1.014189261942366915e+00
