5.161643066222711962e-01
8.118369821677691167e-01
1.075343472645972298e+00
1.302456095926812552e+00
1.282796593875554336e+00
1.275651138664638085e+00
1.281088311288959503e+00
1.350856546145615011e+00
1.284035390383390096e+00
1.333367637762104652e+00
1.254399928593004532e+00
1.299084553792551722e+00
1.253871479008141776e+00
1.227145961987704315e+00
1.268704336195404903e+00
1.298048986430818008e+00
1.279570553834375346e+00
1.244692189451889197e+00
1.283925387314246658e+00
1.297651124309730175e+00
1.249327920462692365e+00
1.222911062433128526e+00
1.191267310250952560e+00
1.210010212962304266e+00
1.170102155391731680e+00
1.295507946841517155e+00
1.309037105571292381e+00
1.320852532815006697e+00
1.284401127104272566e+00
1.280686734654557846e+00
1.285767776552485753e+00
1.251307731824990110e+00
1.193750898216287437e+00
1.257878385822500000e+00
1.254080919419751527e+00
1.269022455029087171e+00
1.284421581155970493e+00
1.260856701780765921e+00
1.226671301346975218e+00
1.316559299414522100e+00
1.315826201773549364e+00
1.222417478184513184e+00
1.230624538994531836e+00
1.216753318429314223e+00
1.177334421159544453e+00
1.256815256040494377e+00
1.253413784185838153e+00
1.285753198090933136e+00
1.230536531707570491e+00
1.271751758702078350e+00
1.307556649617704680e+00
1.312337160566872996e+00
1.237283660604839852e+00
1.177567535848267344e+00
1.205260593186576745e+00
1.209195449658867716e+00
1.249225373405480566e+00
1.239045364591054188e+00
1.248706762279265803e+00
1.214451185277223288e+00
1.181980596618280810e+00
1.159303307919069548e+00
1.189041252098883339e+00
1.228436020352809743e+00
1.254277610265793319e+00
1.284695242955194106e+00
1.276359823931202619e+00
1.299804496764092487e+00
1.309777824427665216e+00
1.224323759753809915e+00
1.201178772327027522e+00
1.205671330677913877e+00
1.194921831062342843e+00
1.209075711593504687e+00
1.186847069904287899e+00
1.140796229295993003e+00
1.175195328718058763e+00
1.192828645183414915e+00
1.192081289817717549e+00
1.159079847550716913e+00
1.171032223167616904e+00
1.156503154041564674e+00
1.187807340458480576e+00
1.194773864950313902e+00
1.175452669907670611e+00
1.141894521726818379e+00
1.142239718843397922e+00
1.133035761642207317e+00
1.154666673268254673e+00
1.166727817234555431e+00
1.161540030712920002e+00
1.121116278915844644e+00
1.160282145991851976e+00
1.118407236347813249e+00
1.217678848948832382e+00
1.198876416430679770e+00
1.248867267087521826e+00
1.207562978910668106e+00
1.221481338297707220e+00
1.186472706257092558e+00
1.144783939271253770e+00
1.160540124218326863e+00
1.175803336260365040e+00
1.222398263923495154e+00
1.229567347053896365e+00
1.202847725093180831e+00
1.219953319939271363e+00
1.199110821048932296e+00
1.170407679063698581e+00
1.097646746158514430e+00
1.166293296508832400e+00
1.200254822088468565e+00
1.201071272225164410e+00
1.176311687161681441e+00
1.172380009548840363e+00
1.158546436498392174e+00
1.176779489163227721e+00
1.185114441413672282e+00
1.174509187447345893e+00
1.174894776437743538e+00
1.219857380354731458e+00
1.183462183640287435e+00
1.165283624644676053e+00
1.163251504019083393e+00
1.182599582587120279e+00
1.173134193587253016e+00
1.185866433437002376e+00
1.122134805311646222e+00
1.140910404669973399e+00
1.111149735681049799e+00
1.121311141379708998e+00
1.126045932131637173e+00
1.091487039139981352e+00
1.148161298669624131e+00
1.146729645437592593e+00
1.207350555773235801e+00
1.218866677111780872e+00
1.203105680017966028e+00
1.199814361527244078e+00
1.198760685449641983e+00
1.186450841052206773e+00
1.071020364150635951e+00
1.177425984360692679e+00
1.173941211291516185e+00
1.167237184778064929e+00
1.117001239063194040e+00
1.137635892603437116e+00
1.113963506569411788e+00
1.060763865730572020e+00
1.071241474848448672e+00
1.094054447659500662e+00
1.066515330024113695e+00
1.151561524048297702e+00
1.164755554834410400e+00
1.176119826734584262e+00
1.153807802448493014e+00
1.143950369822631430e+00
1.100614622499454187e+00
1.135931599849624218e+00
1.121811845963134102e+00
1.118131804748728086e+00
1.106823155500961997e+00
1.098536188255729407e+00
1.091153096425186320e+00
1.104041970030395614e+00
1.088024946584350117e+00
1.109021428781954199e+00
1.086656834070217847e+00
1.139813429618411922e+00
1.079112479423054660e+00
1.159800477394650420e+00
1.109089688781080829e+00
1.112872943925825364e+00
1.101163473855063524e+00
1.102042390382482973e+00
1.062741965984867365e+00
1.127103761382434399e+00
1.134408337657697441e+00
1.137522413856985715e+00
1.116103323077727971e+00
1.148272490869112206e+00
1.101424330443302679e+00
1.107782706973856612e+00
1.081639223544206052e+00
1.085306669627749354e+00
1.119832143628924470e+00
1.175878694926192569e+00
1.117574579600027818e+00
1.116383175467922095e+00
1.083829591276101123e+00
1.124413724366595480e+00
1.060792303665514469e+00
1.135479820087868630e+00
1.118086237402907690e+00
1.140143693771326960e+00
1.076493028138161501e+00
1.110495758933456756e+00
1.087468881233519369e+00
1.100221685878759237e+00
