4.248628901745003517e-01
6.868798854794586628e-01
8.336811482665837936e-01
1.010594639558286323e+00
1.089779863356855172e+00
1.089404267167599416e+00
1.064883064685635539e+00
1.061428133126505635e+00
1.094010093378070980e+00
1.038488316394470479e+00
1.009071214030647701e+00
9.926043891501131755e-01
1.039075646373590844e+00
9.813302652666460180e-01
1.042046949722274185e+00
9.975904020428305596e-01
1.006393173239594763e+00
9.782960205832440526e-01
9.887154803873972053e-01
9.933766351963795316e-01
9.936062621715524568e-01
9.632673800132636188e-01
9.611949011663065701e-01
9.551983235228352909e-01
1.048721137653730207e+00
1.079087826766222724e+00
1.074684368545450353e+00
1.043669355838326318e+00
1.053010073649924827e+00
1.060089642236607954e+00
1.038058774833388265e+00
9.912998251358211554e-01
1.015179471703372860e+00
9.768920355315715565e-01
9.642985006765871780e-01
9.901812844291285609e-01
1.027121894780175904e+00
9.991337894087296556e-01
1.011049632745239180e+00
9.898379417152821658e-01
1.012429799768673977e+00
1.017449146477115152e+00
1.029512371843919638e+00
9.953954328872846036e-01
9.902286047082771159e-01
9.688325511514663813e-01
9.183121076640052838e-01
9.295632639965341060e-01
9.878986116063157574e-01
9.845417813817846087e-01
9.646960495111659428e-01
1.002141835674253967e+00
9.782974171156271215e-01
9.834369024534374004e-01
1.035169105353718644e+00
1.046886278803822901e+00
1.033661877788402572e+00
9.709946986966006000e-01
9.688952065099122324e-01
9.629421801375677159e-01
9.740045980410249049e-01
9.646115986533213560e-01
9.200042488391118045e-01
9.429631522312613701e-01
9.863524638801547395e-01
9.970698840410691099e-01
9.858267898747310465e-01
9.268971519323858654e-01
9.499959451041791736e-01
1.002618591659067748e+00
1.001328196349536848e+00
9.837994927845631343e-01
1.025035609343697640e+00
1.041012830559098656e+00
9.894372777496155402e-01
9.428131545439296657e-01
9.653962280240854232e-01
1.021195879051743693e+00
9.820589314664247560e-01
9.623059486435964205e-01
9.674057094862467121e-01
9.313736461199362271e-01
9.324279650419337040e-01
9.898447160137630041e-01
1.022977886419897509e+00
1.020631520755109767e+00
1.003211093420502742e+00
1.000526252660664639e+00
9.925442147227226952e-01
9.763211770079575080e-01
1.003157757367909797e+00
9.931845539241553888e-01
9.690779853332439631e-01
1.015798040813965297e+00
9.433729826709893462e-01
9.425236224545454622e-01
9.741281713946515763e-01
9.323227474954021154e-01
9.672539348207855880e-01
8.988007886085885856e-01
9.362948023809519738e-01
9.526921250623406889e-01
9.720376502903926852e-01
9.437786317487217858e-01
9.410061510724234690e-01
8.799530723368144125e-01
9.683317209764545908e-01
9.596467460965969476e-01
9.879432742696598879e-01
9.602943005180992753e-01
9.742116708693699945e-01
9.277356157135417947e-01
9.141711949462018039e-01
9.369430361662647311e-01
9.064428249769118651e-01
8.704553793518823301e-01
9.104871447050645328e-01
9.598434442602021832e-01
9.364456612714536776e-01
9.406953074304362783e-01
9.381361347832463116e-01
9.075612644801653861e-01
9.055120838363648339e-01
9.169758355035443342e-01
9.018507401545755586e-01
9.241324388941496437e-01
9.219862091476984656e-01
8.885026916571060474e-01
8.808864134897727016e-01
9.036373003803175319e-01
9.043755647302086365e-01
8.729474663111166377e-01
8.985375603118195276e-01
9.572755080932003890e-01
9.564707208504585889e-01
9.592822672728987810e-01
9.386925473801890352e-01
9.094081130458323559e-01
9.012337083798721560e-01
9.018114416564015912e-01
9.285462739543774990e-01
8.918435302973091172e-01
9.121540992191380370e-01
8.752383564732983956e-01
8.839136393688693527e-01
8.899844063855052445e-01
8.980339681405158370e-01
8.973041258193870107e-01
8.937617394472420207e-01
9.075108008130854387e-01
8.776797914820040347e-01
8.881044629100951493e-01
8.998251992114345565e-01
8.777660052136148083e-01
8.568384584515300606e-01
9.209996969014344614e-01
8.990800761064793312e-01
8.813831634854218944e-01
8.812394319269125642e-01
9.271026131040812635e-01
9.540931274486548208e-01
9.359372526482458987e-01
8.827484897746556980e-01
9.071421552491972795e-01
9.196752466465186737e-01
9.138261933099965928e-01
9.200961172885699924e-01
8.762777407243850236e-01
8.781853545533758743e-01
8.680377949371261836e-01
9.045968838518639865e-01
9.330885944224870387e-01
9.035178322161203646e-01
8.993369988233864687e-01
9.491566607673326272e-01
9.660817291840217980e-01
9.736107659297594807e-01
9.073515271073285815e-01
9.022892958894013216e-01
9.285716970994063457e-01
8.958288231080331343e-01
8.742800551009684007e-01
8.727447732029125493e-01
9.229118545132440898e-01
9.209861313954704753e-01
9.080201683676306645e-01
9.321713553167848554e-01
9.055759446956485048e-01
9.156377215857856022e-01
9.017079599602969564e-01
9.490415750464126221e-01
8.784252058369476091e-01
8.564887675304657666e-01
9.130276473763329070e-01
9.079800316296333662e-01
8.780781321339159451e-01
8.762044170323518566e-01
8.131136187280445515e-01
8.496126054565810160e-01
