5.273999506206162868e-01
8.339712706589869073e-01
9.928915355535029574e-01
1.134497855891693829e+00
1.212218248478910132e+00
1.356940353688736112e+00
1.333601618604239869e+00
1.254624826726220999e+00
1.231130584628941316e+00
1.201797560007067167e+00
1.258267768555333621e+00
1.250783480008268445e+00
1.225355082232811865e+00
1.234015275187279048e+00
1.244896169109220185e+00
1.219004025720258566e+00
1.276115471742406582e+00
1.255600383458508995e+00
1.304808863980162936e+00
1.299790436064250487e+00
1.283570243585200110e+00
1.249698918010933246e+00
1.250699177880331137e+00
1.335808921632649637e+00
1.305289771494651863e+00
1.235958949441300581e+00
1.266393523597138193e+00
1.302109700153833760e+00
1.247909277076999279e+00
1.200437170827199251e+00
1.269495735531501746e+00
1.282201206425541473e+00
1.310655684655180675e+00
1.224341554504765117e+00
1.225724564203818812e+00
1.306126147750584554e+00
1.285013148321283882e+00
1.214116676752236446e+00
1.203102695535940514e+00
1.162984600338811347e+00
1.202322296549158898e+00
1.167077535034586111e+00
1.153230156436159781e+00
1.199061863162351305e+00
1.208077909032217123e+00
1.196151205378013227e+00
1.118184243805741440e+00
1.069867255871428169e+00
1.174159410695076788e+00
1.188310628656112033e+00
1.267289698828415689e+00
1.217811042015663148e+00
1.227899564137061583e+00
1.243407141149896145e+00
1.276315303356750475e+00
1.253582564076623607e+00
1.140010668253918169e+00
1.177840191573583661e+00
1.247848080452368835e+00
1.158384272139105775e+00
1.155397049473370297e+00
1.107787601792794785e+00
1.156676793743349974e+00
1.161774237000014587e+00
1.158553668861291186e+00
1.203986079540299903e+00
1.227808243249955300e+00
1.193770637355477060e+00
1.180101588685587455e+00
1.172665835591339745e+00
1.199554491496149344e+00
1.185557887749851824e+00
1.147739401901545664e+00
1.164029675402394215e+00
1.120045051402411618e+00
1.109511052117724716e+00
1.197619147534150885e+00
1.122082530836117087e+00
1.140074677533110981e+00
1.124085745166728323e+00
1.157967952783773624e+00
1.257070291666868345e+00
1.142954313390889931e+00
1.144411749283501312e+00
1.172159810681150605e+00
1.129920177682798732e+00
1.199381306488824128e+00
1.212427247354102455e+00
1.213303118919673240e+00
1.150986770580235241e+00
1.159074296416428007e+00
1.166486258223584871e+00
1.174394366805225465e+00
1.134323253580163726e+00
1.191839806469885410e+00
1.213752133166022817e+00
1.209894051584084806e+00
1.153398423466675426e+00
1.185974202609527461e+00
1.140622430504274476e+00
1.138669713418052343e+00
1.096247805958959098e+00
1.113324743830110375e+00
1.141727127306594536e+00
1.117385285165833686e+00
1.058182543760251670e+00
1.137477775337858876e+00
1.167172913271253165e+00
1.156807753349901713e+00
1.154910082880184818e+00
1.112491808239273405e+00
1.064559411262039346e+00
1.046726428728345981e+00
1.127282466432956376e+00
1.113044010205733070e+00
1.080319308591547234e+00
1.107143646815116567e+00
1.056396002197982575e+00
1.093756557054882173e+00
1.102367463584242646e+00
1.106086472821814048e+00
1.128139715155079381e+00
1.156275029251637942e+00
1.081805864423830421e+00
1.135458126928970302e+00
1.155523210970323733e+00
1.095162660643925756e+00
1.096295986728713867e+00
1.105437595181826271e+00
1.149283084182856074e+00
1.116251539255920466e+00
1.081153420696314926e+00
1.049983967617625247e+00
1.085829559071538331e+00
1.079426631572277806e+00
1.092662496095049285e+00
1.080129955882447090e+00
1.068427521339654795e+00
1.124191038576758173e+00
1.124980078411766060e+00
1.110018277496251038e+00
1.104155529085825593e+00
1.089618192338203562e+00
1.092453925109971635e+00
1.094399982234162350e+00
1.039530271158551678e+00
1.071085273239100966e+00
1.065497577368982318e+00
1.060847551573901315e+00
1.061667176478187757e+00
1.042205771886422383e+00
1.035403131468544125e+00
1.063461676785426135e+00
1.107218506532504865e+00
1.130208201542856727e+00
1.080270667375594851e+00
1.079512798155483511e+00
9.930983278680446391e-01
1.084541962022007144e+00
1.078274484584926141e+00
1.048502321820003358e+00
1.067993074907769291e+00
1.077561967352727690e+00
1.086882636567029214e+00
1.113539937747709097e+00
1.067651926806381768e+00
1.083152940223492067e+00
1.056545032059651223e+00
1.057893685384906135e+00
1.054734324360271147e+00
1.033277022957851621e+00
1.023068626935082825e+00
1.019743724061731749e+00
1.042969773537045564e+00
1.094631714802939415e+00
1.130679012032788311e+00
1.047125138982833770e+00
1.020180597826032765e+00
1.046548116884162605e+00
1.068438794478260512e+00
1.072947016203257053e+00
1.056749096613358585e+00
1.055977454517055047e+00
1.092968841585266082e+00
1.128805688114505656e+00
1.124385216240904484e+00
1.088865844417648665e+00
1.034630098964375300e+00
1.079915877797921642e+00
1.051014970463891141e+00
1.084440162771610039e+00
1.052424529214963655e+00
1.082395545234171585e+00
1.003685777000579593e+00
9.983663397112919613e-01
1.068646681608385940e+00
1.053556569663325115e+00
1.035234906175558800e+00
1.088351527200618341e+00
