6.804524498587601888e-01
8.367771177958831519e-01
9.909621672086982302e-01
1.088776058460141360e+00
1.124372646183139812e+00
1.194219816437370296e+00
1.206909608209753682e+00
1.106424582225672193e+00
1.159550540451583123e+00
1.083567237445177023e+00
1.060749782996555535e+00
1.053208340778210683e+00
1.160723759415728029e+00
1.253132287364011388e+00
1.210611722154317116e+00
1.150232814767511158e+00
1.137960120111217055e+00
1.151930910851446166e+00
1.135938195233926029e+00
1.140152107773932499e+00
1.152800750783876893e+00
1.137100548623402041e+00
1.186155640712848403e+00
1.187072065901583207e+00
1.203041685175718190e+00
1.134307469794167522e+00
1.107467274535472557e+00
1.187679674099373583e+00
1.211033319406729758e+00
1.162817543582347346e+00
1.108616996995075432e+00
1.107005953814241828e+00
1.082149365521402062e+00
1.084752432255268406e+00
1.123295915324570293e+00
1.158912839462340694e+00
1.182321695223989222e+00
1.150073446368687025e+00
1.176391980353463929e+00
1.194050590391386502e+00
1.165732245764746100e+00
1.168845074775309190e+00
1.132890462137682075e+00
1.136630117143250018e+00
1.151867921432510933e+00
1.127863055862469155e+00
1.103960045206252127e+00
1.114859584122678937e+00
1.158128800231400080e+00
1.197025237086419169e+00
1.188626526879282608e+00
1.156835944945358685e+00
1.149964309725913569e+00
1.064666686428074494e+00
1.109849970912965000e+00
1.107063046034268972e+00
1.130372886573264513e+00
1.125246146179534223e+00
1.135339895961511303e+00
1.180322746291169178e+00
1.178010545107294194e+00
1.080764210658858415e+00
1.043467519882779859e+00
1.094482470413160380e+00
1.085507406029401434e+00
1.077386481390500750e+00
1.062313839254589887e+00
1.037748130789045264e+00
1.087413219596789604e+00
1.078366084119029900e+00
1.103500881529124955e+00
1.091787199105084705e+00
1.114571736415558734e+00
1.111236682015355637e+00
1.121102646684137172e+00
1.119746805939914269e+00
1.077814880606777992e+00
1.059726960617593639e+00
1.006148154718538024e+00
1.053334414119491136e+00
1.057178272303171962e+00
1.115357746756872048e+00
1.127669292635748777e+00
1.084234182891028020e+00
1.062442683521515052e+00
1.077708513965925041e+00
1.075903592081257631e+00
1.086679908563356278e+00
1.085014527294958731e+00
1.029954437383916233e+00
1.079222870589861882e+00
1.075392253051769886e+00
1.141092995532091203e+00
1.096499342813487266e+00
1.051332062085635455e+00
1.028375668608101368e+00
1.050972934269496228e+00
1.058470398909728827e+00
1.051005130895844575e+00
1.022155601287208837e+00
1.048098281743451432e+00
1.076620449709447591e+00
1.065480923403049340e+00
9.907343878792628233e-01
9.635960495511225465e-01
9.806477172927550168e-01
1.021947730825534695e+00
1.069613005069554923e+00
1.048518016727994162e+00
9.861287674936125569e-01
1.009221665712686899e+00
1.028126909442436343e+00
1.010366824075235925e+00
9.910738674662421532e-01
9.965899274553128295e-01
1.079234632092956891e+00
1.035651132059075774e+00
1.039041292993736931e+00
1.040682356117153873e+00
1.071164132147888859e+00
9.968793644761019257e-01
1.012851241664074697e+00
1.046825682534796575e+00
1.003132038439314755e+00
9.884816327190676377e-01
1.074504943237452048e+00
1.038697619194433930e+00
1.009817868274533570e+00
1.054335949389801241e+00
1.036180159695607061e+00
1.096585954508610961e+00
1.049437210054978475e+00
9.969721817865700997e-01
1.028621219309705070e+00
1.027850646776467647e+00
9.921888674722496582e-01
1.029409439740444521e+00
9.775512528420117198e-01
1.013935695408320514e+00
1.019082698491507566e+00
1.043231510433374476e+00
9.722503365547717769e-01
9.546879790318699710e-01
1.015472444295024479e+00
9.854958824050660260e-01
9.495837918718821324e-01
1.012765422648514768e+00
1.045143181683593436e+00
1.042168376336558344e+00
9.870373605723490318e-01
1.001673885986645862e+00
1.063131664952495337e+00
1.020079431909213463e+00
1.031148435372345906e+00
1.005455025815255921e+00
1.060449259496692997e+00
1.037338052025268853e+00
9.956808807897477021e-01
9.476679160521682688e-01
9.281208358155843552e-01
9.571772366843851465e-01
9.620405704210612807e-01
9.562613056731784633e-01
9.705541842543017328e-01
1.008685384321413414e+00
9.874526341042564326e-01
1.019926377863342948e+00
9.982313778335412113e-01
9.960868678453626002e-01
9.778694079083652957e-01
9.889303249820011743e-01
9.529077478360373776e-01
9.434330094225241714e-01
1.001144538840802012e+00
1.025225452126732995e+00
1.045233154941866527e+00
1.112408244950946035e+00
1.005396678050418879e+00
1.029944259889469249e+00
1.013158317926673213e+00
1.041255367900524975e+00
9.932813929865002001e-01
1.050920160019160887e+00
1.027044703405469495e+00
9.940994118467835206e-01
1.011446224180558628e+00
9.948285109440223595e-01
1.020919764833395638e+00
9.464400063584703648e-01
9.613261525132290597e-01
9.954066514612209815e-01
9.729227261975338381e-01
9.991576351464855898e-01
9.865877796031016222e-01
9.869120598110914244e-01
9.908017222332121676e-01
9.874324664965395959e-01
9.764163019366370877e-01
9.833861047139058620e-01
