6.464313313118815740e-01
9.469781687463808550e-01
1.114100956636580486e+00
1.387487652116029757e+00
1.386375384980413239e+00
1.350165232589781050e+00
1.355141499910967662e+00
1.314999673312693851e+00
1.313313333657254001e+00
1.344393708469921345e+00
1.315132453574351823e+00
1.285245157735652954e+00
1.314281703781515764e+00
1.304099346285350070e+00
1.243930860831887975e+00
1.273112391440733848e+00
1.339312734938418847e+00
1.284024113291621028e+00
1.366317815521189694e+00
1.350058486831337001e+00
1.371059467400447485e+00
1.381817451562692645e+00
1.353569935041778916e+00
1.282881195158915189e+00
1.247802771441618885e+00
1.244664810823540302e+00
1.313132947904114056e+00
1.302751004576020666e+00
1.334471183252190718e+00
1.256597011281495924e+00
1.263563878008248542e+00
1.223977589758606044e+00
1.269478538808338497e+00
1.280103264078704228e+00
1.284671735667343828e+00
1.227733415770376757e+00
1.299051520581159469e+00
1.223300772990052021e+00
1.297122442863630321e+00
1.337902871782075565e+00
1.316238821160504280e+00
1.220239807622911510e+00
1.232150224552386319e+00
1.220762808215045014e+00
1.270691247704053728e+00
1.282469853485616706e+00
1.282989763787982573e+00
1.248486490342022082e+00
1.222404700310427916e+00
1.178915320539636769e+00
1.219180481951489758e+00
1.228379618346057134e+00
1.222076063080329122e+00
1.223314438215981292e+00
1.271841547191726818e+00
1.200070879079046637e+00
1.202390114567210233e+00
1.218083289160195815e+00
1.254708902419836569e+00
1.267531755539231142e+00
1.250193542641037547e+00
1.281453073297243561e+00
1.296383640364948686e+00
1.242351176313832406e+00
1.225551067189448951e+00
1.218158107513290789e+00
1.231499219148442403e+00
1.246456602765169785e+00
1.313106819273141879e+00
1.250514484181069141e+00
1.219394057398366149e+00
1.165665775096198287e+00
1.192948831543494848e+00
1.229689048189857692e+00
1.237018325149467302e+00
1.265757442188541582e+00
1.272960841965823375e+00
1.244320169935330345e+00
1.208662770379119955e+00
1.223135300355309818e+00
1.253354773253840371e+00
1.249085880987091945e+00
1.254112261231113967e+00
1.185029526063551941e+00
1.235180381611418854e+00
1.230183861066215467e+00
1.228130489604664533e+00
1.212532443677827088e+00
1.178525320942699572e+00
1.182071821338737116e+00
1.167462705209752594e+00
1.215446701788581940e+00
1.214358936139161571e+00
1.183859710772050766e+00
1.192133039652325310e+00
1.188280574350000451e+00
1.164210977036030048e+00
1.182036156140163108e+00
1.128748101322474939e+00
1.132802861587473897e+00
1.219731763040664552e+00
1.179887168149773791e+00
1.145517735018762195e+00
1.144015097087317079e+00
1.213310086348598382e+00
1.228874496165998753e+00
1.180471764140084812e+00
1.149933048006366976e+00
1.130628624069920818e+00
1.090566037545762423e+00
1.145754851398169016e+00
1.176548551194817716e+00
1.256129331773394808e+00
1.160852423064842709e+00
1.197523293179783899e+00
1.138192442478460187e+00
1.154184500851771711e+00
1.122974614498393420e+00
1.166516313514316838e+00
1.143706712311874263e+00
1.162875291345644380e+00
1.054491446343520211e+00
1.097351765591182193e+00
1.115103173974559603e+00
1.048192854727844958e+00
1.035123069564544807e+00
1.094220055054035301e+00
1.114633722772653712e+00
1.148165571618386060e+00
1.145152162706251975e+00
1.149630917245678230e+00
1.110721698441115235e+00
1.133442102042203858e+00
1.153813366605713098e+00
1.225423839166359441e+00
1.219305111437759104e+00
1.192492375660309190e+00
1.130906793629898432e+00
1.161985969309594857e+00
1.110871797751507017e+00
1.106489861131147556e+00
1.126982450058685803e+00
1.153418880811578617e+00
1.138822412517048743e+00
1.152020987640090421e+00
1.161464864439165856e+00
1.090415972905959263e+00
1.067944814827626931e+00
1.124411470631608401e+00
1.097136280683180143e+00
1.095240682271649169e+00
1.089084567673524129e+00
1.129851061084945485e+00
1.142252499402069743e+00
1.171242375157306226e+00
1.144921659233001376e+00
1.145923306438281664e+00
1.104535251919118943e+00
1.216099460020821033e+00
1.165455380191461998e+00
1.220252977757865231e+00
1.174204381798864327e+00
1.183329989139454641e+00
1.129835261419436243e+00
1.130887751839861233e+00
1.088059574484838254e+00
1.100183981182215387e+00
1.074127278663858043e+00
1.121592022301309166e+00
1.067467850696531828e+00
1.152342426003640785e+00
1.104625373514827036e+00
1.084786566400023133e+00
1.052335933263857770e+00
1.103971527405589015e+00
1.062083785313912232e+00
1.105904300313356847e+00
1.085317060827610147e+00
1.078409975868782178e+00
1.076434011842093419e+00
1.107234367223375093e+00
1.076834591015251252e+00
1.121794630503553103e+00
1.061565898720330026e+00
1.123730085432155690e+00
1.142299380444404600e+00
1.131871705516608539e+00
1.115718953149559711e+00
1.103590714264960360e+00
1.097287081672892128e+00
1.049994094788556431e+00
1.127661603202163354e+00
1.042887904411250011e+00
1.091817205634910248e+00
1.072412202737824005e+00
1.077885728318277447e+00
1.096870740670248923e+00
1.117847653249814277e+00
1.096660598040311463e+00
