5.695341177734148941e-01
8.300403796543455170e-01
1.070777590585575423e+00
1.232173909519916011e+00
1.268735300490358098e+00
1.246058693603106837e+00
1.309127860641983832e+00
1.370733710761951496e+00
1.374994339183201797e+00
1.378404592612124446e+00
1.383960356979094586e+00
1.331709614369530614e+00
1.255494155484298213e+00
1.292632951839717936e+00
1.374592578976085777e+00
1.395433305953322600e+00
1.403438613917533218e+00
1.310155278066654772e+00
1.251809641678016227e+00
1.262392322837394110e+00
1.360445725011601104e+00
1.367510500577435506e+00
1.354876905221647831e+00
1.350545857751130674e+00
1.332002909164484494e+00
1.346462825327868984e+00
1.357358474193548714e+00
1.240261952647013555e+00
1.278317309673776325e+00
1.218952465021154286e+00
1.245706710580378074e+00
1.348234388227597780e+00
1.379559047261697424e+00
1.344971354230098060e+00
1.343353105636061695e+00
1.294493315359434238e+00
1.292600713495162035e+00
1.256349584777168404e+00
1.281760776037771166e+00
1.281051188067019453e+00
1.308845777231758545e+00
1.257984592374710608e+00
1.253377273979257023e+00
1.255320401254476748e+00
1.216751186050673228e+00
1.256431696586486568e+00
1.230794679879594122e+00
1.257781236473822339e+00
1.293468373724776965e+00
1.316691494702243448e+00
1.267173065920906838e+00
1.201604389093731351e+00
1.236047173717650605e+00
1.266558136997208983e+00
1.344622535583169132e+00
1.337248209411355138e+00
1.367194509250267087e+00
1.350682648662157703e+00
1.340333409034202061e+00
1.380106213920828440e+00
1.369668073555070142e+00
1.239506512690950135e+00
1.266991481100768091e+00
1.270553268033653316e+00
1.259956099228655590e+00
1.219460610412367307e+00
1.273463296783151177e+00
1.208244563442030683e+00
1.235047069993670199e+00
1.194219432792837710e+00
1.191409404596354138e+00
1.166577984206875307e+00
1.178160464022309561e+00
1.156705026158232785e+00
1.190230993491128153e+00
1.217769527056964174e+00
1.203806479091698689e+00
1.200805365263177382e+00
1.193171530905746236e+00
1.163642449860080808e+00
1.129279703801198576e+00
1.166445861083770019e+00
1.192052651495897786e+00
1.222082601884483921e+00
1.184862822810497818e+00
1.193584180206290091e+00
1.148808906417204678e+00
1.113195764014568434e+00
1.172803298559368601e+00
1.181096982922807292e+00
1.224680511510090053e+00
1.166981887539103813e+00
1.132002613315221895e+00
1.143122505815602707e+00
1.191037044546242374e+00
1.155078187174698234e+00
1.221885093258369803e+00
1.198965410230458550e+00
1.171092000205804506e+00
1.172174898739749338e+00
1.122735562016673905e+00
1.148683536607511879e+00
1.158936501837233513e+00
1.173201477728903708e+00
1.172946332510925727e+00
1.104561131467554080e+00
1.101303546486423590e+00
1.088478852116396833e+00
1.143207112458143548e+00
1.112113999063470970e+00
1.137367033774258296e+00
1.096047762793693536e+00
1.085764438661418252e+00
1.128302465887860873e+00
1.125143372451746338e+00
1.145842991208864126e+00
1.178279047494180443e+00
1.199645801847774251e+00
1.203831760813627083e+00
1.075652810775533652e+00
1.209525895291466258e+00
1.182035279079807211e+00
1.121251736801425203e+00
1.109343731595722193e+00
1.160203648173085078e+00
1.109436443773155645e+00
1.182451397232562096e+00
1.228524132731631191e+00
1.193735852265218611e+00
1.208835736348608636e+00
1.196056871219954632e+00
1.130956885863519723e+00
1.177873075664223279e+00
1.189648977063805235e+00
1.138608835854879375e+00
1.035560483689805134e+00
1.058842711095788092e+00
1.145418114082435102e+00
1.150181580306712137e+00
1.135285111397703828e+00
1.155670747170910451e+00
1.103376527379759331e+00
1.151583436799233917e+00
1.096596110085984233e+00
1.097264603232336988e+00
1.106521193367921541e+00
1.079265846963264996e+00
1.135118808199718110e+00
1.154324129381121056e+00
1.127977115953404441e+00
1.146840491814075325e+00
1.109524253003271177e+00
1.154668850401380675e+00
1.100882510187289443e+00
1.122875125349769299e+00
1.059360318736194628e+00
1.111711277147879207e+00
1.155936533600302685e+00
1.156909065752826260e+00
1.089664471682211477e+00
1.150207229360548311e+00
1.145195366326228648e+00
1.138471540957290529e+00
1.076942601149065926e+00
1.094682463635606506e+00
1.097108490236202938e+00
1.127050568072782033e+00
1.168718518215576818e+00
1.100037184687704839e+00
1.137785196286235090e+00
1.076352140233135968e+00
1.100556733556877109e+00
1.086808569978696681e+00
1.074496011974629628e+00
1.101845053525501994e+00
1.081054367363005753e+00
1.093092102678505873e+00
1.053273699442066169e+00
1.061755423935545117e+00
1.082802634717613843e+00
1.080273068907647849e+00
1.106166749163160823e+00
1.046789745335807709e+00
1.088895676522873002e+00
1.113286448581753518e+00
1.120911321787171344e+00
1.118012279176430646e+00
1.124774375969913809e+00
1.169129013370967973e+00
1.117306854795750981e+00
1.146919129347933497e+00
1.137211485580835513e+00
1.128061065553544573e+00
1.076264925082495827e+00
1.098961500452791284e+00
1.094329216371343394e+00
1.101319925715855907e+00
1.146210744319989372e+00
1.104276030566972322e+00
