6.072648262190706303e-01
7.595263875232005635e-01
9.081961721539519861e-01
1.051518326482966614e+00
1.116118686202139720e+00
1.120569905083632190e+00
1.097848120201720290e+00
1.129265022866247969e+00
1.186353913017213824e+00
1.064862786270027506e+00
1.111112563963534638e+00
1.102286176603518131e+00
1.021560749343852104e+00
1.038446534052592796e+00
1.104644925238008835e+00
1.159728999899858559e+00
1.143363902198659687e+00
1.115497577250289973e+00
1.095461715359447030e+00
1.089075585114321454e+00
1.058332765813264187e+00
1.055316943085377046e+00
1.049628554720272611e+00
1.060341226448031637e+00
1.020520206829379717e+00
1.018320571806216046e+00
1.004528209701468722e+00
1.017104410403420367e+00
1.080622973476823123e+00
1.112627909594494424e+00
1.106651093719101198e+00
1.180901472960678600e+00
1.188365135570427666e+00
1.110857808324662299e+00
1.039148980411259471e+00
1.054090307458740439e+00
1.059744769183960766e+00
1.029379877463572068e+00
1.030311899135253784e+00
1.007792169401123816e+00
1.048867991013823664e+00
1.118898033607720777e+00
1.108894399031917111e+00
1.080959468594839601e+00
1.114264024865805336e+00
1.104805916759715290e+00
1.110165429323615838e+00
1.086475498438588705e+00
1.062962989303737338e+00
1.030874680389467724e+00
1.003212403440265410e+00
1.107179822944653891e+00
1.075681543812705199e+00
1.066334257911866423e+00
1.056365949443239804e+00
1.053815636490776475e+00
1.024076258892066438e+00
9.984656997256907696e-01
9.974837579756380412e-01
9.967911202953187999e-01
1.047712822579921044e+00
1.007686844895705702e+00
1.032846335251534242e+00
9.587080651454678026e-01
9.798449649890931257e-01
9.923183133808329837e-01
1.005329446624618761e+00
1.024614568017688354e+00
1.016110977925078318e+00
1.020063507986809448e+00
9.655367454181255082e-01
1.007764165371332288e+00
1.023737109653497290e+00
1.022170666178393139e+00
1.047809708637485571e+00
1.024110874599468701e+00
1.036977351869996511e+00
1.061027902197926531e+00
9.915288957550285609e-01
9.941373337094047136e-01
1.026382709214941569e+00
9.865840201836735268e-01
9.826425576596431455e-01
9.695267612807282331e-01
9.826698097072601445e-01
9.570686409591969701e-01
1.032117325464847246e+00
1.050300148565105784e+00
1.010377274962736438e+00
1.023805369668612464e+00
9.915826199111786865e-01
9.978164478333512166e-01
1.035866047727472150e+00
1.000229023631355130e+00
9.679119259628695682e-01
9.748904190876042097e-01
1.024441562047021526e+00
1.013133796349227067e+00
9.795519750301734385e-01
9.647064444043265130e-01
9.667285698482384060e-01
9.394680716123073871e-01
1.016529033678688076e+00
1.020695933854109505e+00
1.038546581133511726e+00
1.011702797996165026e+00
9.790043420117147122e-01
1.017304977872821814e+00
1.024892235080055558e+00
9.715554087002993278e-01
1.002769431065189343e+00
1.001255102085390813e+00
9.581205005024876487e-01
9.719701081915227414e-01
9.742393920079156500e-01
9.765158283468767797e-01
1.018931367749383199e+00
9.710720131527700305e-01
1.020277946235478517e+00
1.025305403991011888e+00
9.761377841474921935e-01
9.527837055606335204e-01
9.577713314558161661e-01
9.645656937816236010e-01
9.206429063046837058e-01
9.162898218494517355e-01
9.838649305632151121e-01
9.173105042296282319e-01
9.279685679905836926e-01
9.520952947720027204e-01
9.493279185909331286e-01
9.429602549928687294e-01
8.701155006279350790e-01
9.013031783579050771e-01
8.637931795869157048e-01
8.848052241433262965e-01
9.389466998433232403e-01
9.151951616872049389e-01
9.049047939786379890e-01
9.371998229499695077e-01
9.187636783442926225e-01
9.584130552818186377e-01
9.734139414963991488e-01
9.590176196258668462e-01
9.422368933510982814e-01
9.199204667670651814e-01
9.171970798832198568e-01
9.385774332745050463e-01
9.411966452521409732e-01
9.216928374542944225e-01
9.301641461909072595e-01
9.095558432461918752e-01
9.266333021918077284e-01
9.349216737748201611e-01
9.825069112828277440e-01
9.794896907344867731e-01
9.836161387329646066e-01
9.032948684520981653e-01
9.056877797988853729e-01
9.640620023154284901e-01
9.434034734824878754e-01
8.990434480309188459e-01
8.899288942310008554e-01
9.050537398117148857e-01
9.013937840215593411e-01
9.151704733442707074e-01
9.489543512308106221e-01
9.837187493135309824e-01
9.492158678453297416e-01
9.145679556134762578e-01
9.124089993731447912e-01
8.976016379698986691e-01
8.821480340458162095e-01
9.013579590898248561e-01
8.954568985307297391e-01
8.649085206023550132e-01
8.786898715012528838e-01
8.837217900121649983e-01
8.928452428502999805e-01
9.387878693427763599e-01
1.007309682305012055e+00
9.340093701637527390e-01
9.384866292929323617e-01
8.975184815741839017e-01
9.242577886274246923e-01
9.445558190046495772e-01
9.677626057316341956e-01
9.853676192012273960e-01
9.245720169175090097e-01
8.849912962753186951e-01
8.854852439066510650e-01
8.694040145474747350e-01
9.148813422497618086e-01
8.683449801130472823e-01
9.072400014481590835e-01
9.092563751986209031e-01
9.052023670116815524e-01
9.321082360291434998e-01
9.103694137983068257e-01
