6.057209012129438630e-01
9.376948677515718478e-01
1.044996053724559504e+00
1.112798552230569227e+00
1.133418268702845122e+00
1.135221558577120815e+00
1.151033227150203064e+00
1.106956859133011672e+00
1.135057430375391530e+00
1.169304540988569174e+00
1.150974286874888675e+00
1.123682974147409475e+00
1.162781992304690259e+00
1.157331604660615909e+00
1.160255440297648821e+00
1.161089309548408499e+00
1.103600365593606636e+00
1.101072288437265012e+00
1.154316385807843570e+00
1.167562827966189376e+00
1.097684991564729096e+00
1.048917424175996205e+00
1.104102527071031625e+00
1.186481040843136103e+00
1.140036166639086135e+00
1.104149162182200827e+00
1.123811198366348574e+00
1.098099691473757744e+00
1.091737634516023014e+00
1.156348944609143725e+00
1.178936698458346477e+00
1.108378922300243374e+00
1.081298803834390698e+00
1.073466813176843004e+00
1.089142607306861521e+00
1.064876955769588074e+00
1.099502238359583606e+00
1.128738106475483338e+00
1.167723431923795907e+00
1.103908345294526860e+00
1.111310175861661254e+00
1.133640149768346594e+00
1.147697206701300932e+00
1.131613046158636449e+00
1.135045714574176134e+00
1.108090793880588176e+00
1.111289502972518051e+00
1.078113632579635661e+00
1.119018138800511819e+00
1.108610873595447632e+00
1.065811674410849008e+00
1.085477251401862686e+00
1.086590012631298841e+00
1.064057265132886343e+00
1.080892535727098203e+00
1.104680145841873573e+00
1.072786422277523188e+00
1.057135532540910861e+00
1.105573706852610361e+00
1.115361724142128530e+00
1.130855882813643687e+00
1.096140014272094731e+00
1.090716429047726699e+00
1.099611253291445712e+00
1.107391203939636082e+00
1.121761617899979191e+00
1.112519202318436040e+00
1.049783533928107193e+00
1.031994181909000163e+00
1.093810818971670651e+00
1.122610484787608609e+00
1.080691497336896179e+00
1.084732519958535812e+00
1.089034653474098668e+00
1.076062901107328384e+00
1.053296609507293091e+00
1.064922921929631450e+00
1.040611063527033364e+00
1.069090007111914264e+00
1.101177642199130613e+00
1.130940814084726798e+00
1.129861441865754657e+00
1.109076129069462624e+00
1.088684436593937432e+00
1.089338600757947972e+00
1.044642882609330137e+00
1.023875384525038790e+00
1.030791682535692866e+00
1.051814290508756189e+00
1.016718498515030156e+00
1.113624379516075624e+00
1.003345581971874845e+00
9.984227174744639832e-01
1.046062873867600773e+00
1.067605483209004724e+00
1.039643858634276885e+00
1.022377852330595971e+00
1.012889040543580643e+00
1.040821799051099728e+00
1.075509149263776942e+00
1.035969220066770724e+00
1.022118581846079843e+00
1.068722843032485548e+00
1.026259177332762285e+00
1.032173471582098045e+00
1.099216610615427525e+00
1.072231997966189621e+00
1.067036577961506749e+00
1.045410208665195961e+00
1.022089581303714079e+00
1.074836049843141073e+00
1.109419182292821882e+00
1.041965642166863715e+00
1.012543385019994746e+00
1.097838401134709541e+00
1.078136849256489782e+00
1.085372130414423930e+00
1.058210894247256784e+00
1.037905267795373065e+00
1.056463728737419894e+00
1.017198501392121202e+00
1.013436960509225271e+00
1.006133130614347060e+00
1.035994249572504300e+00
1.034305556646625268e+00
1.001888093027860860e+00
1.003814443317801119e+00
9.908878822384761254e-01
1.065546218272161783e+00
1.067944908607019849e+00
1.051627771115931198e+00
1.043409299728106143e+00
1.030727496358825990e+00
1.035031861250308882e+00
1.033729454889599220e+00
1.068582601071150995e+00
1.041646492094679299e+00
1.070100420609520375e+00
1.043316975317163164e+00
9.629447467262410854e-01
9.943789221610510598e-01
9.806208023987393885e-01
1.070955428605113280e+00
1.048206077325314345e+00
1.103745155151067747e+00
1.067795684601061001e+00
1.070607989446274333e+00
1.015064686106374792e+00
1.022634875023476608e+00
9.861224216226922579e-01
9.998568035113746255e-01
1.016109439449792928e+00
1.063664438538200585e+00
1.007876041095536523e+00
1.018969966488792567e+00
1.016409083437454397e+00
9.961953250781495628e-01
1.001099930285877848e+00
1.055676305413149496e+00
1.044273165955812432e+00
1.018261310057209101e+00
1.020340583619155028e+00
9.743950509450733932e-01
9.962804781911092089e-01
1.025038847650924678e+00
1.023197641413073899e+00
1.027701884754912420e+00
1.081090374389101605e+00
1.075779765008340716e+00
1.020963629090704483e+00
1.028372724104606561e+00
9.820351956468605925e-01
9.881878024463323085e-01
9.560419902947899784e-01
9.937430925103512003e-01
1.029825419878550807e+00
1.010551590919874121e+00
1.028311763066301010e+00
9.936083851770360909e-01
1.006029091240163931e+00
1.035492043488415392e+00
1.028251098621704385e+00
1.017535167176110589e+00
9.530242098735492995e-01
1.006868319142382395e+00
1.023459813078703817e+00
9.770315515943935880e-01
1.000486528372228623e+00
1.058641228747246199e+00
1.037326485765575956e+00
9.976037640363184522e-01
9.400194424493575340e-01
9.543542434023644105e-01
9.369532609294670689e-01
1.001080802505375011e+00
9.756673124663541863e-01
9.971180424395383879e-01
9.426410390859407684e-01
9.626939312991694697e-01
