5.783629356544157663e-01
9.454965180510049860e-01
1.082095713652362790e+00
1.336478699243186741e+00
1.388880509509525130e+00
1.384156588912556884e+00
1.337330494338572429e+00
1.288052817532454153e+00
1.318073142788536822e+00
1.289042818128694812e+00
1.299557137341097013e+00
1.311297311421671496e+00
1.325232955206264496e+00
1.326638180022974511e+00
1.278532210931003110e+00
1.245942325485171809e+00
1.302138722833289686e+00
1.322247091837414512e+00
1.290401339296782135e+00
1.295082596651389473e+00
1.228341170391090698e+00
1.255173524880182745e+00
1.317765966767752372e+00
1.329387059020342932e+00
1.275181537946249888e+00
1.323121405324031663e+00
1.311435531762485063e+00
1.290857280099200644e+00
1.299181652476801840e+00
1.331403113454638243e+00
1.329467047671243130e+00
1.387007634882191365e+00
1.352947874271680284e+00
1.236428660684574243e+00
1.221455764342100236e+00
1.234305292078957894e+00
1.291924690884018512e+00
1.274311054970229229e+00
1.265679982409679827e+00
1.242502191475967743e+00
1.231771026155106252e+00
1.220512117860460988e+00
1.256194908297644464e+00
1.182527943180512020e+00
1.205021132633548708e+00
1.190529585022478631e+00
1.287546496290825626e+00
1.302947094570912068e+00
1.273130128864679911e+00
1.297538631704947765e+00
1.290802225513750345e+00
1.301097581909340439e+00
1.297950594514926559e+00
1.269400791327751632e+00
1.263856144286843008e+00
1.257573312841615776e+00
1.202267395356626078e+00
1.192352038666477432e+00
1.210196344410474856e+00
1.212283736178229043e+00
1.264265321842720224e+00
1.291681228826250249e+00
1.348484681280503583e+00
1.269266529399499355e+00
1.235263995931445313e+00
1.255281886128108981e+00
1.164213245080666814e+00
1.226670131043353651e+00
1.295592329451661140e+00
1.297381194568452356e+00
1.199674745494470951e+00
1.214923609895973255e+00
1.238775500851938993e+00
1.207903110082368059e+00
1.223122281753550533e+00
1.243152210777744848e+00
1.174660862444960152e+00
1.167203954348219774e+00
1.191032500622101198e+00
1.236511012392578879e+00
1.227294715039237483e+00
1.277097314194378441e+00
1.267682138474096609e+00
1.222202394985742568e+00
1.194090435497241698e+00
1.160531265697325454e+00
1.173431915358966737e+00
1.157924854668671788e+00
1.180820201341376663e+00
1.241796597368431510e+00
1.195314462269862821e+00
1.176442930640934525e+00
1.250227509960088579e+00
1.239919192272570081e+00
1.210346730058191822e+00
1.182421777617704395e+00
1.220589575946354977e+00
1.157363320523420613e+00
1.170084095493083121e+00
1.145108471017074914e+00
1.145957333254924437e+00
1.245215093635751336e+00
1.262641027674687111e+00
1.233397003156289973e+00
1.222615662947007742e+00
1.166857523544763353e+00
1.196588584574517444e+00
1.190647280771332639e+00
1.174659550758806237e+00
1.164755066800630345e+00
1.155071482511565550e+00
1.180358783435324410e+00
1.213830787642986575e+00
1.226106389326273138e+00
1.244720777872670769e+00
1.239556790915220752e+00
1.213227041112210136e+00
1.226511275427196068e+00
1.167915145383564113e+00
1.110384918285824307e+00
1.146178833088276949e+00
1.129705209928915988e+00
1.149243070489221363e+00
1.158701058164935072e+00
1.200913267556839692e+00
1.138627209686423392e+00
1.118499840064397732e+00
1.214507541909100929e+00
1.175758062317250330e+00
1.138961344059679970e+00
1.167059035371331932e+00
1.200045644078649110e+00
1.190977653601532849e+00
1.193242294501235090e+00
1.210804178795633179e+00
1.128246558311644998e+00
1.151853589980553316e+00
1.256934751707458497e+00
1.215474930461467595e+00
1.277506688234368415e+00
1.209229791257187436e+00
1.122925483452914097e+00
1.142583980023256895e+00
1.173153901924455900e+00
1.182070350886221144e+00
1.163523501679898597e+00
1.144854605793815816e+00
1.147044556323559394e+00
1.171414292499189047e+00
1.133476547021892378e+00
1.098870404311517612e+00
1.137347795386626670e+00
1.168367665180407799e+00
1.172977339148360665e+00
1.226216967182347739e+00
1.190708888174251578e+00
1.213958196138962942e+00
1.251397229173583758e+00
1.235696772013962219e+00
1.147324098693481398e+00
1.135124081576857957e+00
1.085936677139934803e+00
1.070824182267057223e+00
1.064691434000797132e+00
1.163124259381861814e+00
1.172374444602990673e+00
1.101903202688691907e+00
1.078455841469221355e+00
1.065471490973803448e+00
1.097310657839552839e+00
1.135140982526979370e+00
1.155771207572481085e+00
1.180634525179955263e+00
1.206667462126189028e+00
1.132345840798048231e+00
1.121423466811668712e+00
1.119771626632916961e+00
1.149650753387052804e+00
1.136408183487532142e+00
1.109607292587211802e+00
1.070523657971657494e+00
1.055738067111265943e+00
1.097302870920775497e+00
1.119885024668568096e+00
1.143225841262189180e+00
1.110151001819061456e+00
1.097639976351885815e+00
1.081183140923815067e+00
1.158612603329830515e+00
1.136572092122427158e+00
1.175188568390063137e+00
1.097942781298129500e+00
1.066343653119258716e+00
1.028980029026971277e+00
1.064953217428776577e+00
1.103042892915443884e+00
1.101399781104409392e+00
1.117521632070591409e+00
1.114377524507274231e+00
