6.180395329419787753e-01
9.444965651852960109e-01
1.102004489987141733e+00
1.244197057459234257e+00
1.345309877695620715e+00
1.337579194865223808e+00
1.327399209029597182e+00
1.297082577990423147e+00
1.399170189647304996e+00
1.361300739959775852e+00
1.363044093015291836e+00
1.363514351522163048e+00
1.409515402129975614e+00
1.386142436032393954e+00
1.330712532866356934e+00
1.271528406103511255e+00
1.326899805623998674e+00
1.326755654249767380e+00
1.357318442672410974e+00
1.371084089203772782e+00
1.351307344050705961e+00
1.322750576697306890e+00
1.262447215484132634e+00
1.271745827650237359e+00
1.353175875183969978e+00
1.378796110758975901e+00
1.346051886280975385e+00
1.253566315173452628e+00
1.300677903453711926e+00
1.337725040441668067e+00
1.328878030294266432e+00
1.334431090227215622e+00
1.324779353056158238e+00
1.279103611567619758e+00
1.326867141114733695e+00
1.330374054800519623e+00
1.338021147135881828e+00
1.340469899285295696e+00
1.277500664656550988e+00
1.239038413525430427e+00
1.252237809936285640e+00
1.234884329090764510e+00
1.289084000443576405e+00
1.210576573419557045e+00
1.185244049315298920e+00
1.183078789215495696e+00
1.214446127731545255e+00
1.246251591641146961e+00
1.298627475101026940e+00
1.300624399024260081e+00
1.333823160968409693e+00
1.307570567619355861e+00
1.298140461018068015e+00
1.276461357156140952e+00
1.289808133893933784e+00
1.196074789078505063e+00
1.221331544418830406e+00
1.158823296350302234e+00
1.200669922889344488e+00
1.188476023388242320e+00
1.168257018529615499e+00
1.143510277592132640e+00
1.127553781057302418e+00
1.230063021123247502e+00
1.260213926867008505e+00
1.299511921820225346e+00
1.266975703123114139e+00
1.222167869497335246e+00
1.276241315540933563e+00
1.246241136599873123e+00
1.221243161953829315e+00
1.202424440426616892e+00
1.221912688143125703e+00
1.143270062432949041e+00
1.146330786317171446e+00
1.161188555135284295e+00
1.177337404895174355e+00
1.178671797939729426e+00
1.187376281132905831e+00
1.171569919432533080e+00
1.249051772258586546e+00
1.205403916996116820e+00
1.235087224727359212e+00
1.301435396993779081e+00
1.300992046857803119e+00
1.288147863043888286e+00
1.268193895869508481e+00
1.205831548399379116e+00
1.194505040597057866e+00
1.217205572722746432e+00
1.231949675878225570e+00
1.177809966688522447e+00
1.165416014573553705e+00
1.142983891238026350e+00
1.155859526844995600e+00
1.157736882117126109e+00
1.194346810707590301e+00
1.168005901959779713e+00
1.239424616719301264e+00
1.214781883774810334e+00
1.272549305325072044e+00
1.261222612866098602e+00
1.269377430352809588e+00
1.187674819757020828e+00
1.167131161956634466e+00
1.220892654986715620e+00
1.133058924936812817e+00
1.155442590846144535e+00
1.166472642400791182e+00
1.198204687352322884e+00
1.227224484597024823e+00
1.200802112032022917e+00
1.192567312539513313e+00
1.128325629402625818e+00
1.197351459968084120e+00
1.184716923660530385e+00
1.221576295548251645e+00
1.174195054959155771e+00
1.184397877374341324e+00
1.254972514604101752e+00
1.123436739969651654e+00
1.154344766355348995e+00
1.155633843023174290e+00
1.184707461645436055e+00
1.139057382377886674e+00
1.121237296720053678e+00
1.130308584083240309e+00
1.114366112231617967e+00
1.127621560430221770e+00
1.121055878783889126e+00
1.071529757457567289e+00
1.134365243565963688e+00
1.166516569265643621e+00
1.120066440020153653e+00
1.122828067005427366e+00
1.096834108687780862e+00
1.129113052156057062e+00
1.108676482034695931e+00
1.141574758490804919e+00
1.117109891612327655e+00
1.179533448101630411e+00
1.152446505395572141e+00
1.160384257067214486e+00
1.182219104799078213e+00
1.185530262113509981e+00
1.125710361121511349e+00
1.142619533497714723e+00
1.151581653950210837e+00
1.101005654384581423e+00
1.140890661561913211e+00
1.097113523458764339e+00
1.088177756290500842e+00
1.150161679316075825e+00
1.157367623832934456e+00
1.161666218140233964e+00
1.151530039058656474e+00
1.136216353520275169e+00
1.059741000908260622e+00
1.128750836355346898e+00
1.070116261143103209e+00
1.106121177765176933e+00
1.164866698696394920e+00
1.169686289544340285e+00
1.093838959225887919e+00
1.116904687762305670e+00
1.196546028447791787e+00
1.144059892609139206e+00
1.162652447743200756e+00
1.084941170205137251e+00
1.047589142326946554e+00
1.072371876570445082e+00
1.130725441438841239e+00
1.104736180863608475e+00
1.147178001945065917e+00
1.144151437737746413e+00
1.102717354603256261e+00
1.116660353087849167e+00
1.082343451930185774e+00
1.084042858559665090e+00
1.143520820848174413e+00
1.081976195289678033e+00
1.123944522934622992e+00
1.131256106485517776e+00
1.166162450337082435e+00
1.161999708809791088e+00
1.132890843569821060e+00
1.163242292719282700e+00
1.125116823260359444e+00
1.103293208215591958e+00
1.127125209378233794e+00
1.123658551229133051e+00
1.109963828981542111e+00
1.080118696926515076e+00
1.100076342532502860e+00
1.134470239160616956e+00
1.080648865827195326e+00
1.118383163589190987e+00
1.172794039751052786e+00
1.168611509341633825e+00
