6.084050749036428174e-01
9.564789023805918555e-01
1.032854411897181190e+00
1.214267659604170158e+00
1.282509567728177924e+00
1.338103005227913700e+00
1.352654959448201133e+00
1.357755804332287930e+00
1.326596303355450868e+00
1.343609795267864060e+00
1.293631381246502121e+00
1.274490757362682469e+00
1.329071668119681027e+00
1.260680984220626577e+00
1.299036306625556136e+00
1.248596788486231235e+00
1.273911537181025233e+00
1.272404890913740427e+00
1.318829577929413466e+00
1.352660486731599221e+00
1.321002875270150589e+00
1.356781863520876374e+00
1.309758658979734092e+00
1.259786129872699112e+00
1.266973364940527480e+00
1.275275504016537331e+00
1.220997774865944852e+00
1.280599654936210197e+00
1.280414896436683936e+00
1.313811833109489013e+00
1.317334487331150772e+00
1.378704467971594072e+00
1.333572527977952005e+00
1.328378952441241712e+00
1.288955138641285414e+00
1.234422427471596251e+00
1.208687738742704187e+00
1.146004913810852566e+00
1.193651513719555135e+00
1.207656909923347843e+00
1.264105490314361369e+00
1.310713650131476671e+00
1.314798855295710833e+00
1.302566814600408573e+00
1.381155858568428929e+00
1.341969706860246747e+00
1.306425056529192386e+00
1.274246839387299213e+00
1.254564648052729048e+00
1.225758769778727331e+00
1.239881436431917949e+00
1.200894526219237202e+00
1.250405122791353962e+00
1.227174509946389991e+00
1.243035058422501171e+00
1.212518449977074253e+00
1.222668454522888748e+00
1.216736948623081904e+00
1.214053467809516507e+00
1.212557532065500876e+00
1.209086516983373549e+00
1.170785391841224321e+00
1.207765761126011750e+00
1.180079906478699092e+00
1.186101516444781234e+00
1.251284418023625777e+00
1.193299370150225247e+00
1.186979131725408587e+00
1.229193650249190028e+00
1.222684315265239130e+00
1.181889913000447434e+00
1.185279796135531472e+00
1.147690305494178942e+00
1.189853334685967212e+00
1.181292721647424493e+00
1.236643614419639770e+00
1.245489228039120544e+00
1.270460631636163740e+00
1.239349922035679397e+00
1.215452870952129283e+00
1.160298807656698017e+00
1.109051892573633680e+00
1.173260972927658408e+00
1.154044006624014296e+00
1.181626382452138024e+00
1.164127678901927032e+00
1.270992245654925190e+00
1.273792070771854856e+00
1.210931738265319302e+00
1.176551201357465049e+00
1.159389001452788781e+00
1.190365973863306337e+00
1.233274970744568932e+00
1.205282127629781597e+00
1.188686378491783824e+00
1.178040608760152486e+00
1.208364777537036083e+00
1.175237996976495003e+00
1.165162500934416867e+00
1.158618309172424921e+00
1.171069619930637185e+00
1.204621424138046182e+00
1.192433122348696584e+00
1.175184194226956080e+00
1.176372725205489189e+00
1.209416555614952538e+00
1.201166452749200753e+00
1.200851854297562804e+00
1.178107544569164000e+00
1.178594117225737481e+00
1.180500348152288437e+00
1.180258793185604782e+00
1.171760404925511256e+00
1.264581674725941074e+00
1.233432837476196031e+00
1.183075916994795529e+00
1.168706063603929701e+00
1.175653285994431529e+00
1.149496457857570153e+00
1.150753306046917501e+00
1.203536485844773907e+00
1.143098129314680911e+00
1.161647117217247782e+00
1.193285258465925924e+00
1.246177494127740148e+00
1.220317616609558176e+00
1.172777267374311760e+00
1.115233950540397645e+00
1.081858804295978249e+00
1.172470371005372769e+00
1.181879922246038550e+00
1.183575399355273339e+00
1.202616785134234867e+00
1.205547535859371688e+00
1.236590285259300481e+00
1.157789133882985988e+00
1.103517754361298175e+00
1.110080948388919353e+00
1.143181135628246858e+00
1.119576430717649451e+00
1.106349227870827567e+00
1.120605015340824462e+00
1.176212050761675343e+00
1.212497727456632868e+00
1.227190753214443264e+00
1.239067819147796401e+00
1.193971090866971396e+00
1.194910654679765427e+00
1.220142962901858974e+00
1.191299995565782366e+00
1.204067899132151620e+00
1.173422835569672085e+00
1.153217428213421325e+00
1.129648054354059017e+00
1.151419585380335064e+00
1.145389044039513138e+00
1.130387622504017919e+00
1.147717221017251044e+00
1.115095981631822442e+00
1.090171923858419767e+00
1.134044737915583134e+00
1.130349784281769576e+00
1.126135467650265065e+00
1.207752203899581156e+00
1.237821302176769445e+00
1.241953293689388893e+00
1.196064609817591995e+00
1.164535275135855086e+00
1.161648785819560104e+00
1.134813733043822603e+00
1.136298294751496574e+00
1.159665375889000982e+00
1.162859967461654875e+00
1.149678781949730499e+00
1.225062615406549815e+00
1.215344080535488702e+00
1.167561808556306646e+00
1.120228241409273018e+00
1.081652697572150545e+00
1.145694198188745183e+00
1.119491946185326103e+00
1.100700345862257512e+00
1.110795371252228048e+00
1.116256799831503610e+00
1.114831881941652503e+00
1.122176309952073403e+00
1.132418229933313425e+00
1.110523100481820791e+00
1.129102310341254523e+00
1.179289678046309353e+00
1.189941737355189710e+00
1.153117313229961693e+00
1.124034003698062723e+00
1.199262684156380931e+00
1.194192797314747922e+00
1.165186188467250084e+00
1.121081807019209231e+00
1.111193216221233904e+00
1.103898736768662570e+00
