5.080097566844906654e-01
8.157769613193766034e-01
9.942606127750867051e-01
1.094330151833202036e+00
1.202752809436302472e+00
1.232558011185720614e+00
1.278975646608973005e+00
1.309410106467997936e+00
1.271143046018168965e+00
1.200390318224489050e+00
1.231945678709991387e+00
1.202733009782848583e+00
1.209474097477783117e+00
1.227644522569582231e+00
1.240625518293748231e+00
1.233564136774089492e+00
1.242236936646586853e+00
1.156154751540609427e+00
1.223322833528453613e+00
1.227040272469245075e+00
1.232770069591078599e+00
1.164643156989002337e+00
1.189831074831868118e+00
1.184709039613148551e+00
1.180428853027597702e+00
1.174079488556519113e+00
1.196643980365706517e+00
1.166497162757451855e+00
1.175863762799593815e+00
1.206530033401321589e+00
1.200052233592405537e+00
1.202077889941289168e+00
1.185012793077037552e+00
1.149860795900208954e+00
1.178272585644956960e+00
1.171967983628405152e+00
1.145371277640218066e+00
1.150678472506155847e+00
1.155535091396707070e+00
1.144804767758153874e+00
1.140489810878447585e+00
1.099264938494098232e+00
1.109379040801254046e+00
1.131824170893470871e+00
1.148373045104854162e+00
1.145145186650485591e+00
1.167700130200277631e+00
1.137316271359703368e+00
1.089998445824232443e+00
1.142961142370109595e+00
1.165805845721686440e+00
1.233520995978932833e+00
1.176760062472270940e+00
1.120276303482169444e+00
1.119458746472754784e+00
1.119615987373100197e+00
1.111191803953579305e+00
1.089210407268996983e+00
1.106274997503991386e+00
1.128309868155472406e+00
1.162229374118574299e+00
1.155961291515274603e+00
1.192987801583597296e+00
1.158966005960701207e+00
1.161992014840002252e+00
1.134621468764941188e+00
1.175145123431293515e+00
1.200270728425734124e+00
1.273356256673032760e+00
1.226869977791078092e+00
1.158709474014281593e+00
1.135709804962510061e+00
1.112700272980720273e+00
1.124727559033085189e+00
1.094983195940978149e+00
1.104947031729202722e+00
1.064781684720627286e+00
1.086304227066179129e+00
1.174154269898487257e+00
1.178776144202172915e+00
1.089474886979973078e+00
1.098592283695257965e+00
1.042556769483149681e+00
1.109574367617911950e+00
1.103083267478128127e+00
1.136454553449438354e+00
1.072068560151351324e+00
1.078309910297155172e+00
1.096831224814096339e+00
1.152208159547722710e+00
1.209444500170605563e+00
1.112526384364827647e+00
1.098627621600739124e+00
1.138032027090053466e+00
1.163585483026609468e+00
1.143982079044361777e+00
1.066743498990172290e+00
1.059511647616968588e+00
1.117486075257888567e+00
1.085293809436308932e+00
1.115124555776468185e+00
1.091392259077372362e+00
1.150709283363401836e+00
1.117374909062481825e+00
1.133299670124475078e+00
1.087124441731990743e+00
1.073696907005466938e+00
1.074195933228686117e+00
1.070883458690496282e+00
1.086254329974124744e+00
1.072861219610430350e+00
1.060647341698198076e+00
1.085063149511018565e+00
1.046735870833877424e+00
1.052432824015363977e+00
1.035546564028615002e+00
1.080492189610476883e+00
1.095868109670796509e+00
1.072667923749754726e+00
1.063019279506291159e+00
1.081303682396133947e+00
1.080460843610217436e+00
1.116434062138734751e+00
1.056190512085296351e+00
9.997126057070305771e-01
1.047817812660807313e+00
9.787405065453196329e-01
1.040153879046674890e+00
1.033498964748521987e+00
1.077877535298177536e+00
1.027567483132225457e+00
1.038448171016071786e+00
1.103288004103596842e+00
1.067802284108837263e+00
1.036509800877459586e+00
1.045632647457944486e+00
1.031292930652298212e+00
1.065334594166492899e+00
1.032376051896702895e+00
1.019240199506637579e+00
1.042099334363660201e+00
1.037689862502656490e+00
1.055070262048101615e+00
1.033884202430935151e+00
1.058598600398936496e+00
1.026721402616230572e+00
1.044610992187937182e+00
1.003089927348472354e+00
1.035479392605608062e+00
1.035555369612014331e+00
1.064128042022683296e+00
9.901130779515877611e-01
1.042642447219707336e+00
1.082020662757737339e+00
1.064748940430860991e+00
1.083907278479513403e+00
9.952461746394456465e-01
1.008149502510885975e+00
1.013254152502729877e+00
1.033048146889284924e+00
1.021160351654414100e+00
1.015080048644071198e+00
1.039780954244453159e+00
1.058870484551542646e+00
1.023944795873565017e+00
1.029870183231700542e+00
1.002354570111280152e+00
1.059981930443255171e+00
1.041433884771379104e+00
1.049658586021027240e+00
1.053010081827441269e+00
1.029489931656688340e+00
1.079587962334783047e+00
1.031206105001072793e+00
1.027737204645683633e+00
1.078019913386110806e+00
1.006174562836474662e+00
1.017049619665537419e+00
1.044947420129522353e+00
1.040501198976611308e+00
1.051682224887274142e+00
1.006840111529260007e+00
1.064447424973723910e+00
1.035363165387255258e+00
1.060984562823171329e+00
1.018169184240908631e+00
1.033816917046150197e+00
9.897324517013607048e-01
1.045022816598279558e+00
1.043311766055335488e+00
1.034304855206129803e+00
1.008679511504976922e+00
1.064637716163058467e+00
9.867388058526684880e-01
9.895899680454318670e-01
9.868935444455706474e-01
1.041917486770396861e+00
1.052406029705681645e+00
1.022470773146977541e+00
