5.355825833497670496e-01
7.959875933568651973e-01
1.044379481992520953e+00
1.156422615824738598e+00
1.233387624977961172e+00
1.241578859145404223e+00
1.265656253902893491e+00
1.214741497743387688e+00
1.218399503777383375e+00
1.204897291585353081e+00
1.245989409942371617e+00
1.216454773890523144e+00
1.268676041943019417e+00
1.250147775228802383e+00
1.208236311683375641e+00
1.256683130538331472e+00
1.273242352091991325e+00
1.242697854996004825e+00
1.200402098135744167e+00
1.210691338922993410e+00
1.289049407932822078e+00
1.242801887990264031e+00
1.225872266333927429e+00
1.184944385515294574e+00
1.181395012043534365e+00
1.242757016708435636e+00
1.230501901546958710e+00
1.195267317418846176e+00
1.189600903715334557e+00
1.218072404511777451e+00
1.165824575335768998e+00
1.155159632618795396e+00
1.140635814931127312e+00
1.135298728784682076e+00
1.188493718636808083e+00
1.222450477737101471e+00
1.239205660171705192e+00
1.197003374634656225e+00
1.283579682735421335e+00
1.200250725859230982e+00
1.234523814134556918e+00
1.189064257163082061e+00
1.212518992339923329e+00
1.203315959195751850e+00
1.206999045447450847e+00
1.216533296580573298e+00
1.172035193959107602e+00
1.180673951038507363e+00
1.164447754885368447e+00
1.205092366288589734e+00
1.204037862325817221e+00
1.209109310863969222e+00
1.184870235639978953e+00
1.142611765770328081e+00
1.134111674243919898e+00
1.082316987964798027e+00
1.130777614013440235e+00
1.099142323643794272e+00
1.156530633204607028e+00
1.122335532531925528e+00
1.145679222430555422e+00
1.158811470715575886e+00
1.151250938355040887e+00
1.111000646889124921e+00
1.166552255066093169e+00
1.145239144371501538e+00
1.213871371199094495e+00
1.211212940472797817e+00
1.180191158599063872e+00
1.106453373780879268e+00
1.126802455386514135e+00
1.126498332441958627e+00
1.130715442156167816e+00
1.161787196809144218e+00
1.178785399107803888e+00
1.083427688069143136e+00
1.087068541613849693e+00
1.105718462418126879e+00
1.181018196223382777e+00
1.124238037576541727e+00
1.141116128412656527e+00
1.118201897518977805e+00
1.135948719862722944e+00
1.084850772529343255e+00
1.099943848258719825e+00
1.081429196995428388e+00
1.092956394901661632e+00
1.108224565003066431e+00
1.066339524083408596e+00
1.073847954848728081e+00
1.056819284654820779e+00
1.060087464406828106e+00
1.084210904988309743e+00
1.036319337261171425e+00
1.025280164326337839e+00
1.068847264529531715e+00
1.057222817006326920e+00
1.133076839065835228e+00
1.101633513428486921e+00
1.126863397293778934e+00
1.081497197441276592e+00
1.103483167346272387e+00
1.139868689478324093e+00
1.052239915673173432e+00
1.091897296868336475e+00
1.083473007258272558e+00
1.073564284694313642e+00
1.061439617544127634e+00
1.062397880658682237e+00
1.021501837076595365e+00
1.072165848356563478e+00
1.109326671497651962e+00
1.034805321842584336e+00
1.107464806250169742e+00
1.060576732311874659e+00
1.048277263550528859e+00
1.028660906034946532e+00
1.110349668339056572e+00
1.063613082353285666e+00
1.086146944298087780e+00
1.065217644392892682e+00
1.052245070743369926e+00
1.034438159473669128e+00
1.062013556986571405e+00
1.125136246846934807e+00
1.107192518545542237e+00
1.149135656767778624e+00
1.130372001616799071e+00
1.036656115487776253e+00
1.042242236595837035e+00
1.086894811250490811e+00
1.103790566035817822e+00
1.094194085490559187e+00
1.080174563018766021e+00
1.045302816436560533e+00
1.006269188225456190e+00
1.079476991051560253e+00
1.090489115516927399e+00
1.104629245052521247e+00
1.059402031979619352e+00
1.084566730179343796e+00
1.100062457597594356e+00
1.028308534470170343e+00
1.020083693383846191e+00
1.018014311146435480e+00
1.062157645604100420e+00
1.041708494572159971e+00
1.058411434848849364e+00
1.028761603750918852e+00
1.021428853949970739e+00
1.083376116574988890e+00
1.084374614260694480e+00
1.134049783413442869e+00
1.072098160634273656e+00
1.027799340984965726e+00
1.012078281671187296e+00
1.055248068691410746e+00
1.068201052306704701e+00
1.065773905733250038e+00
1.041632441007773302e+00
1.048738000978431950e+00
1.047128990561445594e+00
1.015932184334366717e+00
1.002748637320480141e+00
1.076960517067374834e+00
1.045324460484567508e+00
1.033003790021135959e+00
1.045652656717925399e+00
1.051926176609961683e+00
1.035577202236790173e+00
9.955109558364068079e-01
1.018370481281575257e+00
1.060454885952176962e+00
1.085768278094928041e+00
1.061390338837918446e+00
1.013141734643204561e+00
1.013941053111725443e+00
1.010710916100659995e+00
1.011882287004004732e+00
1.031855912967049038e+00
1.045867138395363938e+00
1.013253442537729754e+00
1.004170339176899240e+00
1.025185843517901318e+00
1.008068906178743784e+00
9.959023724966385993e-01
1.000636817956569224e+00
9.994361663680539909e-01
1.009988082876099869e+00
1.025893610858649163e+00
9.923795719015181538e-01
9.941135839657534445e-01
1.082043520748891208e+00
1.042977463408444105e+00
1.059652952978898499e+00
1.016494520941824575e+00
1.044611685729884387e+00
1.071321323824031113e+00
1.008537236883811916e+00
