5.699030470706591966e-01
8.451880077031105332e-01
1.043825672532574744e+00
1.207013852194322112e+00
1.313282838345777970e+00
1.291163236620112231e+00
1.259361031275397780e+00
1.279343064049189405e+00
1.263207873028323824e+00
1.258151632487561677e+00
1.312577301168468935e+00
1.279537116255298868e+00
1.242735322967802647e+00
1.220630750923916708e+00
1.268587921567022825e+00
1.301130363747843077e+00
1.335342906055942303e+00
1.283464513878015190e+00
1.218349165584672988e+00
1.159756961687009591e+00
1.192279873289145087e+00
1.232065219311288651e+00
1.302782973725837179e+00
1.275142801936100634e+00
1.204293623168026350e+00
1.213336211622629834e+00
1.281584294425818671e+00
1.286333303731003186e+00
1.266927018992008769e+00
1.294041084931873753e+00
1.248473669171434430e+00
1.176070346919356968e+00
1.184948095271500801e+00
1.190011177480125193e+00
1.170446621883520555e+00
1.185200398476251360e+00
1.240702621477326018e+00
1.253882037052850285e+00
1.249727705796248145e+00
1.208860530620584628e+00
1.247859601600321167e+00
1.278659783364489266e+00
1.275015820856584714e+00
1.280451898312660264e+00
1.283441723169701509e+00
1.280375005901581931e+00
1.225536967116473530e+00
1.143037855058551822e+00
1.139381679899391875e+00
1.182079565822436784e+00
1.202640648981091243e+00
1.162580332417323614e+00
1.161701303849160150e+00
1.117055760879571480e+00
1.109856554834637965e+00
1.188921809426650711e+00
1.196395212363128957e+00
1.140676363412843841e+00
1.175631368571385282e+00
1.170251935123594267e+00
1.215942045853896758e+00
1.151853435663945158e+00
1.148133776938462747e+00
1.186837482806164967e+00
1.216900870239087773e+00
1.185549504614098026e+00
1.228490334957203167e+00
1.198646931565021889e+00
1.127003085508065938e+00
1.144738163259312769e+00
1.224711568410963292e+00
1.193691853045614648e+00
1.184259620122799506e+00
1.151667395895780821e+00
1.137128367110313176e+00
1.145701144323470810e+00
1.132041392503747357e+00
1.149491924193994485e+00
1.181803676519537882e+00
1.165142447891010846e+00
1.148618058399340836e+00
1.138515883487033475e+00
1.216012452812763156e+00
1.187296323960089772e+00
1.191155777259056192e+00
1.097157718205272969e+00
1.114501249120335213e+00
1.109933026093041342e+00
1.128242749797033095e+00
1.106451564567492385e+00
1.159676770450320582e+00
1.150064350516366796e+00
1.114674749277822174e+00
1.104490027115966111e+00
1.085016814014015507e+00
1.097824685604921413e+00
1.120183770941315826e+00
1.100306161795590931e+00
1.084670004681084210e+00
1.129917864884764978e+00
1.131681693016896029e+00
1.113503151221078236e+00
1.136167566634767923e+00
1.158427786741230259e+00
1.208288310339415972e+00
1.132089803282630314e+00
1.090696755585659705e+00
1.093439328582525683e+00
1.108344558792827339e+00
1.071491558336432615e+00
1.126894970652655870e+00
1.147658824354827800e+00
1.169745479695615931e+00
1.099306028618650455e+00
1.121051470645272996e+00
1.152405743334101507e+00
1.120009295258740156e+00
1.079329505155417923e+00
1.114104952341872457e+00
1.048646771018458157e+00
1.069429032658619327e+00
1.048388818835943370e+00
1.061922464179794190e+00
1.104076672220168698e+00
1.144992519573418965e+00
1.108945564392218364e+00
1.105263141532676796e+00
1.122502403030840146e+00
1.084564583035227292e+00
1.094917939308057919e+00
1.142974497553086888e+00
1.135248621089716359e+00
1.103012512133076939e+00
1.084121212707287896e+00
1.086605825889384924e+00
1.084170922574483997e+00
1.050094588560539055e+00
1.010283593409115221e+00
1.119187186313439719e+00
1.130141189461420392e+00
1.097520123229059008e+00
1.077172225675497419e+00
1.059306108326656171e+00
1.022320723083148364e+00
1.028325652377082067e+00
1.069223271987729040e+00
1.080838728630620027e+00
1.069446454453340412e+00
1.122383608229980734e+00
1.055728307681168321e+00
1.094822815976103758e+00
1.089362752914062815e+00
1.045359620244436405e+00
1.032150861523655871e+00
1.070656684265057335e+00
1.048266081409261696e+00
1.007552391129359792e+00
1.068286242665570374e+00
1.053582606408197009e+00
1.075743625629931532e+00
1.125664726664075577e+00
1.048859030693060745e+00
1.019232193430435363e+00
1.067749543916780786e+00
1.057502058948263102e+00
1.082656671416290406e+00
1.010536368657198647e+00
1.054406503279214480e+00
1.054404382183691258e+00
1.082682501931215624e+00
1.001820038354526377e+00
9.886689451448686938e-01
1.050868407136358540e+00
1.027666202840880283e+00
1.017186490571073909e+00
1.049065275158723054e+00
1.081793808427517156e+00
1.109777646399103146e+00
1.082057395935965394e+00
1.028917446286039539e+00
1.006207000863422740e+00
1.037754476208180732e+00
1.031855730464304566e+00
1.058449221930488404e+00
1.053177335721475982e+00
1.043411706111642134e+00
1.020959436737462589e+00
1.059401254562525763e+00
1.059840573954258014e+00
1.067189096549488125e+00
1.038919200810472843e+00
1.014682357156157622e+00
1.051895588291356542e+00
1.030793112710471693e+00
1.018036572288941510e+00
1.008589413327794837e+00
9.593186680989409520e-01
1.014282514110053546e+00
1.024239868355482530e+00
