5.567682447465810425e-01
9.316887373504272318e-01
1.018352069710401153e+00
1.257434887111586130e+00
1.220768912087306424e+00
1.249003263113633855e+00
1.295736776035585569e+00
1.302844940603006041e+00
1.308973538187122809e+00
1.340309209300431847e+00
1.280658319655007205e+00
1.210611932325999618e+00
1.230737707329818686e+00
1.255556717622862584e+00
1.233701068396009459e+00
1.209061377652494773e+00
1.215975465667495925e+00
1.232166083948776469e+00
1.292729433427920238e+00
1.305417315500890352e+00
1.269429695303375460e+00
1.259523168557834527e+00
1.250425739831906080e+00
1.248145320785614354e+00
1.280790118198927630e+00
1.196635199282274353e+00
1.215244320434276659e+00
1.207613469794793115e+00
1.286986078735844252e+00
1.254298083906357997e+00
1.257177554332137737e+00
1.219064837189093975e+00
1.266886101741484305e+00
1.256095629829801830e+00
1.313844862779664613e+00
1.336284511967439803e+00
1.329691563839719759e+00
1.258967328478103553e+00
1.266011305508258245e+00
1.223955144236535730e+00
1.179928541641166229e+00
1.184304877891045216e+00
1.282150766751906978e+00
1.269120535890911228e+00
1.237146711099063490e+00
1.236978895174010162e+00
1.225418606883415418e+00
1.210364992262775052e+00
1.278847338936587752e+00
1.233691191306420576e+00
1.295938594105947805e+00
1.287628986468930092e+00
1.274122069596626883e+00
1.220208059606711304e+00
1.200404429344619661e+00
1.174112040877164809e+00
1.135897364925802622e+00
1.133080131849848460e+00
1.200001628577686441e+00
1.203163704010707491e+00
1.208121570766833575e+00
1.236342645667448448e+00
1.328817605366634735e+00
1.276889757299410011e+00
1.268247670145018935e+00
1.241542846060553540e+00
1.233960952949756829e+00
1.150004027658378503e+00
1.175374908121441964e+00
1.146400501350865131e+00
1.117690067480859861e+00
1.175388835794530573e+00
1.235163303095226484e+00
1.199751488119015441e+00
1.164025175102694432e+00
1.151069251668202842e+00
1.147294735434078783e+00
1.149955054887072281e+00
1.181243072446628073e+00
1.155766848290822768e+00
1.128438765472733696e+00
1.151632240488922099e+00
1.155344622549303146e+00
1.130572909963942108e+00
1.165642785495049960e+00
1.162886283086763450e+00
1.225358584585702459e+00
1.150006870553092808e+00
1.161923965291250971e+00
1.121183477844124310e+00
1.133077961350641205e+00
1.169789082112451695e+00
1.227730489757010712e+00
1.222956594054326329e+00
1.112397435569945525e+00
1.076698466841253365e+00
1.110454119049651078e+00
1.146359823275070688e+00
1.172606150900064925e+00
1.199240005158006106e+00
1.181581344722108851e+00
1.137728509553782574e+00
1.166386127490266489e+00
1.110290780750466721e+00
1.124028797716840389e+00
1.116545579586011971e+00
1.160347242049038607e+00
1.100437183426274723e+00
1.123750430641551334e+00
1.139512268101552372e+00
1.159198535818582343e+00
1.168072763235967093e+00
1.191519393896579793e+00
1.155534245695340800e+00
1.142407678743487143e+00
1.196668363049568695e+00
1.236592170413498337e+00
1.142064226454704068e+00
1.172614395407173271e+00
1.167774285133222234e+00
1.151920946603247842e+00
1.089827227689614153e+00
1.132226344515257388e+00
1.139348707740627464e+00
1.130689587703058940e+00
1.066703450650149598e+00
1.118554959916702618e+00
1.042604463507211809e+00
1.054323020997656180e+00
1.163555450315808981e+00
1.145928723855519360e+00
1.121763669056515811e+00
1.110922900262507618e+00
1.106537738733942122e+00
1.079872711495052151e+00
1.100665863325064109e+00
1.112334413392665589e+00
1.131086232721070450e+00
1.112981761593964114e+00
1.033304168991063587e+00
1.108354806722433361e+00
1.181905488933043813e+00
1.104493306205715841e+00
1.186358879098642349e+00
1.124638980298678703e+00
1.130292543016974571e+00
1.101265066021001049e+00
1.153931398483895032e+00
1.112543456230166594e+00
1.132323769642592515e+00
1.060384524754327984e+00
1.083779642283919875e+00
1.077394113974282863e+00
1.155815921937300983e+00
1.077149860933458658e+00
1.121205535262053798e+00
1.122608353014129756e+00
1.148764141829378582e+00
1.131504031559511292e+00
1.149626749145929994e+00
1.141471011128079693e+00
1.086158342957265210e+00
1.056076017214993890e+00
1.142376202580646094e+00
1.094680320945400354e+00
1.120266565230422007e+00
1.087330559785070205e+00
1.066201441759008439e+00
1.079041451927905015e+00
1.153231384464429299e+00
1.124352389970403099e+00
1.141203061343400549e+00
1.074430614775562454e+00
1.198810197018296053e+00
1.166052128010066413e+00
1.095476981229997593e+00
1.087904581513435831e+00
1.083694802388414091e+00
1.105328517053341342e+00
1.117032685020344696e+00
1.082364616590721473e+00
1.111075512556114475e+00
1.108424000884998373e+00
1.081086144541957061e+00
1.093396060984104468e+00
1.127456129030738774e+00
1.141188488161925862e+00
1.151201954605942879e+00
1.077774672819778568e+00
1.078597422636986103e+00
1.059983148353921489e+00
1.080595982665377930e+00
1.117648390547510973e+00
1.099494632317474130e+00
1.058956870460812105e+00
1.037198204456648121e+00
1.102844843760149685e+00
1.108253047623953824e+00
1.124856277790021286e+00
