5.683848317264198480e-01
8.829136135980515387e-01
1.013384326559591431e+00
1.217112809654016914e+00
1.276743953848820112e+00
1.259033981183160567e+00
1.268762036077066391e+00
1.260593722615905854e+00
1.318118669248087294e+00
1.303453627166048401e+00
1.285485455130020327e+00
1.265925461443213607e+00
1.294082878095721867e+00
1.231082700663252094e+00
1.229149542071079182e+00
1.180542657766374015e+00
1.226045331975631703e+00
1.246017491160316570e+00
1.270608654174861130e+00
1.282695433211106906e+00
1.281810947011911672e+00
1.232182996272266795e+00
1.196430183150178239e+00
1.223257852725571970e+00
1.202144989869316172e+00
1.256705613306879465e+00
1.262867465446120718e+00
1.223108582408319878e+00
1.254705852286429391e+00
1.190168764573806826e+00
1.237581288163011273e+00
1.215824299226575089e+00
1.223525050789686874e+00
1.214954353702564216e+00
1.247611355886958817e+00
1.218980603968136345e+00
1.242683350071500215e+00
1.203851974404030800e+00
1.220836503914694227e+00
1.134401125555868584e+00
1.206700487702936142e+00
1.153842697633058467e+00
1.182229743311521419e+00
1.133944756959576194e+00
1.238298210522558618e+00
1.159337779632236831e+00
1.154252728335077416e+00
1.145126782793939757e+00
1.146157058567821796e+00
1.145239169228564613e+00
1.188916780322714306e+00
1.224021036355320335e+00
1.220868299094218568e+00
1.229913562798055082e+00
1.267243631313462071e+00
1.258456516130422198e+00
1.233929051549843114e+00
1.178353299897429984e+00
1.160825355173947138e+00
1.193075088738868583e+00
1.233805218614527854e+00
1.166910293170965396e+00
1.178084388324941223e+00
1.156547056380873517e+00
1.187809979277309358e+00
1.249216646015906207e+00
1.238908972253216501e+00
1.149457552474595579e+00
1.166612426480342357e+00
1.150233100543560649e+00
1.089522858295070673e+00
1.130475107622304964e+00
1.109714767260601809e+00
1.151136658824586823e+00
1.121783308323605954e+00
1.175089413226965140e+00
1.150429330508950354e+00
1.155763524470839743e+00
1.184146629101448855e+00
1.150477707153596985e+00
1.120939125129593927e+00
1.150739061540724251e+00
1.188152982612966646e+00
1.207129179203598746e+00
1.182793630258054174e+00
1.206658449618660311e+00
1.200758269418955804e+00
1.089953143280324444e+00
1.111130198407802805e+00
1.127305753191346849e+00
1.091429652534903871e+00
1.142336706138202151e+00
1.163369093615064465e+00
1.098972446035193506e+00
1.199290862014601666e+00
1.196224262785323456e+00
1.156966032720049276e+00
1.121869027081043635e+00
1.097203582527937149e+00
1.082465706568645825e+00
1.115831362639477575e+00
1.180695813421220874e+00
1.232081982133969689e+00
1.156007030222316212e+00
1.188862146938064690e+00
1.123291344438176687e+00
1.080442283712741425e+00
1.118576315169715230e+00
1.120947955410419583e+00
1.139719708637012330e+00
1.185041102285861569e+00
1.098556520056622743e+00
1.153531972280291917e+00
1.098377774260560713e+00
1.073699554046283033e+00
1.017159125804439235e+00
1.162940987148713079e+00
1.099101455849703202e+00
1.083841504879907935e+00
1.058785694575433922e+00
1.058488386007432114e+00
1.049935419553751137e+00
1.074400584117884527e+00
1.109434792580944018e+00
1.185326844303968397e+00
1.072770322480099514e+00
1.092048799669369297e+00
1.081900157916910077e+00
1.122545006996320982e+00
1.177257655691891447e+00
1.127212249121098298e+00
1.114583774602103450e+00
1.098564704877451614e+00
1.110134458446238703e+00
1.107895044418280461e+00
1.141862134076589319e+00
1.099037093664422704e+00
1.060950570836485252e+00
1.102771063181287703e+00
1.075357111751247263e+00
1.058056731349642066e+00
1.047957453682060391e+00
1.011557351402556870e+00
1.053374432797170579e+00
1.138200935171305828e+00
1.063151243923104561e+00
1.086936503171022528e+00
1.063132647773203932e+00
1.094681573845128986e+00
1.079620841117802321e+00
1.136369184627942452e+00
1.092449148617884003e+00
1.084859012790413191e+00
1.071956742937838492e+00
1.119170387587659965e+00
1.139514767743124990e+00
1.092723834169321950e+00
1.124734193196328169e+00
1.103115981539285251e+00
1.071925214825546036e+00
1.021818886370673196e+00
1.019894953023133377e+00
1.031746457875296619e+00
1.018236057616896284e+00
1.109519829043386974e+00
1.088990818548106754e+00
1.139053083507940434e+00
1.139695826401862400e+00
1.060127970659823671e+00
1.029819167629753895e+00
1.095161007686723975e+00
1.064966170884125596e+00
1.051939840426701744e+00
1.049408315929777347e+00
1.030566105188794879e+00
1.054253004758681334e+00
1.056668087801186928e+00
1.054347619167529837e+00
1.098769625959210794e+00
1.076199981522049098e+00
1.100081458905594722e+00
1.108137685552179175e+00
1.056107238200509002e+00
1.033486637041405309e+00
1.008710893834882105e+00
1.015997575984205037e+00
1.040245383481467112e+00
1.058508049535061613e+00
1.019586530846259498e+00
1.049902771289123349e+00
1.038562780907138938e+00
1.056106151144891481e+00
1.139846427657952299e+00
1.079664224662466365e+00
1.045415011734569743e+00
1.066085864179397769e+00
1.064124324011530787e+00
1.043496689460666760e+00
1.020145379612917402e+00
