5.599970200854151869e-01
7.742520564685434481e-01
1.001067631377866141e+00
1.264174439280100870e+00
1.347136776387359625e+00
1.372695016216842756e+00
1.350790845024730347e+00
1.270829352893840580e+00
1.263680973828704479e+00
1.254923632375423814e+00
1.259346056425232563e+00
1.241327838385779536e+00
1.204337619827389405e+00
1.217985146272528185e+00
1.257382992100506636e+00
1.287200916541929363e+00
1.250592477539119729e+00
1.276592186051807465e+00
1.268780614144409791e+00
1.344093133661459882e+00
1.297986302014500382e+00
1.217295228148449926e+00
1.242439164043529498e+00
1.299950440596372880e+00
1.295459006486716191e+00
1.345283797798842107e+00
1.356649173600010361e+00
1.357206393279025702e+00
1.305267404967733524e+00
1.240580095476866873e+00
1.212046795932628651e+00
1.238726154188191542e+00
1.282585446544726171e+00
1.263323642272338398e+00
1.263636216119140787e+00
1.215581838820381400e+00
1.211127959146747202e+00
1.233147646539546560e+00
1.249947026433532837e+00
1.258152985204313401e+00
1.208226982446872100e+00
1.223931191499776139e+00
1.234371163990743758e+00
1.199396837151437856e+00
1.195811632737628916e+00
1.221160455852053017e+00
1.316060863425299932e+00
1.192544814035550127e+00
1.195604601208015039e+00
1.135816530322447671e+00
1.178952599302568016e+00
1.200994230784611538e+00
1.203741254232121305e+00
1.231668378125976071e+00
1.272781365048698765e+00
1.245158609160522012e+00
1.251180554545721302e+00
1.239478069790011627e+00
1.264247118150209737e+00
1.197660455384882860e+00
1.217357783437416963e+00
1.179343798418831302e+00
1.177660733536605830e+00
1.119801382429762127e+00
1.128942412753812574e+00
1.122525286879645812e+00
1.208359670208511316e+00
1.247591975013335297e+00
1.295862937600230413e+00
1.260551339948327465e+00
1.300848710923595775e+00
1.207843090597194635e+00
1.184532524731317205e+00
1.210864812485793029e+00
1.206417432949759005e+00
1.180248263623812521e+00
1.197345837953332159e+00
1.246266910848139453e+00
1.262516215210077730e+00
1.198763833697190639e+00
1.198101522106902239e+00
1.193253959628373995e+00
1.217177256019075449e+00
1.217072049900396191e+00
1.212891903087196077e+00
1.185916403800393093e+00
1.254398543546107581e+00
1.220771663698974496e+00
1.246643157827858950e+00
1.118968232143014330e+00
1.166270321557566936e+00
1.169153827006398805e+00
1.229190534845721938e+00
1.191506642740590038e+00
1.179908713780385865e+00
1.217330116562353126e+00
1.175644769850638927e+00
1.187438332315194245e+00
1.163354407474440411e+00
1.127453459328292773e+00
1.172719483883522207e+00
1.163297217080038193e+00
1.202255975422438894e+00
1.220509738901407015e+00
1.299915827380267119e+00
1.238720733675705343e+00
1.203259791467813367e+00
1.165636288717204039e+00
1.150716188590988454e+00
1.107903828579503536e+00
1.207428579180405581e+00
1.200051601944159385e+00
1.190387917662127482e+00
1.181749793412195437e+00
1.168743756585125526e+00
1.111610498056893936e+00
1.119176133308576571e+00
1.121949377770218303e+00
1.128375408803345525e+00
1.094767341199718524e+00
1.097320341501574870e+00
1.109894088624664876e+00
1.116489163072938107e+00
1.149916364232058674e+00
1.189530102256925570e+00
1.165830398516214395e+00
1.168815946691849739e+00
1.135012869866897978e+00
1.146875077602693249e+00
1.148326608342497002e+00
1.140267494188934583e+00
1.128359160061441102e+00
1.209077744520876907e+00
1.170130790729448478e+00
1.129266233268231057e+00
1.141884300735323210e+00
1.133370682332586199e+00
1.114010564618942212e+00
1.243770385692646085e+00
1.177985208123561112e+00
1.096192391301661351e+00
1.147152024575573082e+00
1.185464262571918281e+00
1.091105414589035760e+00
1.105091856711165610e+00
1.081133509821813998e+00
1.088998479771519978e+00
1.120963882680014123e+00
1.135262383037662692e+00
1.155292305892658744e+00
1.140207887997150005e+00
1.146325549110801978e+00
1.132243363139235681e+00
1.035661116262284631e+00
1.069578745222864002e+00
1.127567779007363047e+00
1.080413710994591714e+00
1.077821073476564973e+00
1.143990053347760272e+00
1.130593669610919560e+00
1.112335962798635558e+00
1.153709416903301976e+00
1.171890308173292095e+00
1.117669355395791264e+00
1.074070835435831928e+00
1.138771475972861325e+00
1.135374452210908380e+00
1.169082592620222627e+00
1.149508099917755599e+00
1.098496950028678532e+00
1.110346017544775687e+00
1.100336061098492024e+00
1.095742118267936327e+00
1.053880686094149199e+00
1.056838314041322002e+00
1.124314434154984443e+00
1.089727667646861686e+00
1.088241700529691380e+00
1.119676178292161373e+00
1.119775142408413249e+00
1.130593516220440575e+00
1.145278242641421640e+00
1.175009626633096049e+00
1.177549721132676863e+00
1.145419875177339897e+00
1.091793629840990487e+00
1.121782365134634141e+00
1.153661181284210357e+00
1.145296275662337049e+00
1.152425628992345352e+00
1.069853586289894576e+00
1.140088236567251556e+00
1.044565404266973419e+00
1.069189880071042653e+00
1.034175504823266145e+00
1.103261626523600381e+00
1.104196113956242620e+00
1.022754694207834048e+00
1.077890334464840061e+00
