4.958553418408727653e-01
7.505314309509371062e-01
9.243501733336625392e-01
1.109522886808303799e+00
1.098883927577253505e+00
1.069082894433625253e+00
1.074470915758810152e+00
1.091051784298818994e+00
1.131550902615084286e+00
1.138155057142836490e+00
1.152464462385625499e+00
1.074132071933865618e+00
1.048233945073553830e+00
1.034291246748156645e+00
1.123760091536732286e+00
1.112205848344213877e+00
1.105350080797864898e+00
1.048193474840893202e+00
1.054614038181297175e+00
1.084026272966170712e+00
1.103775766730950458e+00
1.113375429200341715e+00
1.017601720482154581e+00
1.020337763911020268e+00
1.066530830326367418e+00
1.129293560011089381e+00
1.115772721084480557e+00
1.112153054632325722e+00
1.080238833197702197e+00
1.053587152159461082e+00
1.053223543271717189e+00
1.046096561397012570e+00
1.035079957940342243e+00
9.831576538492575734e-01
9.928813201686548240e-01
1.052913636604978942e+00
1.050536220422378042e+00
1.037006578001743673e+00
1.066928393048682810e+00
9.936677756935865524e-01
1.009229006453822963e+00
1.001130722437069132e+00
1.059320216106528045e+00
1.016886253658565886e+00
1.029855584204455665e+00
1.075711375417441440e+00
1.113155173916867247e+00
1.072052714359304826e+00
1.055005518511314078e+00
1.090561888195088036e+00
1.112361949005274075e+00
1.096202821200274791e+00
1.075152118360162223e+00
1.070228234416778390e+00
1.048521640332326754e+00
1.005626784954982478e+00
9.974649779695925478e-01
1.028035624697972272e+00
1.064292557176482745e+00
9.976888556797092189e-01
1.004251587625551556e+00
9.994383544732966529e-01
1.013409498512858109e+00
1.001644530060976424e+00
1.041295075371977630e+00
1.028143927385458234e+00
1.022055725021898454e+00
1.009047667487183775e+00
1.050229531736496913e+00
1.017198657643645143e+00
1.034339227524830873e+00
9.839475231727773386e-01
1.019517259169508527e+00
1.040684929334714237e+00
1.021422613384565414e+00
9.716015455784392518e-01
9.903699601834993205e-01
9.605105825422044497e-01
9.407803664329961180e-01
9.625184188092994475e-01
9.937749572670634413e-01
9.886517034051667263e-01
9.941715837732666428e-01
9.649461186517332978e-01
9.668393095322366237e-01
9.655370991847095352e-01
1.012712664758586456e+00
9.908580194740864711e-01
1.032675258827107090e+00
1.057111396721003072e+00
1.070751635340574826e+00
1.007313107652982209e+00
1.004325405505823499e+00
9.769339238284547866e-01
9.877281666506946278e-01
9.351589966254447717e-01
9.632977578176633582e-01
9.459330463478780038e-01
1.005986642618000637e+00
9.460726932777611120e-01
9.721572886781257861e-01
9.630612269013192339e-01
9.504544148003053472e-01
9.287120581594845437e-01
9.825453739504366180e-01
9.474075221299551597e-01
9.827492482317418121e-01
9.579300820847611586e-01
9.824643850682510671e-01
9.920869825565856726e-01
1.021097869449645756e+00
1.025624077147036628e+00
1.028507554365977406e+00
9.327116768024189541e-01
9.505217483629450070e-01
1.026984372190980599e+00
1.019645262535432417e+00
9.369564791854931851e-01
9.671840791941251902e-01
9.931392714162597946e-01
9.928061204704800025e-01
9.387501333669520109e-01
9.319347092380114717e-01
9.291113980952782070e-01
9.980195846100873291e-01
9.950163979015766991e-01
9.775438392625795947e-01
9.610264950325538846e-01
9.656207179396546492e-01
9.566404689866275790e-01
1.014931513680563002e+00
9.432825293366922104e-01
9.357461311963906070e-01
9.620973825397488577e-01
9.858751949845305784e-01
9.548200537671456267e-01
9.897879958315325410e-01
1.002801011037182555e+00
9.870028325224490251e-01
9.275505956280709619e-01
9.284769914855155459e-01
9.341863970808652606e-01
9.496527270477640448e-01
9.486592926073422749e-01
9.220736261957971358e-01
9.957004069186948803e-01
9.541483274575862650e-01
9.924627061652131488e-01
9.613243462788965132e-01
9.961847914883548150e-01
9.813928069811074240e-01
9.795714843927908477e-01
9.780506634241020736e-01
9.125873624357507818e-01
8.961091501855734665e-01
9.373443602145298259e-01
9.224082300234363041e-01
9.320049961048672005e-01
9.395700972949151408e-01
9.478286346949188479e-01
9.497294524331569843e-01
9.700068016374399082e-01
9.676514886457768805e-01
9.180294794921948220e-01
9.433592549361370372e-01
9.356609302376831527e-01
9.587406705913529281e-01
9.717460230874792604e-01
9.551233928450894028e-01
9.240524200456768922e-01
9.176837443598065969e-01
9.208928349851264183e-01
9.098603750156920578e-01
8.967088081353266071e-01
9.092467353465056856e-01
9.046607220721808451e-01
9.254349510574118032e-01
9.446135245227406108e-01
9.161988513180475691e-01
9.042903561018810210e-01
9.362827941137222831e-01
9.136561885594486343e-01
9.174329005907911894e-01
9.013358794427522858e-01
9.354254859030181057e-01
9.418238523215155533e-01
9.153311690521735988e-01
8.883046039833518703e-01
8.863175748655434116e-01
9.189593624507338410e-01
9.818540357211169578e-01
9.769188748213467610e-01
9.853361373138116441e-01
9.515239111683949647e-01
9.470902648981482930e-01
8.982124839436549379e-01
9.295398123820622915e-01
9.265638883795767056e-01
9.159647463585006699e-01
