5.240046336595773901e-01
8.563368813376207589e-01
9.968565901581475375e-01
1.128938381131185498e+00
1.152970173199542092e+00
1.134102679547709824e+00
1.119490207789704650e+00
1.098421124083287070e+00
1.114972070808305737e+00
1.167929706578057170e+00
1.152977619318918956e+00
1.120058420851081982e+00
1.086286519439775722e+00
1.102400374224224544e+00
1.112094725519755301e+00
1.123191587261656910e+00
1.104257379589561383e+00
1.121496760243916757e+00
1.137831860232730419e+00
1.148956883806049545e+00
1.176614249958476188e+00
1.162214613944697383e+00
1.122883286420478077e+00
1.137608468947181928e+00
1.120773710422964253e+00
1.090537667966522850e+00
1.094877989538353136e+00
1.076852814976027251e+00
1.081061294461128863e+00
1.111925096646988242e+00
1.103209177203096747e+00
1.075880354476343337e+00
1.097235097552433869e+00
1.115200945456894965e+00
1.082352784662593104e+00
1.043701329434270964e+00
1.063420151090373134e+00
1.056195404572014773e+00
1.107940390638460393e+00
1.099764456803587809e+00
1.062571690741318076e+00
1.039859880857276098e+00
1.056589597328974062e+00
1.111380030640071848e+00
1.089453536678124834e+00
1.043771277217088844e+00
1.046564124557836983e+00
1.062088509980659845e+00
1.109076310658259068e+00
1.130616661552698687e+00
1.079135682243495653e+00
1.045904381101876446e+00
1.029990834869717764e+00
1.013757565919838788e+00
1.019615179887123579e+00
1.110531748554054010e+00
1.134162823277124810e+00
1.126386327308728674e+00
1.112802628113279235e+00
1.055653312041558767e+00
1.075998748694948270e+00
1.042843117761281135e+00
1.084455356309501406e+00
1.084582243532781876e+00
1.061812537380443233e+00
1.024932252868053340e+00
1.046782611226035664e+00
1.085169080530375307e+00
1.159490368693200546e+00
1.122862591742021632e+00
1.129902737506231603e+00
1.058265214051058889e+00
1.089436610790050608e+00
1.044900484981963640e+00
1.058389329477769980e+00
1.039995109534607609e+00
1.012736225466712936e+00
9.757064756232064484e-01
1.044585583342974688e+00
1.050732659438436079e+00
1.101862781056631935e+00
1.105760591457267683e+00
1.126504138789298670e+00
1.063313815155448205e+00
1.096026849832285821e+00
1.087467605051209540e+00
1.112870909071260739e+00
1.018369622658804818e+00
9.991972585054277323e-01
9.962703946993213266e-01
1.007265809788307154e+00
1.028333970483678472e+00
1.050768309859975824e+00
1.006946261138325749e+00
1.064544409728773511e+00
1.095923581143233294e+00
1.038986675494681933e+00
9.963704803583780523e-01
1.045190186731988380e+00
1.008338562276599459e+00
1.022547255437123104e+00
9.986564592098022830e-01
1.008756787009821076e+00
1.056069857120039313e+00
1.091602414571360757e+00
1.035163628777101996e+00
1.068519160558666581e+00
1.054720038269919113e+00
9.864937579744912366e-01
9.915873449921661642e-01
1.018935166031948558e+00
1.028143715928595547e+00
1.050847996519523209e+00
1.074667932588873498e+00
1.098141572063176197e+00
1.049009759674689457e+00
9.902910591152699338e-01
9.762292847498360571e-01
1.009340527850026703e+00
1.049982956078592489e+00
1.075962661958822730e+00
1.003724674302658437e+00
1.009336729289886492e+00
9.663719631787189845e-01
9.739944699721824195e-01
9.908202474088503298e-01
1.035095971974786977e+00
1.051545850244793412e+00
1.022630173803306119e+00
1.007566829934743335e+00
1.060701263504853609e+00
1.015366091942675464e+00
1.022598554753367806e+00
9.914987928305103448e-01
9.888449809406769653e-01
9.938943200458113525e-01
9.859441177087241437e-01
1.042772834443500996e+00
1.051818469823981417e+00
1.038495156265034414e+00
1.004180634307358710e+00
9.278652091034065297e-01
1.028331532450883490e+00
1.008319863321233134e+00
9.971581517044010301e-01
1.012517355012697573e+00
1.116322342479203922e+00
1.109612264164859141e+00
1.033991144042421650e+00
9.703768614387673352e-01
9.954910232728685360e-01
9.649397530419081548e-01
1.019123934846501323e+00
9.767554297884946113e-01
1.010997132453309355e+00
9.939464911312279050e-01
1.004346336999275779e+00
1.004214288074849915e+00
1.002630874462395516e+00
9.893875538955884119e-01
9.975940307458976974e-01
1.007710626231232975e+00
9.925851100020796070e-01
9.936969046641226377e-01
9.802610348206560742e-01
1.001334952976422610e+00
9.847776308542619539e-01
9.513027783120231451e-01
9.691707426848167328e-01
9.199161252381740095e-01
9.498387602112035033e-01
9.651823016785364695e-01
1.000710761189279152e+00
9.872417668114418232e-01
9.725594542980140478e-01
9.803537862435018901e-01
1.015408958243792181e+00
9.654932199045953567e-01
9.338043954549513082e-01
9.092243425716480809e-01
9.586030794952514755e-01
9.333246260065670707e-01
9.430346427881056703e-01
8.964490256882423624e-01
9.503526466997327393e-01
9.450430954600245181e-01
9.821986911763966877e-01
1.013736402273084591e+00
1.004285262899403453e+00
9.731060643551133760e-01
9.651129344513038610e-01
9.651825258995644363e-01
9.686970274039903295e-01
9.636305123725126265e-01
9.846292898789718029e-01
9.271999571327566025e-01
9.769282667449150637e-01
9.535730077647329717e-01
9.354280843138137458e-01
