5.884045935156441143e-01
8.204896826218446293e-01
1.024573142970312656e+00
1.139498654434795810e+00
1.208553306306655806e+00
1.286797511889782086e+00
1.312363097059531247e+00
1.297758537588113992e+00
1.262284059947297310e+00
1.244274854124963747e+00
1.294919668348258890e+00
1.313342228138285384e+00
1.255359759484366178e+00
1.222740091390928319e+00
1.284968312259698875e+00
1.307727998943695402e+00
1.310002486258703858e+00
1.240436164355779969e+00
1.219850343585854313e+00
1.277583849514436931e+00
1.321785818088016873e+00
1.268160343040034777e+00
1.167030827089196698e+00
1.187572557056684186e+00
1.169633567927902407e+00
1.194427935571762633e+00
1.223854059428425956e+00
1.220909426117473995e+00
1.243284669567743972e+00
1.208798655383008125e+00
1.275700437099857920e+00
1.305541245503393233e+00
1.325958006262316191e+00
1.300118056423153590e+00
1.269354111109260552e+00
1.271232704194638519e+00
1.336658364773965824e+00
1.275115027621691599e+00
1.244782155060170314e+00
1.196256723149198065e+00
1.175623176390865998e+00
1.206024782379135907e+00
1.256620077702702343e+00
1.282452753162780956e+00
1.301738719357279583e+00
1.288142771297955624e+00
1.244457613909742744e+00
1.216521020264182962e+00
1.215538908097428150e+00
1.177499809767512451e+00
1.218190517010723228e+00
1.132742210783295178e+00
1.140939782107971201e+00
1.163647877229971428e+00
1.198170657226280689e+00
1.143863147899117916e+00
1.166138226038282211e+00
1.144310082927706640e+00
1.135610838810306333e+00
1.168957307107499455e+00
1.234118281273159923e+00
1.259986317878117879e+00
1.214551153528369065e+00
1.182085159646098393e+00
1.276905199550585568e+00
1.179968161096360157e+00
1.166765338392349305e+00
1.187000737050836419e+00
1.212351942008314420e+00
1.179679401854752729e+00
1.159263550986056268e+00
1.165765836140177258e+00
1.212883163177151946e+00
1.185811300639215249e+00
1.146600925547651473e+00
1.171705357656313673e+00
1.221047648443870370e+00
1.152903929523686699e+00
1.074653448785458876e+00
1.074509799629903561e+00
1.133207563707672394e+00
1.132415599316680233e+00
1.118583322293104532e+00
1.122931116441334476e+00
1.151467584486046913e+00
1.186403411598526914e+00
1.193404515295763968e+00
1.163676236078760695e+00
1.089848418041734046e+00
1.072121093547705684e+00
1.101245925250813995e+00
1.157132272874579870e+00
1.124378922433353356e+00
1.152664251243396887e+00
1.083092176779100191e+00
1.146527618381646185e+00
1.204776795785109877e+00
1.187163511153692008e+00
1.206645163257153097e+00
1.197462355269123480e+00
1.159597469174462159e+00
1.140703683858581119e+00
1.122318702353999775e+00
1.145054314154767772e+00
1.141836425490052598e+00
1.146570796925947988e+00
1.111500870994236445e+00
1.160453761621642599e+00
1.157152945456398019e+00
1.164051377509892848e+00
1.171249278550837269e+00
1.158537367315734423e+00
1.072355937555934613e+00
1.078038116438350791e+00
1.065338272373667960e+00
1.139163742934011792e+00
1.116920762785294174e+00
1.157821903148329223e+00
1.168483429711643762e+00
1.158050447112852543e+00
1.132986211546836763e+00
1.147916936795769116e+00
1.142612474892635843e+00
1.125953144172993969e+00
1.121029441941775895e+00
1.115032589809185515e+00
1.142888867811286291e+00
1.159917687043619861e+00
1.114965561531894966e+00
1.165198127012180729e+00
1.122787533941576710e+00
1.099438966592902078e+00
1.099020620055201958e+00
1.149805365545674585e+00
1.190829131013573905e+00
1.137233730013655242e+00
1.163607399917688134e+00
1.118937584995181700e+00
1.163140522491789675e+00
1.140145481814980766e+00
1.127373621743986698e+00
1.104695701731730040e+00
1.117678086470917709e+00
1.135208200623338382e+00
1.086348214361736453e+00
1.108164539794064041e+00
1.100238848906876399e+00
1.113269378379562413e+00
1.140803659721149721e+00
1.152825766977357835e+00
1.146081465218092399e+00
1.113030438299654534e+00
1.110473697450513386e+00
1.106969115582382868e+00
1.148021453009790749e+00
1.131184909440136277e+00
1.177558532470647457e+00
1.153982365843523539e+00
1.055152324315705714e+00
1.051065766014954272e+00
1.061669694106119000e+00
1.056726844274064270e+00
1.155907322683349170e+00
1.105339798642446469e+00
1.110089297532177222e+00
1.097383001986767637e+00
1.085868337648258075e+00
1.065509784479898414e+00
1.101371670688220616e+00
1.062194149075663452e+00
1.094497658111637017e+00
1.101950368961369220e+00
1.053000513247362324e+00
1.038011736141495556e+00
1.080922264555029155e+00
1.088985283326054709e+00
1.144452286259338258e+00
1.120272935499033062e+00
1.082414587004878470e+00
1.047902276778359232e+00
1.061892757773830631e+00
1.064186515678918088e+00
1.001732644709161235e+00
1.071984023687640786e+00
1.061204132507744369e+00
1.070778903225479972e+00
1.110115997902927809e+00
1.114983500356627522e+00
1.082203441291614610e+00
1.061861462848010529e+00
1.104704425223007158e+00
1.083795438245380272e+00
1.066935210939652823e+00
1.037600756278006742e+00
1.012962646562477920e+00
1.061094506715828834e+00
1.072686963204037447e+00
1.050768246211469359e+00
1.001015825798302838e+00
