5.895918762667007318e-01
8.829522312711626242e-01
1.141633034306269945e+00
1.320407324143040073e+00
1.331345235344420619e+00
1.317462600571925657e+00
1.337552578599799258e+00
1.268629426478293798e+00
1.240896863249469240e+00
1.220454460424962528e+00
1.320541624419438564e+00
1.360070004982161684e+00
1.352238496317976768e+00
1.283669777233751308e+00
1.279491395199762849e+00
1.286602723463373676e+00
1.335565940403862673e+00
1.397317382604733593e+00
1.314348563411288140e+00
1.193956100681902610e+00
1.227373445600912438e+00
1.281272493418504244e+00
1.314733599787097695e+00
1.304231820787092877e+00
1.260283510382527172e+00
1.223215649214571821e+00
1.238666732464924536e+00
1.254693398564822759e+00
1.252311929460548701e+00
1.244932083488833108e+00
1.297014891649991952e+00
1.249576361019961945e+00
1.281924757915543500e+00
1.280263039160645988e+00
1.209972575770197123e+00
1.217669792195893219e+00
1.325499334229029325e+00
1.394676228259050799e+00
1.322122588796687426e+00
1.269806696728300599e+00
1.291683875418434102e+00
1.243024710558926493e+00
1.255675206431308144e+00
1.236937195276557766e+00
1.235933192643536627e+00
1.221409942816142458e+00
1.255437947764344475e+00
1.225153916525087983e+00
1.254301786215287207e+00
1.202136066988774399e+00
1.225135943904137825e+00
1.225859616328562884e+00
1.242563627918458202e+00
1.212224294550693360e+00
1.224244970957967915e+00
1.188084077667826088e+00
1.257228836700325481e+00
1.318650662587995903e+00
1.256874433499337362e+00
1.184887487084798519e+00
1.203058690974169398e+00
1.302866902918509151e+00
1.317485864652300220e+00
1.291384727978472480e+00
1.221725147509287623e+00
1.175892952481000231e+00
1.181346603314365806e+00
1.128334479395087575e+00
1.166619941472111011e+00
1.233444890861072007e+00
1.229916030764937940e+00
1.221915460178745194e+00
1.194342681671238138e+00
1.157259629713958127e+00
1.115669380785870191e+00
1.088156298518903276e+00
1.210555069091696190e+00
1.181004619284120594e+00
1.149363807060327591e+00
1.138891686453235019e+00
1.186751727324456107e+00
1.195418129520540163e+00
1.200915263670553346e+00
1.177853485475613526e+00
1.176670734562669240e+00
1.113944912284657640e+00
1.169945087386737193e+00
1.160075556520385964e+00
1.172926167329998215e+00
1.155083213133644149e+00
1.119202922412647849e+00
1.134093398141340581e+00
1.169365469205553731e+00
1.143518380729543260e+00
1.178738103550579286e+00
1.120276571403766130e+00
1.143664453894159161e+00
1.140328121427039543e+00
1.125629188785704615e+00
1.135556722925767703e+00
1.119917770609860863e+00
1.093379278289769996e+00
1.118755439109722083e+00
1.141726356386732810e+00
1.096483002652003380e+00
1.164584135250850139e+00
1.236773472922974237e+00
1.250575409191977849e+00
1.219230078914133486e+00
1.200192932870049134e+00
1.195791902936736539e+00
1.236567433511659209e+00
1.152822034117356065e+00
1.139816498874877349e+00
1.134128464933659375e+00
1.151709121401844227e+00
1.168251518207095607e+00
1.211621750983805867e+00
1.228169445965258566e+00
1.178880167259822809e+00
1.208183771377127735e+00
1.189267283098815131e+00
1.134730851108722627e+00
1.133283526328366486e+00
1.167889391603237570e+00
1.180533267532655861e+00
1.185886291828641692e+00
1.204889692560266123e+00
1.149344858561866189e+00
1.155329214465862009e+00
1.131333054576042496e+00
1.100314967502811436e+00
1.142188212608010289e+00
1.121509547430268761e+00
1.110309429202648746e+00
1.086059504451281743e+00
1.073254560686908388e+00
1.073434241205930784e+00
1.130591793828832126e+00
1.146685173112470091e+00
1.135134755176566257e+00
1.107220178697562174e+00
1.138359625674534081e+00
1.094354261921217653e+00
1.142840304220781089e+00
1.107261262430989879e+00
1.144471643378935699e+00
1.100539064080466201e+00
1.148276661607898097e+00
1.105270717896662314e+00
1.094499680812216935e+00
1.104028503231494485e+00
1.046967265561302929e+00
1.109129792810493953e+00
1.095730471329668498e+00
1.032011236535246290e+00
1.150379738883213099e+00
1.172239707809428877e+00
1.121098662820433800e+00
1.096776221473065638e+00
1.171481298569696294e+00
1.128830829088030008e+00
1.102584216556005359e+00
1.053651305566023266e+00
1.127504322462171471e+00
1.082300515092505577e+00
1.065990606094348037e+00
1.095906214531157774e+00
1.123926613664410379e+00
1.134405452900746125e+00
1.123339938892147449e+00
1.043564293406904042e+00
1.049968114906841610e+00
1.064194871562643696e+00
1.068987852296100050e+00
1.020565237351626076e+00
1.067645763533662473e+00
1.049786647806168149e+00
1.079780390936121881e+00
1.062894103028961368e+00
1.049274674752997738e+00
1.061368366585097922e+00
1.081659743872221968e+00
1.092974962593664667e+00
1.054265642651130541e+00
1.081143171707519945e+00
1.070147728222599071e+00
1.131531520434690075e+00
1.102486440382542288e+00
1.099233888382976865e+00
1.105958175148572087e+00
1.112480105054145074e+00
1.061693057371004834e+00
1.084275073064321138e+00
1.074555578081968665e+00
1.112188429791596045e+00
1.097919390963156161e+00
1.072254061262060132e+00
1.085330944956687915e+00
