5.765872474317857987e-01
9.399642680105230186e-01
1.053189035145403185e+00
1.235502028906457106e+00
1.231403797945533674e+00
1.296247723291827914e+00
1.297109623393590150e+00
1.322141690338957787e+00
1.309756003505347044e+00
1.306244207515165456e+00
1.295425325403589012e+00
1.295291165108415798e+00
1.315226579243018890e+00
1.229980871923128216e+00
1.223536543760812112e+00
1.242461702497611897e+00
1.250051270371246970e+00
1.257190459171783958e+00
1.291897357196385210e+00
1.259708254964957419e+00
1.268733382631204165e+00
1.282555701200588150e+00
1.264921335178152750e+00
1.181204409093210561e+00
1.228011430957106187e+00
1.206055410992780796e+00
1.277563918677327326e+00
1.283694389338644770e+00
1.277345330809205537e+00
1.262070618741684136e+00
1.241289368983747199e+00
1.183394461470958392e+00
1.193465819364943448e+00
1.145216472182706502e+00
1.178511149986896100e+00
1.180041526836935528e+00
1.312170630774006863e+00
1.261698224706384597e+00
1.260179534862124751e+00
1.224799827633062277e+00
1.246673812137846893e+00
1.228620789384745837e+00
1.267068491771807137e+00
1.292605795921222489e+00
1.266075104743657587e+00
1.258378140773445564e+00
1.199349606188480077e+00
1.227864214322398562e+00
1.254725047388194792e+00
1.290263967707063086e+00
1.266797131005921617e+00
1.238526247531522628e+00
1.214284219483921401e+00
1.201792520258914809e+00
1.221007239818182155e+00
1.226530470327335198e+00
1.280375825021501823e+00
1.259856327557892230e+00
1.169925777471083839e+00
1.165293931184941956e+00
1.162487148326112774e+00
1.177234579693196448e+00
1.171473746751523271e+00
1.174317696971761471e+00
1.184234300410399454e+00
1.108547742075761233e+00
1.130782624946456094e+00
1.205518341163389406e+00
1.227587170961465413e+00
1.203519915582184518e+00
1.171646652742393879e+00
1.166205653276230381e+00
1.188769323371256625e+00
1.161977837553679560e+00
1.203144643854769491e+00
1.188456143467341519e+00
1.180386847134154760e+00
1.183760012991295740e+00
1.270331097405521525e+00
1.233951307028911870e+00
1.201475488944903969e+00
1.153482300153397810e+00
1.186838875540977112e+00
1.108186379500583740e+00
1.142631433530427509e+00
1.161928999155602327e+00
1.167148919871841661e+00
1.163984509448664717e+00
1.229838672121197352e+00
1.205628736174411797e+00
1.187376675152543415e+00
1.146962764965783421e+00
1.177110401625528491e+00
1.167126512774640634e+00
1.188548825244612139e+00
1.189505736182162376e+00
1.193769774889820834e+00
1.206644437016051397e+00
1.203025091904501798e+00
1.149188714789581178e+00
1.176174318845206956e+00
1.130755136678405215e+00
1.156937798413789187e+00
1.117063372767733043e+00
1.138039382457570969e+00
1.171443245248050991e+00
1.177634331735679663e+00
1.166945629552643471e+00
1.106379724052516611e+00
1.107199284011409324e+00
1.113506381824131086e+00
1.115518944604361407e+00
1.148573067998588826e+00
1.066249488814914548e+00
1.142774095866663009e+00
1.115071161648977904e+00
1.180464749610469433e+00
1.138842446043857981e+00
1.195477162990406850e+00
1.218369622661429341e+00
1.176106643122166062e+00
1.155995878554206380e+00
1.139727198170677580e+00
1.130007399546007818e+00
1.145181987272262392e+00
1.138777306436830061e+00
1.162166997077250130e+00
1.190264914429480791e+00
1.093652120972508746e+00
1.191911221393130882e+00
1.205076815116223221e+00
1.145219846787377760e+00
1.083219593892827515e+00
1.134726292975814621e+00
1.144008826638150289e+00
1.111334505554013141e+00
1.155126968817811850e+00
1.140533963169175324e+00
1.161185180777183579e+00
1.130789421640523429e+00
1.154296776675232561e+00
1.191861008376573494e+00
1.162776450888874269e+00
1.127119642610503236e+00
1.161205677501386369e+00
1.150066874577881260e+00
1.135270106330779072e+00
1.142128897378692054e+00
1.154139656176170314e+00
1.171773902700811831e+00
1.126961048020701295e+00
1.145271644298598401e+00
1.091878338179134600e+00
1.079729592970727570e+00
1.172458093032816118e+00
1.112491005576320635e+00
1.088853797775896970e+00
1.102028338705225208e+00
1.107241284683433857e+00
1.074916711741686459e+00
1.085582673112941432e+00
1.068718235165712516e+00
1.182002203916759253e+00
1.135835100312584167e+00
1.082754091220614834e+00
1.048662515934314809e+00
1.178819732211455307e+00
1.133005686551346924e+00
1.085533054863325075e+00
1.044886054274150267e+00
1.082172800903316023e+00
1.079593998037306379e+00
1.131121824292238731e+00
1.119399275958547824e+00
1.103306277300309279e+00
1.131033065090365941e+00
1.114795223079155795e+00
1.104875138184128636e+00
1.132257610155762650e+00
1.115923893597170702e+00
1.129538705976310453e+00
1.123397375842753565e+00
1.052401638873674550e+00
1.093848012739008446e+00
1.140194769912752815e+00
1.070646920510657463e+00
1.087270977024996199e+00
1.075842211051426300e+00
1.109580539366693319e+00
1.131713955340978295e+00
1.094252669478294582e+00
1.059840101738404483e+00
1.072509408709664047e+00
1.056648208462954042e+00
1.079898130872815276e+00
1.102600829871129617e+00
1.055837849513072912e+00
1.071390968136495925e+00
1.094075770664195479e+00
