5.896919826958940680e-01
8.384886490492959865e-01
9.934339883226337431e-01
1.163739056444375919e+00
1.228456022912983947e+00
1.210218777954485514e+00
1.254737849623031476e+00
1.291866140685507425e+00
1.231855045368245083e+00
1.250194850607527552e+00
1.235634881632429183e+00
1.210766805499139398e+00
1.214692036721256363e+00
1.266354558946798825e+00
1.347213861473027352e+00
1.294130272396570858e+00
1.206261892321358609e+00
1.198018575908121885e+00
1.188343465464682946e+00
1.233251487006069347e+00
1.214419674293638840e+00
1.271685652586637350e+00
1.265523529044362050e+00
1.213369257155525016e+00
1.251341030950916311e+00
1.246408257476608661e+00
1.239214948217170820e+00
1.192657278680916422e+00
1.211453827170708708e+00
1.250595715140070840e+00
1.211401560000143318e+00
1.218779496593821676e+00
1.213589471758679261e+00
1.192387373645080517e+00
1.229011995402321311e+00
1.221508520313376422e+00
1.266389708560480720e+00
1.266121360375238813e+00
1.218969275696424326e+00
1.162209262139416444e+00
1.199807982921549776e+00
1.200091226397644650e+00
1.231985870290101426e+00
1.168771809097976400e+00
1.213950703877758608e+00
1.200976143186712308e+00
1.177024438164149256e+00
1.190290005548205077e+00
1.210993292015959621e+00
1.145397527618759792e+00
1.182461958709670746e+00
1.109970548223677689e+00
1.131115203565934646e+00
1.098097171185086207e+00
1.137068040898500332e+00
1.184574544446777900e+00
1.243284186270859681e+00
1.261485171132828320e+00
1.202759937255200473e+00
1.170733686418425012e+00
1.133567478307545118e+00
1.146103875210048972e+00
1.149578921711342572e+00
1.122090884920502019e+00
1.189886592605438720e+00
1.257425952161901117e+00
1.204538308817714842e+00
1.162855666476706906e+00
1.163468732927327665e+00
1.188351337437221655e+00
1.189728377679470928e+00
1.161324399537183361e+00
1.118931463023973283e+00
1.128352686877799771e+00
1.151623268290376423e+00
1.136065483777592533e+00
1.187589069837018174e+00
1.143529323797715769e+00
1.156180780896523874e+00
1.107136907792365621e+00
1.182825428270806167e+00
1.155000001715131175e+00
1.154803547837323974e+00
1.096628031478401599e+00
1.159123271588972992e+00
1.166913687038632963e+00
1.155594028818271113e+00
1.065814164785354290e+00
1.114425440479791307e+00
1.110079149658986575e+00
1.204071993655628114e+00
1.109429558471035637e+00
1.110174589940376544e+00
1.038438449950774389e+00
1.086241906877413843e+00
1.117091740162746927e+00
1.168773871809197340e+00
1.127235247083875791e+00
1.117022149794780095e+00
1.117072304652873882e+00
1.144448036871192675e+00
1.062962789222262616e+00
1.071549913740913684e+00
1.100001289620218481e+00
1.135715271325405284e+00
1.168480005571248093e+00
1.215094930184017263e+00
1.091849666844880939e+00
1.097346240926470706e+00
1.087480652279303017e+00
1.092130291923078644e+00
1.066797567680747960e+00
1.107560462010324542e+00
1.104553802648392313e+00
1.142922454406291477e+00
1.163798162606875630e+00
1.142242609232826389e+00
1.063726567082309948e+00
1.067247268551100747e+00
1.083052098375135941e+00
1.121789455100158817e+00
1.068250317458907750e+00
1.057415548083682655e+00
1.075832139093799933e+00
1.116677468549764018e+00
1.085534314093015151e+00
1.094034457304098984e+00
1.102602278065401453e+00
1.110774716499395520e+00
1.025308031302677003e+00
1.132766036584978764e+00
1.076611648941698585e+00
1.090061908357055076e+00
1.155273814174261116e+00
1.139326526409675466e+00
1.093650369866950411e+00
1.052337777286831422e+00
1.058233031394870682e+00
1.141391940107504110e+00
1.141470031978037092e+00
1.076725447658120949e+00
1.126499242869670070e+00
1.134964864903288184e+00
1.079044941730632257e+00
1.089925699049905328e+00
1.115620625780927799e+00
1.119649741207158655e+00
1.131179207280577748e+00
1.145987569599957290e+00
1.128224105507185548e+00
1.134367101732583816e+00
1.099564962247618238e+00
1.063013637495058061e+00
1.142587415853063781e+00
1.064005958504355975e+00
1.040765396413824373e+00
1.057848496139509376e+00
1.000522067629068923e+00
1.049365557910692859e+00
1.060033618709127490e+00
1.077769776640146615e+00
1.097535344933310064e+00
1.094654999385393346e+00
1.065365682053249996e+00
1.061092786411868882e+00
1.076956058332050770e+00
1.075721759671046440e+00
1.085667189972790991e+00
1.092961795733955244e+00
1.076475273191807247e+00
1.047926255046678357e+00
1.087753114366026175e+00
1.138424046934408240e+00
1.109189124509415425e+00
1.085196289457530883e+00
1.046385602787596181e+00
1.032914907683173400e+00
1.030197916731086405e+00
9.776468712327641697e-01
1.019382551317926655e+00
1.008910753451756293e+00
1.046832277588543025e+00
1.031097295925677892e+00
1.019782368083550939e+00
1.016239791000513870e+00
1.023799029130047611e+00
1.011348229680766986e+00
1.046720408560519955e+00
1.076947476059854303e+00
1.076050670208198889e+00
1.096779921521245038e+00
1.090551750675067932e+00
1.053377033658204232e+00
1.013924471373518044e+00
1.013452018179786140e+00
1.017380635784643772e+00
1.074834579300685711e+00
1.067535694293426429e+00
1.009298533397650743e+00
