5.496040620606991167e-01
7.924405447864991681e-01
9.191703787044847029e-01
1.063494557964500320e+00
1.180681374310357912e+00
1.080148032917803480e+00
1.089039709089957952e+00
1.115200138115374218e+00
1.120320644668083121e+00
1.121983933970867264e+00
1.156406857275483313e+00
1.099040078685481037e+00
1.156612217033610168e+00
1.114525269595816326e+00
1.152669372546171855e+00
1.126281245825991428e+00
1.080003614493034503e+00
1.075296345961976208e+00
1.079929880399397968e+00
1.108099218099396266e+00
1.156677737400122696e+00
1.177094332920002984e+00
1.161577437295053583e+00
1.109621705083776888e+00
1.118488316537181504e+00
1.136451959004776135e+00
1.135844778539702116e+00
1.069978478889864304e+00
1.070551025911703480e+00
1.069505919474094568e+00
1.083257748511102347e+00
1.091157494820842677e+00
1.106002053410076735e+00
1.147794158949012822e+00
1.169677242669728168e+00
1.109009316413938739e+00
1.102334078195543743e+00
1.064816551401863265e+00
1.135903589724352569e+00
1.146891396154847031e+00
1.144019120065002948e+00
1.109526578108863681e+00
1.048351186178669847e+00
1.067294525155758622e+00
1.097722632099129125e+00
1.158584047407808182e+00
1.190939806763439357e+00
1.101391795183837230e+00
1.130095459532170388e+00
1.133020830772052179e+00
1.138807358707024875e+00
1.108109310217293197e+00
1.042401508065472271e+00
1.020476791633150082e+00
1.129387335554064009e+00
1.172937393604202683e+00
1.166026810532833524e+00
1.119913004607997031e+00
1.073986017419253924e+00
1.125041712675090011e+00
1.141636565165101480e+00
1.101186165459323130e+00
1.112457231881147868e+00
1.076339714763016930e+00
1.079411347318137482e+00
1.056024202601740125e+00
1.100624497525124257e+00
1.077608434431811757e+00
1.107897099834884269e+00
1.128345122961529112e+00
1.124403921944693741e+00
1.087486938826472738e+00
1.081496634060882034e+00
1.076819579286149020e+00
1.092027434464940328e+00
1.062222418539126689e+00
1.046985688102483048e+00
1.030280182061139360e+00
1.060228336321230591e+00
1.079172411750080052e+00
1.136786058292118762e+00
1.036910628904712306e+00
1.047933263787368174e+00
1.059345962432506116e+00
1.091297862780176153e+00
1.095212127043087458e+00
1.097374261724549216e+00
1.085352169648057030e+00
1.076781617163045768e+00
1.024063402869582751e+00
1.074643925962715629e+00
1.080321109610416608e+00
1.034552439360757914e+00
9.866203977543049897e-01
1.001216764358141109e+00
1.047418319022958677e+00
1.086112021930706106e+00
1.118984676472264184e+00
1.059509070890798377e+00
1.067969604908179493e+00
1.055236030993529361e+00
1.049064992782185124e+00
1.047772466462864704e+00
1.032067463342907665e+00
9.845583602168173076e-01
1.004793579761083411e+00
1.030138190197384063e+00
1.050292054123757035e+00
1.040453990764448111e+00
1.018925624481689329e+00
1.080679484939153001e+00
1.069931575718268801e+00
9.919191111746145095e-01
9.852161111970790808e-01
1.038834942227353508e+00
1.015077307598499567e+00
9.989433091632702322e-01
1.045550594583282589e+00
1.043622810920803667e+00
9.918121919667780562e-01
1.020029995156511493e+00
1.054956596702192995e+00
1.084707031426783930e+00
1.036201331302768702e+00
1.063655542086359373e+00
9.986945691346531540e-01
1.031068472753479570e+00
9.889800346226674810e-01
9.924989282824625558e-01
9.944229087020093338e-01
9.893948916153310069e-01
1.048149020700273937e+00
1.053063582422549604e+00
9.772198999955323817e-01
1.047390302748214541e+00
1.088183498434494911e+00
1.092985995105658414e+00
1.039080028767566555e+00
9.768100008514588595e-01
9.543936524189845505e-01
9.877436040943536888e-01
1.000958028753600182e+00
1.053454805260831906e+00
1.002477741787109133e+00
1.016589238971472353e+00
9.581987383974183148e-01
1.008557125290541423e+00
9.897104733349496586e-01
1.055189896474897360e+00
1.060413138916382669e+00
1.040513666284305083e+00
1.052991074758884649e+00
1.052887994243828063e+00
1.048786149490333885e+00
1.012450276582309572e+00
1.026641930081468868e+00
9.708378234786647631e-01
9.506347616778246801e-01
1.029712526187141375e+00
1.070631384750380111e+00
1.073166919506334915e+00
1.062901561209022461e+00
9.781566861466893803e-01
9.601401148005704878e-01
1.064592853845931941e+00
1.020715592211670186e+00
1.028736601425846109e+00
1.072112947105892111e+00
1.039712952421992798e+00
9.756510268660517626e-01
1.013803352490622922e+00
1.023009103640118100e+00
1.013670286614107852e+00
1.013413986414899215e+00
9.716476075354981701e-01
9.282453012441548301e-01
9.770146508465094026e-01
9.813664749485733196e-01
9.798007666353977241e-01
1.005227243650970825e+00
9.762704132019397463e-01
9.671556738262192532e-01
9.604361587891167007e-01
9.914207488354808140e-01
9.349799717828471968e-01
9.650388305559249869e-01
9.812451663575538774e-01
9.835376896436183181e-01
9.875932026503310146e-01
9.767503789360151290e-01
9.981264164508303338e-01
1.001868994634210974e+00
9.749723798038889555e-01
9.710386110160070805e-01
1.001738891216753302e+00
9.671021976847491430e-01
9.426050668829580870e-01
9.229540534698660315e-01
9.665654470978097823e-01
