4.953862737388299298e-01
7.808708854718799941e-01
9.881764484853174935e-01
1.090899384991088850e+00
1.180293994134460345e+00
1.162966070370936134e+00
1.187926506776361357e+00
1.144316545288996068e+00
1.145275449336897289e+00
1.167803020620862942e+00
1.151148297043431468e+00
1.177739138069022751e+00
1.125756588953126469e+00
1.122824809524350487e+00
1.165854657367112468e+00
1.215344256318589888e+00
1.152402295590977621e+00
1.171417011389342067e+00
1.195421425143149197e+00
1.143508459506417330e+00
1.151027577225790299e+00
1.133626313558173893e+00
1.167670749700903787e+00
1.136843862234591551e+00
1.187484428451704321e+00
1.193635867511342763e+00
1.151511298836239705e+00
1.139666341848610598e+00
1.165908026121901697e+00
1.083795728751680620e+00
1.143020230196817755e+00
1.117546316899491687e+00
1.114291302947761020e+00
1.161709479136822099e+00
1.156854690681377695e+00
1.123598400307027623e+00
1.082704808679149977e+00
1.109695032763184930e+00
1.117113033160019642e+00
1.148266128479803916e+00
1.197316979314075658e+00
1.097261633892845589e+00
1.143507143132943105e+00
1.125183181148343037e+00
1.159963639433766680e+00
1.104225295989485378e+00
1.093687146483628636e+00
1.063588630706591820e+00
1.103408436697628225e+00
1.148396875657520244e+00
1.191043627906906544e+00
1.157485709657296358e+00
1.113403511858766404e+00
1.146036245432699774e+00
1.193531405244552701e+00
1.196890940058828567e+00
1.159451885651441971e+00
1.135793437952686391e+00
1.104338381723546370e+00
1.149560798439648535e+00
1.137389946126166951e+00
1.102282644515318877e+00
1.131443404787759288e+00
1.105182530945611807e+00
1.042786757376187978e+00
1.070585805228092990e+00
1.116788494417869426e+00
1.113827202931099380e+00
1.105449220031787805e+00
1.088586986003417856e+00
1.098525392199157569e+00
1.110296491391153051e+00
1.114565297630201179e+00
1.120195874732563102e+00
1.127948797852198926e+00
1.074009376189824172e+00
1.061476171236143795e+00
1.120084999312509932e+00
1.098118919507553359e+00
1.091645239694357450e+00
1.128612138679446986e+00
1.108673610980677182e+00
1.071657912620831876e+00
1.142637669047682047e+00
1.152002357515491404e+00
1.096139085474996833e+00
1.038896972793738493e+00
9.846777595094932112e-01
1.055002789920894024e+00
1.118187569523030334e+00
1.121812461086524104e+00
1.054762882669967317e+00
1.087081538117528501e+00
1.053682334568763590e+00
1.049376574012430341e+00
1.069524257648623911e+00
1.088525401663207992e+00
1.078450273682067140e+00
1.071584120195156364e+00
1.067369146474314023e+00
1.053544699614241020e+00
1.002899097712180554e+00
1.033806956865484183e+00
1.018894479000385767e+00
1.056360800018064428e+00
1.052976092822177412e+00
1.087637145810254280e+00
1.121875969186391320e+00
1.056586806708052828e+00
1.005742472064721449e+00
1.028382141449679876e+00
1.015390384153111558e+00
1.071147616015424520e+00
1.082636706455581077e+00
1.060546897341467343e+00
1.019362313583826340e+00
1.070019637174895122e+00
1.066045456358274190e+00
1.039792187334587892e+00
1.011925343459383120e+00
1.088183006659130259e+00
1.067973981063134126e+00
1.078013164937982493e+00
1.032273673862843077e+00
1.065639802610543363e+00
1.018766199078201318e+00
1.035989209597777183e+00
1.018135181537078937e+00
1.081863522634479935e+00
1.047046505400521577e+00
1.070479392850466338e+00
1.054539864916175240e+00
1.071899818158433604e+00
1.079028469910783272e+00
1.037329198585191570e+00
1.057173671017712646e+00
1.057939912358602186e+00
1.000534953478005473e+00
1.069075454462969477e+00
1.094452051634511758e+00
1.107664826248622392e+00
1.093841309765326786e+00
1.026179638896258961e+00
1.006071765728779654e+00
1.038623109066591610e+00
1.089750171590817329e+00
1.032149859734408315e+00
1.069284126960297510e+00
1.081928765924387470e+00
1.009381566507937533e+00
1.006487731739393432e+00
9.889498398512195365e-01
1.014158417082438701e+00
1.018166243709397234e+00
1.031946450889956735e+00
9.936942628331327798e-01
1.008909310212796839e+00
1.023448748978160516e+00
1.048903650716118685e+00
1.052571331569484014e+00
1.025359470692817521e+00
1.105326827153737757e+00
1.026005520465332443e+00
1.043084044938612731e+00
1.014885434642506690e+00
1.039391436150166603e+00
1.045818682246158815e+00
1.046102025372386946e+00
1.048874416933292197e+00
9.966905242013771593e-01
9.962493362787687712e-01
9.956558059938723781e-01
9.604845455587635028e-01
9.800402774543598428e-01
9.910124307912333563e-01
9.900771584203763576e-01
9.814312839655349174e-01
1.042679133454921470e+00
1.008921343614084476e+00
1.010742363863905480e+00
9.701504436976785550e-01
1.047832335311623231e+00
1.109818441669400579e+00
1.051710067625214240e+00
1.053843633476327701e+00
1.051421619266192042e+00
1.036836922272874162e+00
1.035349244574336858e+00
1.008803963940561932e+00
9.889105874725642176e-01
9.918863041015363313e-01
1.005698944408115914e+00
1.008412117439470457e+00
1.077335855682527210e+00
1.074928993598574856e+00
1.036301589302865533e+00
9.893219772775206922e-01
9.776747478972037664e-01
1.044168423257466838e+00
