5.652606752175348692e-01
9.214281787178247862e-01
1.061746129325340959e+00
1.257355337525317474e+00
1.310766538575014017e+00
1.322583286788612478e+00
1.288404451685326357e+00
1.396050491664262649e+00
1.316601003632344113e+00
1.331672407137114877e+00
1.298869716054874779e+00
1.310908246154879553e+00
1.328492793628730961e+00
1.315727967707980950e+00
1.303036324718024108e+00
1.320517475982233124e+00
1.241535130500073913e+00
1.304716983061841917e+00
1.291892464038491672e+00
1.224561619836628479e+00
1.248040074461952864e+00
1.309769659829721045e+00
1.376242745648343924e+00
1.387631557608192789e+00
1.281681388640654173e+00
1.308456968682193855e+00
1.303124033902493650e+00
1.316019923570812766e+00
1.413840754125502919e+00
1.395477730778661885e+00
1.320384816631783309e+00
1.273087582366460913e+00
1.257527063750512264e+00
1.241991436531966198e+00
1.318366528666545578e+00
1.266372129650318756e+00
1.268328195919738555e+00
1.281982482295447756e+00
1.338043518092806083e+00
1.294847294497628587e+00
1.249869524594668269e+00
1.273276904483412464e+00
1.321456192096094107e+00
1.244534156016342985e+00
1.140986954844753321e+00
1.177784325630616635e+00
1.306449076553244160e+00
1.283216147038266808e+00
1.258753425010038063e+00
1.198686763550219192e+00
1.201299985519914904e+00
1.214501032058228125e+00
1.258747517025519125e+00
1.260542422894216807e+00
1.310935391244671511e+00
1.279816067471553964e+00
1.266940575405021141e+00
1.265214875391449389e+00
1.268863550674303786e+00
1.240878509431839749e+00
1.250423046393352999e+00
1.200698286108363266e+00
1.234035137340199428e+00
1.193000203061965747e+00
1.169121660057793610e+00
1.181195930481225176e+00
1.251099561507243996e+00
1.218125798891097400e+00
1.251180837902051035e+00
1.226281312401290347e+00
1.290235631555277429e+00
1.294179947077178872e+00
1.247635026419644522e+00
1.253824835202299814e+00
1.245371258258472835e+00
1.209371468702751695e+00
1.197687403353293600e+00
1.238289775470707843e+00
1.205096313532604269e+00
1.136574732065928073e+00
1.180237696943104098e+00
1.176721032528843303e+00
1.191426220795055446e+00
1.228938550940905872e+00
1.197315712273532506e+00
1.235625375672221082e+00
1.220875060249301924e+00
1.161497305126417690e+00
1.119161063780511611e+00
1.138065050964326197e+00
1.231852880875615730e+00
1.247292979764196952e+00
1.220125219435596708e+00
1.107707299822638491e+00
1.146227439674290194e+00
1.193717512469775643e+00
1.157978969600301555e+00
1.147498841480862675e+00
1.180917101676486780e+00
1.226311442085445069e+00
1.193846916745405329e+00
1.156028844531053146e+00
1.189825598751405034e+00
1.144965054809454763e+00
1.198468007315265149e+00
1.190101506951438903e+00
1.166023918918354330e+00
1.089325628943458524e+00
1.139466060745370379e+00
1.164686279018782189e+00
1.182023697082776437e+00
1.165291976299564602e+00
1.194781952975710881e+00
1.177878842385285285e+00
1.194279627724329718e+00
1.190715318427188585e+00
1.208944386688529882e+00
1.137554578247286674e+00
1.164168972024264059e+00
1.157219176661679727e+00
1.194011125677310492e+00
1.211117139160917677e+00
1.239765787088661142e+00
1.162086186467246929e+00
1.192210426718634197e+00
1.146193549847974280e+00
1.128867743807251411e+00
1.095564813611851207e+00
1.107025038706286990e+00
1.103117068254980682e+00
1.177873555218458268e+00
1.148268318867676108e+00
1.155804348155700989e+00
1.168036659897828677e+00
1.179818423843550512e+00
1.141869617566917627e+00
1.135626232930366575e+00
1.109925292950753706e+00
1.111385612354129693e+00
1.090841276063030385e+00
1.138355066589032516e+00
1.145861269064067045e+00
1.199404097348563125e+00
1.170464011257312364e+00
1.193803633195953173e+00
1.178627503833789891e+00
1.205032259186254784e+00
1.171561531014610136e+00
1.210056694973614899e+00
1.153870680589740294e+00
1.153682707514536609e+00
1.121076330254018094e+00
1.106326664860547204e+00
1.125116961951918571e+00
1.161746499293317303e+00
1.158582926553861414e+00
1.142781563946901668e+00
1.139063168916585322e+00
1.181062786303386680e+00
1.190809222707837733e+00
1.159154301705249246e+00
1.100271617885054010e+00
1.101023668439576664e+00
1.113976480652575596e+00
1.175344332195602748e+00
1.185922802522823005e+00
1.177591557515587750e+00
1.174248077221455411e+00
1.224302096720962130e+00
1.215289084770252659e+00
1.115343957176785139e+00
1.161010668547878044e+00
1.153418339888298227e+00
1.123843573979335542e+00
1.153123189993362940e+00
1.203277760819656539e+00
1.151633675741278839e+00
1.077633931905668696e+00
1.161072900864763779e+00
1.138428488528767435e+00
1.191078601618465793e+00
1.174571513913076126e+00
1.142356496506665264e+00
1.114906464254595608e+00
1.103375820957982922e+00
1.125565091093186476e+00
1.125253251187115167e+00
1.094153613260456792e+00
1.104794023943383552e+00
1.058240047783928661e+00
1.045147132850594351e+00
1.082128495156185144e+00
1.063405387181810768e+00
1.082315646269084608e+00
1.138764311592490364e+00
1.076155790850910288e+00
1.097687504117498936e+00
1.082187060916152577e+00
1.102412293078274708e+00
