5.377188385678574045e-01
8.730728812932625482e-01
1.063780180889668303e+00
1.269276866806952508e+00
1.285265071491019429e+00
1.262760705869799160e+00
1.235215306885881548e+00
1.277083986904627100e+00
1.321291746982947934e+00
1.272364285386405003e+00
1.221622794602406303e+00
1.173123821704826319e+00
1.264234577960504868e+00
1.253332554183310910e+00
1.296099754795380976e+00
1.235938063418653865e+00
1.169033364231821359e+00
1.243242293992399494e+00
1.273234225104996176e+00
1.226749849537244641e+00
1.214254340249506736e+00
1.192585930113637227e+00
1.203739909346380976e+00
1.222219878632382128e+00
1.291063561170871843e+00
1.247551114478818501e+00
1.204683633713367508e+00
1.207094462043667216e+00
1.200206220337074248e+00
1.227739850492456153e+00
1.235403684239475330e+00
1.260261424832525901e+00
1.258707278571908672e+00
1.256285820647362161e+00
1.245258113613890050e+00
1.238314051666898008e+00
1.188211384883313793e+00
1.190398754016385396e+00
1.171643962835611452e+00
1.247160785246203885e+00
1.196724704105253556e+00
1.250481510399229057e+00
1.192053797342408128e+00
1.193824981336732760e+00
1.173287075587495787e+00
1.199048933952747920e+00
1.234170524322103724e+00
1.231925800093084833e+00
1.236912234331858595e+00
1.238259029537077449e+00
1.237493531111012679e+00
1.173588348147574179e+00
1.199920098848990646e+00
1.180593480966696696e+00
1.228423141075906555e+00
1.266029845609553783e+00
1.286258649655820818e+00
1.244326065403373649e+00
1.270108439685288637e+00
1.247953281743817477e+00
1.209116112176586988e+00
1.167604593852067829e+00
1.217896679457011411e+00
1.191397516254387279e+00
1.223054165950109295e+00
1.172752182129503273e+00
1.172504520394909155e+00
1.128416992806981378e+00
1.128073976635785680e+00
1.160019039147275777e+00
1.135474883392920686e+00
1.119669456178898681e+00
1.141939345009955087e+00
1.167133706938389803e+00
1.098128196875475915e+00
1.089819160075834015e+00
1.081287230381340780e+00
1.119333068333362657e+00
1.139989556776215718e+00
1.101837185689655385e+00
1.156058674729301128e+00
1.131812029694846844e+00
1.130993276476720544e+00
1.138878095096955478e+00
1.164542468935455100e+00
1.147867124437380815e+00
1.196033699626224855e+00
1.170436964327020490e+00
1.213872679772517227e+00
1.107251192884223689e+00
1.115257276425754007e+00
1.102834494352678218e+00
1.146154654458385602e+00
1.139605207572530698e+00
1.142131127917198619e+00
1.096227485655402623e+00
1.155666836228935734e+00
1.116450217815914581e+00
1.110838285221374067e+00
1.112564720198530921e+00
1.144053579156852019e+00
1.167627436573245969e+00
1.182452506067072528e+00
1.115135805385907064e+00
1.127243433473136491e+00
1.131274654407585789e+00
1.103287949445747929e+00
1.148267873935690409e+00
1.153223126412037614e+00
1.158946485750683708e+00
1.144089884892893760e+00
1.068344064383653924e+00
1.097021725863950969e+00
1.091905441355701445e+00
1.102323952078679392e+00
1.077176925761663018e+00
1.109987893680920656e+00
1.044431239573218040e+00
1.143754920441987677e+00
1.134306296764582944e+00
1.083897262551162699e+00
1.050539617663251546e+00
1.077983602031115762e+00
1.092429797576891959e+00
1.069631950535550935e+00
1.100098445893978427e+00
1.106072400927991861e+00
1.084474517389401926e+00
1.083203184555733278e+00
1.101131800380970249e+00
1.107650227454239467e+00
1.097311397904791708e+00
1.114669343121526435e+00
1.085126102881674104e+00
1.108317250085431249e+00
1.045917911122015598e+00
1.052951160996862701e+00
1.056217314893677317e+00
1.092744491120587913e+00
1.098342401299752247e+00
1.100931069132427886e+00
1.074781869549633395e+00
1.081553960031972794e+00
1.072178220568149820e+00
1.068768680419231121e+00
1.058495099865293776e+00
1.101163238041130477e+00
1.094043610384386023e+00
1.091978105165507085e+00
1.105972070853618705e+00
1.125748499689613880e+00
1.062054957398413935e+00
1.065406012621474163e+00
1.069397791624300709e+00
1.063626627656334644e+00
1.059195041245346136e+00
1.094071060976896437e+00
1.036334872036614119e+00
1.036018832139551149e+00
1.041241579890022528e+00
1.078668925462461736e+00
1.095197702036944554e+00
1.104719998903533895e+00
1.117575491183339098e+00
1.092573138742097605e+00
1.056665448396140627e+00
1.059523365700730801e+00
1.072030017601075080e+00
1.061309487553728115e+00
1.082220847306810674e+00
1.052110259832253369e+00
1.094282357756780621e+00
1.109063170465853343e+00
1.085739106574914237e+00
1.112313598058537245e+00
1.065485787631207382e+00
9.999965376879279555e-01
1.059104538012558105e+00
1.058458970752922168e+00
1.082761647985825304e+00
1.027036389936256899e+00
1.062469985879406664e+00
1.090543622236447074e+00
1.080012472314430871e+00
1.090904605551900941e+00
1.053482923206545019e+00
1.080419824171158893e+00
1.088618580645198453e+00
1.107358596134911277e+00
1.133930353146551662e+00
1.109110377425810423e+00
1.127051979728979303e+00
1.136213795854717379e+00
1.078198674756461806e+00
1.074948989838443447e+00
1.074769473675141640e+00
1.076456993620948932e+00
1.055369574720295578e+00
1.068035158252638617e+00
