6.645733988462175779e-01
8.489106326526444368e-01
1.021392284202322198e+00
1.247963879684572452e+00
1.282051853480731696e+00
1.294910348595049498e+00
1.245606353806440136e+00
1.267389541813162435e+00
1.247086090097009992e+00
1.205536826841048459e+00
1.193482078596615370e+00
1.239606136194802088e+00
1.257917195082456807e+00
1.205865708406116399e+00
1.231591368822465782e+00
1.241134940213558968e+00
1.280047483088091242e+00
1.267137498102953286e+00
1.259964203648425096e+00
1.197512690134482582e+00
1.203680073355956504e+00
1.183932789981613443e+00
1.227755103715667762e+00
1.274515209038392660e+00
1.257938002029393543e+00
1.212599541133048575e+00
1.249002171604184142e+00
1.197811515093561319e+00
1.268680701087530949e+00
1.212025772918983169e+00
1.286170934191224191e+00
1.235561519808958675e+00
1.272922943927798700e+00
1.276897770702885015e+00
1.278398499782062991e+00
1.236791579536982599e+00
1.282104615379473289e+00
1.246596971624217787e+00
1.246137902456861957e+00
1.226307384759247165e+00
1.176920240741461177e+00
1.184147562372142692e+00
1.209634350848704631e+00
1.228009118936745914e+00
1.145479082620285638e+00
1.186359673962440464e+00
1.175751844599975504e+00
1.178038557083983529e+00
1.223330911634213924e+00
1.223257567399392842e+00
1.221359598225705723e+00
1.226096834282090153e+00
1.211952006457570841e+00
1.202357929036676376e+00
1.235129932297739375e+00
1.310663355007138708e+00
1.286365252666600067e+00
1.233603616218822863e+00
1.229539485958269784e+00
1.217356829934697515e+00
1.211594022635780643e+00
1.189814055000528947e+00
1.189925099162487232e+00
1.206418504374699996e+00
1.209735112473099949e+00
1.182632684405602763e+00
1.126345657283698731e+00
1.148727188026640311e+00
1.165363425532889741e+00
1.152264198139715701e+00
1.239318577232263019e+00
1.261646755537638276e+00
1.188375801799802511e+00
1.183373420106604401e+00
1.174149016372640242e+00
1.159353528632046659e+00
1.179459321001903538e+00
1.164106398917800878e+00
1.181946216696389218e+00
1.180618714409326975e+00
1.169148381182773422e+00
1.140192630313588085e+00
1.173585352053741149e+00
1.188510497536815036e+00
1.273955808177121174e+00
1.220130971547606968e+00
1.203335355759792780e+00
1.147835882129392804e+00
1.186032787239260422e+00
1.154939195434960819e+00
1.197854751862517109e+00
1.157729733030626429e+00
1.139328739097460463e+00
1.147549990124458796e+00
1.166232623048194084e+00
1.122429839223597625e+00
1.180204587745632860e+00
1.146856623597704017e+00
1.234792269947355470e+00
1.190563296023084083e+00
1.226847251589805010e+00
1.237815039491528601e+00
1.214855865727084483e+00
1.207635079039365955e+00
1.176790227094908659e+00
1.105049524481909184e+00
1.142681670814815975e+00
1.169796819099206520e+00
1.172496934604002616e+00
1.183313539334310160e+00
1.127032198182819078e+00
1.147160122284013761e+00
1.090405927896931360e+00
1.166248401744561569e+00
1.248012603167345302e+00
1.229312813819519290e+00
1.197890416715826856e+00
1.172707542020640537e+00
1.166807627045703066e+00
1.075869539463344626e+00
1.068463202821796187e+00
1.108396743543826668e+00
1.142939583365538248e+00
1.153415356875085562e+00
1.168832385898334936e+00
1.178465094944504132e+00
1.136628651742199070e+00
1.086693240998839016e+00
1.135599079928505395e+00
1.068434954505595558e+00
1.135719127245438331e+00
1.109662092267021505e+00
1.144801037936147514e+00
1.096060267432720448e+00
1.092449568396261173e+00
1.105251427857017354e+00
1.177823927420155847e+00
1.135471010154945670e+00
1.104877775704769416e+00
1.074968990299328908e+00
1.115560505177510597e+00
1.102752556200017997e+00
1.123819308796889294e+00
1.093890926991482715e+00
1.071745660174150627e+00
1.114325841791645955e+00
1.101900130065580186e+00
1.058665737325733769e+00
1.103929560849119307e+00
1.141503293254645168e+00
1.188351788378461560e+00
1.141395065944431186e+00
1.137407101637320173e+00
1.110605330184545325e+00
1.108055139515744969e+00
1.152179885368057377e+00
1.148636130485880757e+00
1.104402627727506747e+00
1.102413585190629153e+00
1.097533077321277917e+00
1.123666803554117077e+00
1.056437519584102036e+00
1.127793426008458111e+00
1.134950045040262312e+00
1.156062316614849372e+00
1.167900393180097307e+00
1.098443653624366467e+00
1.119743163448069678e+00
1.135566959858923086e+00
1.077796652111647324e+00
1.072775464724663896e+00
1.107208316477281018e+00
1.132543981442149628e+00
1.089176006613304493e+00
1.103582243857119227e+00
1.130245118859170450e+00
1.155591768326953206e+00
1.131842742815343472e+00
1.133695850349510925e+00
1.131001207542940534e+00
1.090121264250713207e+00
1.123014665452411354e+00
1.088793422279592304e+00
1.046025346547315715e+00
1.022965400390885682e+00
1.071908313144907421e+00
1.084771263713018685e+00
1.147263286876507582e+00
1.108538587618263183e+00
1.151367651983892015e+00
1.120898779131633161e+00
1.102600630440693674e+00
1.094478763138335253e+00
1.090644850984989533e+00
1.143426741934832291e+00
1.171456771548661902e+00
1.156048795181134459e+00
1.127879693661232752e+00
1.108952457062360786e+00
