6.079521879693714492e-01
8.216291558545594231e-01
1.029226823643960342e+00
1.222098863518959355e+00
1.279146701222021010e+00
1.208449792948931734e+00
1.140047463364461500e+00
1.167192773492625069e+00
1.216597690302008594e+00
1.306761852910547139e+00
1.325730673864043085e+00
1.311911989137462431e+00
1.213521881353243792e+00
1.198368766070935676e+00
1.153386158489351887e+00
1.162732154222271053e+00
1.188078935275342696e+00
1.157202233660098667e+00
1.210161757541478700e+00
1.227997947941210422e+00
1.300109801124933906e+00
1.265094811197650548e+00
1.236660025455167622e+00
1.239073280086812945e+00
1.225937590145289580e+00
1.176050786141254356e+00
1.134444542974465175e+00
1.116651704988428806e+00
1.180534039550303227e+00
1.298374470554891635e+00
1.312628552554131023e+00
1.305042781946760044e+00
1.221640637401252283e+00
1.179261815246562373e+00
1.159108479275007708e+00
1.184224345593876571e+00
1.202212039977175406e+00
1.208808936913687848e+00
1.235978313441453258e+00
1.159073421506581880e+00
1.176646790081369742e+00
1.181290428678279714e+00
1.308282178219266845e+00
1.305977343086072828e+00
1.258826568005978919e+00
1.139973042576143403e+00
1.177219765282298214e+00
1.173092180093539660e+00
1.161772531426835231e+00
1.157375299103076793e+00
1.094974014938405071e+00
1.143914547930438230e+00
1.186165334538955562e+00
1.167427296841660578e+00
1.130200881300518434e+00
1.066709952331094557e+00
1.099952916476337084e+00
1.160008694122474981e+00
1.164368143909003894e+00
1.118030175945839533e+00
1.189995433449011930e+00
1.122287453462188944e+00
1.121464825525597453e+00
1.116980325533051932e+00
1.123808919635530978e+00
1.106872548181740079e+00
1.100860545634947618e+00
1.090435209739826883e+00
1.140952498433678297e+00
1.145649351477996403e+00
1.216826700328253574e+00
1.147758247515271224e+00
1.106164075117974654e+00
1.114851623419598869e+00
1.139722632253952428e+00
1.118400737012406720e+00
1.140876638459297432e+00
1.168476188501924140e+00
1.131760443443449393e+00
1.119281393880924957e+00
1.115513127900769064e+00
1.106787126398135701e+00
1.101117320005396305e+00
1.145001611544763875e+00
1.092377641829543666e+00
1.068496097721231441e+00
1.108388628437741774e+00
1.126963525659898657e+00
1.134203763600253323e+00
1.158601895666318882e+00
1.101046036199684330e+00
1.071729163023286802e+00
1.071450436809032736e+00
1.094459436926166429e+00
1.034657234925734137e+00
1.137310198329160027e+00
1.096609846517123010e+00
1.141891164530362213e+00
1.181655559314843451e+00
1.129574637917116320e+00
1.145444455299703179e+00
1.159442344543264447e+00
1.172629343421573100e+00
1.130856341900888351e+00
1.098961374180218664e+00
1.085004306887783265e+00
1.133477363413927241e+00
1.181517046553236749e+00
1.100156999631078936e+00
1.079985330057874782e+00
1.126181545932978256e+00
1.099536345714775987e+00
1.127195395085772933e+00
1.159347468785025592e+00
1.137480054350763048e+00
1.036082938644846019e+00
1.067491233879278578e+00
1.041545297676707893e+00
1.074921943718052164e+00
1.108515041956876113e+00
1.131851459140195360e+00
1.129139354072935086e+00
1.112417669896313077e+00
1.174037935683574840e+00
1.157608821429452428e+00
1.118939597267552433e+00
1.102117181919324507e+00
1.097368787043761618e+00
1.055390736661213635e+00
1.081275071299177215e+00
1.087515832103457480e+00
1.092205321970872944e+00
1.119383729671991290e+00
1.181834145479574216e+00
1.160171150905259907e+00
1.085008322201373776e+00
1.043231833913373485e+00
1.071352557459971599e+00
1.109085767973906789e+00
1.100171362745206549e+00
1.048563816949438898e+00
1.074749458493843290e+00
1.065070445429494583e+00
1.085709711385827614e+00
1.102314273103721876e+00
1.064204684631887110e+00
1.081528533132428693e+00
1.014287610858405131e+00
1.030149668527161388e+00
1.038045575460960324e+00
1.062772308577440095e+00
1.037864708794996149e+00
1.102947890852753909e+00
1.135987797237636876e+00
1.109164046034416762e+00
1.165799280355322098e+00
1.078951945934276013e+00
1.096254740613865408e+00
1.080560558035471574e+00
1.128384326927372783e+00
1.089225661897595510e+00
1.053366272408606585e+00
1.057797682012307172e+00
1.043920130354255127e+00
1.057723998900861995e+00
1.061950260793840917e+00
1.065446314463430078e+00
1.053069007092149123e+00
1.073931921215475427e+00
1.106724394539242873e+00
1.077792594444680452e+00
1.064741562190345547e+00
1.054271400195303965e+00
1.071442179159870944e+00
1.076630210085302464e+00
1.032284059399146692e+00
1.023003355448029117e+00
1.019494869407769455e+00
1.047943112199218207e+00
1.017351888372335589e+00
1.018707741815586099e+00
1.026113390593497599e+00
1.011782992705239748e+00
1.045962996408342782e+00
1.001669322830254671e+00
1.016663364927537394e+00
9.925325651312061348e-01
1.021929653411791206e+00
1.005142309196668471e+00
1.002686647501399131e+00
1.037360024236921419e+00
1.033569965081341246e+00
1.048888309161385202e+00
1.060884071396988926e+00
1.024582630148344720e+00
1.073459336563280964e+00
1.072532957266933984e+00
1.005023883775015170e+00
9.785585836536823123e-01
