5.801958276977572382e-01
9.161150882602724366e-01
1.077501243746760595e+00
1.282853395905309446e+00
1.298805002397074970e+00
1.283946782250033891e+00
1.310956630836430437e+00
1.331731348455789776e+00
1.294991061443613312e+00
1.291141910214995914e+00
1.278626211038097482e+00
1.299060499807685787e+00
1.355315040939278459e+00
1.342794278698909327e+00
1.306409696472285109e+00
1.246218476809606068e+00
1.245338754237311107e+00
1.290667247212020197e+00
1.292185409314203115e+00
1.325635051040691792e+00
1.347466553212294027e+00
1.398831174223011953e+00
1.380392904354216022e+00
1.284161017341461042e+00
1.203895520781093076e+00
1.254999797612166956e+00
1.289058911857479117e+00
1.271926249157226962e+00
1.272618829478924019e+00
1.302226031525613559e+00
1.311549900410760916e+00
1.277284257256748434e+00
1.334304124977472306e+00
1.301669061984290332e+00
1.347893561014072983e+00
1.328051905829459534e+00
1.340650230669270915e+00
1.274671549266681803e+00
1.252222262431741839e+00
1.211309744558369150e+00
1.283538392700614761e+00
1.226334653827773957e+00
1.299598659224122432e+00
1.282608199561385831e+00
1.299822768429339526e+00
1.296544743426859325e+00
1.289629010058232161e+00
1.276037491997736417e+00
1.290918975088539034e+00
1.260490910270392506e+00
1.260784671719882510e+00
1.280156910230754619e+00
1.252206018987204184e+00
1.263336364754261476e+00
1.287696521725423926e+00
1.216997953437730873e+00
1.294931312827906966e+00
1.240242799577328414e+00
1.251162135740460313e+00
1.194852771973297534e+00
1.232296466222613240e+00
1.187349364547480413e+00
1.235224068380848861e+00
1.234766146781696605e+00
1.246220076223286233e+00
1.241534928296363471e+00
1.215086045136561710e+00
1.180571303917935744e+00
1.274287524461756860e+00
1.251329067471538936e+00
1.228510862082409449e+00
1.163602077790769407e+00
1.197375087304722197e+00
1.220805887984720783e+00
1.297240520905135419e+00
1.244123257450426845e+00
1.207285374501356312e+00
1.212397563393713407e+00
1.273260731411252733e+00
1.253015515440242256e+00
1.251227445098552105e+00
1.231353481472635014e+00
1.245412064358588422e+00
1.191237386390543440e+00
1.221680218788548711e+00
1.196431285051328786e+00
1.235947978953968907e+00
1.255076905054065328e+00
1.268658336736574244e+00
1.255471288549405928e+00
1.216951046099354894e+00
1.165451105053950442e+00
1.252651603617030984e+00
1.192174677392688231e+00
1.232493689279690274e+00
1.206839356100136484e+00
1.142837692633731361e+00
1.219549068775772849e+00
1.201986217473546059e+00
1.185248710579498432e+00
1.143273080949643417e+00
1.139111816673418209e+00
1.132369136523540432e+00
1.160350087102004268e+00
1.215935881194255996e+00
1.150729093170677508e+00
1.170456159168694832e+00
1.169975718670108966e+00
1.203501234665098396e+00
1.149813995340104089e+00
1.253701646488017074e+00
1.236167456531586106e+00
1.193109545128324456e+00
1.191069366044291922e+00
1.174252142718372749e+00
1.127268818160412689e+00
1.168368544387369257e+00
1.170271698729075771e+00
1.197387591935675566e+00
1.196307662853772991e+00
1.182951044754704029e+00
1.180996930309829551e+00
1.166386869631915291e+00
1.183549313289021132e+00
1.208342817940963876e+00
1.163148762569480077e+00
1.132997177710035164e+00
1.110899303955185768e+00
1.123040897985956077e+00
1.110274173807432430e+00
1.185795935643273014e+00
1.157946566125924948e+00
1.203987922975096270e+00
1.195459352197887570e+00
1.147364082777212468e+00
1.122250797825366186e+00
1.162150572626477363e+00
1.146779870422975023e+00
1.160096847324149083e+00
1.186388747353365192e+00
1.165553433919874760e+00
1.180977467748913767e+00
1.163483452820045949e+00
1.113503186050091021e+00
1.116190897173291452e+00
1.130222301419202768e+00
1.164319361070528247e+00
1.168226105404658322e+00
1.160334637104435407e+00
1.159012650741104489e+00
1.079873506680688156e+00
1.116886489995351450e+00
1.111975220759715777e+00
1.126069917292929601e+00
1.177336707511314140e+00
1.171688593553587676e+00
1.167718710087505496e+00
1.133773277123515832e+00
1.192208364518056563e+00
1.159852693211439245e+00
1.153571822707498473e+00
1.143682431222947438e+00
1.159253565918135109e+00
1.183011558072638802e+00
1.163458740804649283e+00
1.161514949815772857e+00
1.186814126289842841e+00
1.099792057036321991e+00
1.107454342381590129e+00
1.140711845074843911e+00
1.177425214627974448e+00
1.203688321961387420e+00
1.194854551712267732e+00
1.140913263799402610e+00
1.195398083171835379e+00
1.187210148295235967e+00
1.126649031626901332e+00
1.171235654587065911e+00
1.112205242906667557e+00
1.091255943826923591e+00
1.135668089960431226e+00
1.105391816405076666e+00
1.123391574465934850e+00
1.077412731588459405e+00
1.048554367007213051e+00
1.099520728648683221e+00
1.096909684927581674e+00
1.117299078146942959e+00
1.123706501784242251e+00
1.146991386146736458e+00
1.080666417542609059e+00
1.110758477214725204e+00
1.106921029149444458e+00
1.116269283124984746e+00
1.148943903721010740e+00
1.102345203055012712e+00
1.110431021448797129e+00
1.058785283432917002e+00
1.089519973619666349e+00
