5.090183715344174242e-01
9.139612364354540164e-01
1.047265628193117859e+00
1.216222136286722266e+00
1.256438832128647265e+00
1.218201822849884763e+00
1.197365741530213024e+00
1.246952385955902409e+00
1.210960376043543896e+00
1.270027736871138346e+00
1.287470114572057289e+00
1.320429353577944553e+00
1.202700494290985800e+00
1.158040797620445872e+00
1.218032498953783405e+00
1.231299342987231427e+00
1.223420547118400536e+00
1.254702164452875301e+00
1.249854593243087342e+00
1.275862331109624215e+00
1.217205151798967044e+00
1.242445666676560201e+00
1.207134083199950858e+00
1.220706397038077151e+00
1.246522033453505873e+00
1.251130238483314505e+00
1.276526431739349876e+00
1.244054935337212342e+00
1.213826162093611494e+00
1.277463324196906891e+00
1.274599218025331382e+00
1.228604999191949432e+00
1.199366643703922541e+00
1.228757163810561659e+00
1.181202491029580637e+00
1.261260690880344537e+00
1.263933460916532026e+00
1.244909470561269105e+00
1.237693103720556742e+00
1.256131156678926164e+00
1.267066492215046747e+00
1.264482889916343389e+00
1.221766138707593541e+00
1.214062693658626291e+00
1.215130580404737426e+00
1.174366621019005796e+00
1.193084266091832379e+00
1.245311832960783294e+00
1.192141621725337330e+00
1.241990619429502285e+00
1.249931628047028731e+00
1.227365077515573333e+00
1.196481896110816567e+00
1.252600221355875343e+00
1.234477859116485554e+00
1.189748490366505651e+00
1.206743046902250871e+00
1.164686128569998536e+00
1.215168628338413104e+00
1.223987131818389695e+00
1.223583132607667601e+00
1.222774960992825122e+00
1.286048745608922683e+00
1.340938475434053423e+00
1.263082309549623306e+00
1.213546646752617031e+00
1.154448631440640582e+00
1.198337471861484094e+00
1.179721989835070373e+00
1.188516273389441880e+00
1.234613812960430712e+00
1.207465100853577278e+00
1.209515543713606256e+00
1.246261665841885025e+00
1.252735481111981741e+00
1.182104226138316339e+00
1.200173377498650495e+00
1.167059723832510887e+00
1.183757690315035749e+00
1.179706418915231314e+00
1.207131997287174796e+00
1.198112088018439936e+00
1.222411877389190105e+00
1.239104351118650804e+00
1.215539904189496756e+00
1.191632881811928169e+00
1.149840366216618781e+00
1.108234825243403332e+00
1.137019356255539737e+00
1.152517088492815311e+00
1.166169722243252327e+00
1.189831551550643463e+00
1.213458335112348463e+00
1.161507092162925803e+00
1.204293291038406988e+00
1.176017252507774336e+00
1.204698581813345770e+00
1.209698202963751301e+00
1.202062484504538231e+00
1.195744301877080584e+00
1.209696076303394818e+00
1.212525881847986930e+00
1.171360466380328980e+00
1.168268420202125846e+00
1.200856620117902063e+00
1.183653391026353363e+00
1.200230071200229398e+00
1.172028276420541193e+00
1.128033868767514658e+00
1.187649688892215449e+00
1.158339780188667234e+00
1.155904842858688442e+00
1.212595147114017502e+00
1.151379004052516253e+00
1.175670218773842368e+00
1.162121073036929797e+00
1.169023158251079719e+00
1.178010868455347637e+00
1.155729594677109340e+00
1.154462746127113304e+00
1.133103795388355373e+00
1.147519432087732660e+00
1.193226950178142953e+00
1.166171471063367937e+00
1.148988077425644017e+00
1.184416690416217666e+00
1.185744273911648605e+00
1.175925203435255861e+00
1.172803527424665537e+00
1.124423623756568569e+00
1.111323858559104538e+00
1.130520800991289931e+00
1.151775462914136350e+00
1.165775106846499654e+00
1.197325653630887832e+00
1.132219562914629885e+00
1.106595784469374344e+00
1.086535526690954212e+00
1.142656491022118637e+00
1.126234228076619992e+00
1.116140179447560277e+00
1.117177469162612624e+00
1.163587682646051391e+00
1.170646554326453037e+00
1.214707163410869484e+00
1.152157852221689538e+00
1.116518094937888339e+00
1.127303336309740445e+00
1.138091457940858753e+00
1.134009594249834274e+00
1.157910455705881914e+00
1.186526157202396625e+00
1.134991959956334062e+00
1.138503204025170357e+00
1.112076911946867197e+00
1.103914713931484659e+00
1.121502535909776999e+00
1.160438547144506671e+00
1.205515428960991953e+00
1.083905254897503889e+00
1.136405909115067780e+00
1.190041425290512045e+00
1.204815265497052978e+00
1.139902605034979644e+00
1.159825604361064633e+00
1.124748642356196315e+00
1.124002380211203356e+00
1.106608258601495365e+00
1.145128672278104220e+00
1.151575414742866066e+00
1.135333109583078759e+00
1.135647935056901536e+00
1.151797841118108012e+00
1.158429324093164237e+00
1.137288239206773799e+00
1.125425800357528150e+00
1.136857522994593639e+00
1.121023147486147398e+00
1.109408006861740015e+00
1.084288238770860113e+00
1.123628139932333125e+00
1.129146136235965159e+00
1.149296333664417302e+00
1.138326294379293113e+00
1.196142665898232371e+00
1.123062819425709735e+00
1.131067256851605585e+00
1.158301926424182504e+00
1.143020068282092794e+00
1.110169221272898188e+00
1.096748634587472404e+00
1.093069756554304384e+00
1.126788225701942814e+00
1.145137199553224017e+00
1.124087915305720831e+00
1.122548106310839344e+00
1.115610975538738669e+00
1.158853678955655608e+00
1.168263523500497447e+00
