6.635577688111903294e-01
8.660401559868358135e-01
9.905226256580249578e-01
1.247274123004863400e+00
1.265837469959734563e+00
1.258860010231142912e+00
1.273934333599754609e+00
1.340243810288918702e+00
1.316326308767530762e+00
1.303219162470789838e+00
1.248833252590840992e+00
1.288930244680442039e+00
1.306217379181085381e+00
1.290174404457026247e+00
1.244495391599845124e+00
1.287082924773683246e+00
1.245737814224010087e+00
1.230708907056250467e+00
1.269633382909104435e+00
1.271228791500579103e+00
1.292161274227121126e+00
1.308623883711925728e+00
1.328014659199926228e+00
1.294776606870689850e+00
1.283513491408702523e+00
1.235920380174218902e+00
1.209241849395292112e+00
1.227740857928467655e+00
1.291586520473812394e+00
1.334650406081303142e+00
1.384667532497858788e+00
1.290055974015244855e+00
1.268079299249812664e+00
1.322347412442463455e+00
1.339996327378935925e+00
1.271666774787387988e+00
1.195843889732048249e+00
1.191836826054547993e+00
1.227652037933794960e+00
1.259261147622211086e+00
1.221187579934022382e+00
1.241925887895020564e+00
1.225397298958009085e+00
1.218737025086474857e+00
1.172569398464671897e+00
1.136398806628235114e+00
1.202528135346315086e+00
1.267976523429113822e+00
1.255598557186360820e+00
1.220779353917114340e+00
1.270520656039177521e+00
1.288754102532090329e+00
1.315870107297908653e+00
1.291093945459576675e+00
1.239510215187554998e+00
1.204119829309908019e+00
1.199342380660734397e+00
1.151907339232544292e+00
1.212461192712143587e+00
1.209371167696503546e+00
1.269890799545082771e+00
1.280132641413027628e+00
1.274450097941297599e+00
1.203129917888384970e+00
1.153505293966412104e+00
1.143176897677345094e+00
1.161009999256396918e+00
1.147679532507958733e+00
1.188142520816004799e+00
1.171025940980954028e+00
1.219687798466288164e+00
1.231035501571878354e+00
1.266738402696975907e+00
1.270994242015637710e+00
1.269779755258811038e+00
1.206399165534786544e+00
1.241171646480185853e+00
1.187971461771266002e+00
1.140082883633028343e+00
1.127592054614262818e+00
1.151739013643996445e+00
1.187355478485487614e+00
1.135924447849915531e+00
1.201376558926959603e+00
1.250737048760572234e+00
1.210099063564000321e+00
1.211587849538618977e+00
1.212347029325342218e+00
1.198068318484265093e+00
1.233141248069824725e+00
1.248643934768093766e+00
1.258337510813206217e+00
1.186596586197953718e+00
1.148070212340104979e+00
1.126840341607939999e+00
1.192160769033131507e+00
1.107697549879571586e+00
1.142361884977907804e+00
1.088570886551144312e+00
1.076048794737658465e+00
1.122441171582766462e+00
1.135310772901770404e+00
1.170900060613469851e+00
1.133979423132953412e+00
1.114795803687773423e+00
1.166409185580784769e+00
1.156219833881384274e+00
1.153697818463665925e+00
1.127956665524863844e+00
1.095862112474698780e+00
1.080540652483113817e+00
1.099346388564784727e+00
1.100998551602011988e+00
1.119893693211870600e+00
1.129010814996427081e+00
1.133260394630369872e+00
1.147467133744841661e+00
1.197561607019093533e+00
1.163489107535484957e+00
1.115451965343222884e+00
1.079704876503015276e+00
1.135918076543915411e+00
1.109907410083728729e+00
1.155740568510144506e+00
1.172954273667757619e+00
1.222984613436487011e+00
1.119512194758523815e+00
1.144775747369983110e+00
1.118388410279264056e+00
1.145541965916047511e+00
1.120411200985056421e+00
1.100563881532519828e+00
1.087707477272554346e+00
1.110249552564425590e+00
1.040956969981674085e+00
1.084179295149273470e+00
1.097583105708841655e+00
1.100336960341145476e+00
1.109139459487624491e+00
1.199964917722429636e+00
1.145377387643470968e+00
1.139561179097291266e+00
1.145634737609916520e+00
1.157017675756967456e+00
1.158988810542750603e+00
1.129532008387658326e+00
1.079905998283287705e+00
1.087925876839634043e+00
1.056134421039272908e+00
1.076262078610793926e+00
1.097010169443947580e+00
1.158911352807416195e+00
1.140399681358885475e+00
1.132080179947154708e+00
1.048228417530336465e+00
1.096787969564042786e+00
1.120407783206367025e+00
1.196702630121192268e+00
1.157712305474660974e+00
1.090195987794894794e+00
1.139031259829523135e+00
1.117817708282552003e+00
1.148241940734383348e+00
1.082910192891290313e+00
1.131758499973728682e+00
1.136783874038634679e+00
1.082935338620009347e+00
1.112093038270766554e+00
1.118984390515503913e+00
1.168128191603020172e+00
1.161489241849509968e+00
1.139925342365792904e+00
1.118348241977589197e+00
1.077111458037835812e+00
1.083034359515293588e+00
1.113404358811711292e+00
1.097412851524881772e+00
1.086710207058646072e+00
1.106887652142391154e+00
1.090629512006827007e+00
1.128868988073859381e+00
1.105750723233076549e+00
1.075912856605056200e+00
1.019826747756296781e+00
1.030149873049674092e+00
1.080016097118206231e+00
1.125945806134103000e+00
1.109647950464756505e+00
1.118339186282020670e+00
1.065126102376241723e+00
1.122435665396815274e+00
1.095368027118919230e+00
1.112514749946727166e+00
1.102455036807201472e+00
1.105712604664407683e+00
1.172844951545398473e+00
1.207083456138003497e+00
1.157892790040599973e+00
1.088139974440343050e+00
