6.524845429456932466e-01
8.340288829271389481e-01
9.639502012281150334e-01
1.139084715533554837e+00
1.228662470091715253e+00
1.229898881274777533e+00
1.201760508792079074e+00
1.164649749001350099e+00
1.196611805571316189e+00
1.192139425809600084e+00
1.138701410226856447e+00
1.111252253361615816e+00
1.103841443747682005e+00
1.144597026307407228e+00
1.150024457427433422e+00
1.118891644400664021e+00
1.109132056661311871e+00
1.214635484229870777e+00
1.262911232028857800e+00
1.221890018415621393e+00
1.185761702859091882e+00
1.151224193267601947e+00
1.192617302252907852e+00
1.186352105137798985e+00
1.147952423600498761e+00
1.177228848863804744e+00
1.221475688477308585e+00
1.176098157216376228e+00
1.199162233782349984e+00
1.257620116660094656e+00
1.225487614628457012e+00
1.153181129345631550e+00
1.101703548986317172e+00
1.115691642339094569e+00
1.083075070908422699e+00
1.098110439709486297e+00
1.103304999781339113e+00
1.089587589875906648e+00
1.082624470062409250e+00
1.080670754251717991e+00
1.134264892862234531e+00
1.095649282670327018e+00
1.126070915451942822e+00
1.137456824931214250e+00
1.166254791598412277e+00
1.135138710232777459e+00
1.174835434819329949e+00
1.161976660717794596e+00
1.167052163334536763e+00
1.151889951463363593e+00
1.116527322609885076e+00
1.055244535216863566e+00
1.077678739606500624e+00
1.038509525152849555e+00
1.130355880002908098e+00
1.086462603442986286e+00
1.080355013094339789e+00
1.043825140191896983e+00
1.032035003309418109e+00
1.071377707126177636e+00
1.079767266110602142e+00
1.077992688580270420e+00
1.053975469836881063e+00
1.104001272665342093e+00
1.146376189567442028e+00
1.118168010487233355e+00
1.038623879471414657e+00
1.010167044990531338e+00
1.015021595273457589e+00
1.014016971532943678e+00
1.070693756948551068e+00
1.102035844827518485e+00
1.118426355944425410e+00
1.121689256001172197e+00
1.067187607714002562e+00
1.037097587230962681e+00
1.072866516102627177e+00
1.045125781049717206e+00
1.044780083111932045e+00
1.022869951361215834e+00
1.001251833218436360e+00
1.059327865790376411e+00
1.106463698383290062e+00
1.049329308098715385e+00
1.052624711287704296e+00
1.061274112269770864e+00
1.040151981451391539e+00
1.068111886310523451e+00
1.053955896501087564e+00
1.069006302904147443e+00
1.081189035116307817e+00
1.073681601572647359e+00
1.092236226915728858e+00
1.096788553658683441e+00
1.074808351465602385e+00
1.077830917745729700e+00
1.069328287146980694e+00
1.021106256150198455e+00
1.028942912107633001e+00
9.753126367532087837e-01
1.032985620826267992e+00
1.051596876474425013e+00
1.081861396088544813e+00
1.078133533102096253e+00
1.039733483873962028e+00
1.016996575950773751e+00
1.109940173945916708e+00
1.065689753464644118e+00
1.001119593249474304e+00
1.022497861100166494e+00
1.041960805601410245e+00
1.023532459480971823e+00
1.092459233254136963e+00
1.037348136872480842e+00
1.060032572881623558e+00
1.068278137222105295e+00
1.106012027228203465e+00
1.035240107445707824e+00
1.090171022949562696e+00
1.056033213299516271e+00
1.070253284728778231e+00
1.136075501927461540e+00
1.047892881641113716e+00
1.056593951144738197e+00
1.007373151837384073e+00
1.030579267956353906e+00
1.011476463294264327e+00
1.028918847390661417e+00
9.965226440300393174e-01
9.828864811192417061e-01
1.000310403658672520e+00
9.616026761797429323e-01
9.510116884243061675e-01
9.968708695166612621e-01
9.865838773262494144e-01
1.024000838578096984e+00
9.867825532646072872e-01
1.034078456917501665e+00
1.026806128214395653e+00
9.725566592020987722e-01
9.480656276379334502e-01
1.013944714836228389e+00
1.006643273927684934e+00
1.068298410825147648e+00
1.114971858224476975e+00
1.086273881142495457e+00
1.066559820075823950e+00
1.050736770156804001e+00
1.022965929880290448e+00
9.992223969519183902e-01
9.793649759539222455e-01
9.953537272604924269e-01
9.863062636453328036e-01
1.009601653850523029e+00
9.922972242358722994e-01
1.019439598260556412e+00
9.723185127241844583e-01
1.002526816846047053e+00
1.015593400814244873e+00
9.832183485931985656e-01
9.709684411368293411e-01
1.010472050672752253e+00
1.041594400204652882e+00
1.097073105974170959e+00
1.003293912757237782e+00
1.021858809154978287e+00
1.023477087902000537e+00
1.013740708763479104e+00
1.043705655107701524e+00
1.033005491081007143e+00
9.856133683189035599e-01
9.561389730876259652e-01
9.818045953614377153e-01
1.040546444927359371e+00
1.036305798488871277e+00
9.655067540398001302e-01
9.992844140839790557e-01
9.814811864777326367e-01
9.878157743665187951e-01
9.656359101048219706e-01
9.645895670153662449e-01
9.833753944031901062e-01
9.987229914542271603e-01
1.005914527678155368e+00
9.851801354765116203e-01
9.550830337003665127e-01
9.830424322576122309e-01
1.021077959979649341e+00
1.053907652488450752e+00
1.007357380669238855e+00
9.870178790902432997e-01
9.786234150994633785e-01
9.602346205079554942e-01
9.774427896560505813e-01
1.003176192002309675e+00
1.014088135566450610e+00
9.833501060969989105e-01
9.820812297682492975e-01
9.573486292154269606e-01
