4.974708861415941263e-01
8.648956665928042575e-01
9.735927147618076427e-01
1.167143216819439555e+00
1.255923325574610283e+00
1.268446213468133132e+00
1.185433997326681421e+00
1.228054908033371584e+00
1.155125980915677086e+00
1.233526436097318824e+00
1.177037184801764891e+00
1.194311551713788555e+00
1.171954529987068394e+00
1.169195241485579517e+00
1.087993018660182276e+00
1.127717625304879512e+00
1.134966768546341376e+00
1.189758056835651834e+00
1.166140217593465644e+00
1.174322817185414092e+00
1.258582430922403184e+00
1.233591694391402926e+00
1.196602788015185492e+00
1.172712790650928039e+00
1.141465422295608878e+00
1.120883144955335364e+00
1.155145397179055733e+00
1.207297214897118387e+00
1.176145699817122026e+00
1.188800668885299894e+00
1.220200742671015748e+00
1.207629541429077857e+00
1.250041544889393341e+00
1.177163021586208114e+00
1.162521477663462033e+00
1.174518576048573015e+00
1.091768265587899300e+00
1.089290305319385421e+00
1.104676287381097355e+00
1.136272689358059917e+00
1.220658935126028410e+00
1.270094952862429682e+00
1.234112447745379537e+00
1.186899019772215569e+00
1.144628117198892348e+00
1.160492712175267283e+00
1.140791471622453201e+00
1.108133463235187133e+00
1.176013222388112567e+00
1.154690163715443418e+00
1.112812203069974082e+00
1.082902882048731197e+00
1.167803619431206918e+00
1.152503676968540836e+00
1.147969289736674448e+00
1.206833170917416487e+00
1.253491759705637199e+00
1.243778430975688742e+00
1.218732424439224138e+00
1.160100008751595579e+00
1.082217369792768391e+00
1.105665822291307832e+00
1.163481919404647291e+00
1.176922414175071818e+00
1.157372513420880544e+00
1.135018858040615086e+00
1.100276370563988193e+00
1.128762346229598146e+00
1.159738799023950717e+00
1.244921316929894939e+00
1.211593996036991250e+00
1.192276769028925099e+00
1.189822996557886370e+00
1.228174841084228364e+00
1.214172626321636139e+00
1.149083830180792187e+00
1.079282636066265066e+00
1.108948057812479959e+00
1.129540086856398062e+00
1.149224299093366097e+00
1.091177861011457972e+00
1.044833023667832705e+00
1.079631824103350457e+00
1.138832606592682151e+00
1.116834256890311794e+00
1.076174638874237699e+00
1.075361692764210675e+00
1.134679989396258470e+00
1.150356200768883230e+00
1.109357936255134236e+00
1.100306940054396332e+00
1.123974219286671961e+00
1.156391767203619247e+00
1.090505578242144002e+00
1.072307241759888230e+00
1.092810310295569520e+00
1.129408229549341502e+00
1.137776063637239821e+00
1.160791046041600882e+00
1.112246507142800045e+00
1.082782036147264870e+00
1.119999649840123679e+00
1.125831843616130978e+00
1.078336692002050290e+00
1.130145223172401181e+00
1.104244414583327893e+00
1.127361848926427212e+00
1.099772427588983525e+00
1.113569190290602862e+00
1.160041357427965769e+00
1.109074543434892979e+00
1.145111582184722643e+00
1.052673519475874730e+00
1.083955899926336341e+00
1.070656181783904426e+00
1.072555136262392850e+00
1.104235808599116409e+00
1.155359579007921411e+00
1.188626734968704746e+00
1.125085463839109456e+00
1.110896970293677066e+00
1.101390542965872132e+00
1.093224657862374771e+00
1.087965928730865173e+00
1.110328527707368007e+00
1.100878035004440259e+00
1.149411349021960183e+00
1.164099515137009044e+00
1.112039091461380469e+00
1.108051745817117739e+00
1.148207656005808541e+00
1.121451247085000213e+00
1.115866312482403755e+00
1.117595985636428590e+00
1.069817515800057572e+00
1.117459726159375943e+00
1.141060605542696837e+00
1.135118118976951251e+00
1.157585051057866909e+00
1.114337559527642796e+00
1.118369003786581439e+00
1.097622784164607124e+00
1.071420963346472632e+00
1.085621839604889782e+00
1.109258127345163158e+00
1.067593048608782347e+00
1.147966951080535702e+00
1.097820172048560083e+00
1.098245805226113037e+00
1.149367931541284138e+00
1.200668001203413437e+00
1.120515085643475794e+00
1.113983592181919891e+00
1.094541738158446798e+00
1.069442968025430929e+00
1.014431057251140356e+00
1.022896671844200966e+00
1.049336686195890378e+00
1.107307749455734180e+00
1.106906170590866711e+00
1.085140802586097131e+00
1.075831835786455581e+00
1.046972845345667480e+00
9.921354070806363001e-01
1.101918216419642604e+00
1.109513683669644424e+00
1.021777970464826657e+00
1.015184484556761690e+00
9.870872798433947271e-01
1.021893988547501353e+00
1.004026977229647732e+00
1.025634573289149420e+00
1.092722746755297569e+00
1.043158963927983907e+00
1.034252344809680757e+00
1.030959300025222625e+00
1.031710780106116276e+00
1.016836302978529005e+00
1.115448624689509671e+00
1.043404457276708275e+00
1.020418732178506760e+00
1.009843588281475357e+00
1.065705898508564564e+00
1.062389917732811995e+00
1.155591312479002486e+00
1.065455581951312292e+00
1.013904916302908354e+00
1.010171548616258574e+00
1.055594492723683997e+00
1.057177077979636559e+00
1.058100054555450198e+00
9.897089690414532237e-01
1.037231063525763997e+00
9.887810918766789525e-01
9.980449163513932520e-01
1.031796206340289457e+00
1.078019786808242397e+00
1.039620112720925027e+00
1.036926890794609646e+00
