5.457446932230106684e-01
8.472292271652001050e-01
1.063457392276450086e+00
1.283641072123028914e+00
1.457114831605892613e+00
1.435325381416556079e+00
1.377004697253348287e+00
1.255054954015833779e+00
1.291927634973521366e+00
1.287407715106951400e+00
1.334177682731279235e+00
1.310851968225827280e+00
1.402102526867909926e+00
1.436593223335817404e+00
1.343679776762567890e+00
1.294737564686172737e+00
1.263336275508439854e+00
1.288009759328868187e+00
1.319317997088771621e+00
1.250217115990855277e+00
1.264579986109274579e+00
1.234524011154846557e+00
1.253003722445989343e+00
1.271436362263003828e+00
1.326153774662953477e+00
1.369951554880312061e+00
1.449130303326264579e+00
1.386278794670952719e+00
1.366173933716018807e+00
1.294617537035995580e+00
1.287409996408533264e+00
1.253625881535416653e+00
1.279135417261040741e+00
1.301927075136071865e+00
1.358133462214789589e+00
1.370907178710399021e+00
1.371864267180330721e+00
1.296762049706129183e+00
1.309505140093325304e+00
1.221236172067159398e+00
1.179788335512214070e+00
1.169175566338806371e+00
1.139180463484306349e+00
1.143687817290773179e+00
1.185497576013578414e+00
1.211423751106627256e+00
1.263409741444045942e+00
1.252743963743613742e+00
1.320953613974076291e+00
1.247350465950160636e+00
1.218521911885647402e+00
1.220747439698939507e+00
1.188255333596652807e+00
1.145427147221893760e+00
1.220826788330986679e+00
1.189301661367322849e+00
1.212831566395244032e+00
1.188331560142266818e+00
1.231875884068248883e+00
1.173147000555249120e+00
1.193255281217073582e+00
1.196208933463574375e+00
1.198267150735304654e+00
1.191308772466991295e+00
1.212255598919364852e+00
1.248964154847689967e+00
1.210115025045807924e+00
1.156136948959602506e+00
1.197793075140556773e+00
1.263015625350029980e+00
1.264315733503440509e+00
1.155052833980722449e+00
1.158160559592608552e+00
1.130445380750865647e+00
1.198676185885138246e+00
1.175258230381805546e+00
1.215373439842231340e+00
1.231085374341867045e+00
1.200824245042072747e+00
1.168132386754552998e+00
1.164597501378377142e+00
1.173143415879364548e+00
1.187951377643541528e+00
1.218091199572242989e+00
1.241245320772268457e+00
1.234912678062185076e+00
1.323653824972230719e+00
1.246735314182355614e+00
1.210953222605827495e+00
1.192934974351311572e+00
1.204006895757116613e+00
1.245264548910424818e+00
1.181146191400326284e+00
1.185576130035860709e+00
1.110891855399981143e+00
1.166758981563470465e+00
1.182086485005100274e+00
1.216257053072392402e+00
1.180014013571253573e+00
1.200107930154891589e+00
1.219645660171755575e+00
1.215102957919130144e+00
1.206472363277927951e+00
1.125752396728561644e+00
1.138254911666638503e+00
1.122508932155474648e+00
1.145934337686943971e+00
1.126819995452020606e+00
1.150717723737470166e+00
1.140070925189507589e+00
1.110646922042400675e+00
1.094319194333926770e+00
1.150622428405008835e+00
1.203786807917657242e+00
1.178815844229194720e+00
1.134439121054623412e+00
1.153513662331816958e+00
1.164601549021193838e+00
1.136285219453178952e+00
1.128863713472612496e+00
1.141335752781776014e+00
1.135228287971310035e+00
1.167856114418534874e+00
1.148753339643951765e+00
1.173787157841203799e+00
1.184776614519576166e+00
1.205322691425199988e+00
1.179043739809061853e+00
1.176444446995619009e+00
1.142152880153851635e+00
1.185015448444693975e+00
1.082360395494005756e+00
1.148963595477898503e+00
1.180253957435378975e+00
1.212058541626839014e+00
1.071336321452749152e+00
1.055624933568835688e+00
1.088041446966078629e+00
1.153637749970576110e+00
1.086651555723860296e+00
1.077403731755712357e+00
1.133801295208355819e+00
1.133023854385793339e+00
1.133280216221870695e+00
1.105288466358045119e+00
1.067107846020047601e+00
1.045642438479201353e+00
1.092221055436425114e+00
1.138505868934950094e+00
1.134374197729416167e+00
1.125970620006685907e+00
1.100481359085567767e+00
1.115044813330406503e+00
1.142218871573651651e+00
1.124020497939410390e+00
1.079323232129856036e+00
1.143250900050129859e+00
1.089266888006372280e+00
1.142671570693019500e+00
1.115309867433245339e+00
1.120766605896148516e+00
1.185088105714986684e+00
1.095853542990560037e+00
1.094646362303900000e+00
1.089844572419530477e+00
1.075477606324632296e+00
1.133790169240912693e+00
1.070058647557034393e+00
1.093253677659187018e+00
1.145185914755957324e+00
1.118557989080204651e+00
1.175981594253060702e+00
1.189568396105760373e+00
1.136387139553208137e+00
1.080813875563348292e+00
1.059612582357223776e+00
1.091387240051810981e+00
1.094112686300598991e+00
1.109774621400464900e+00
1.125767580139916291e+00
1.070709699332240472e+00
1.070180405684956204e+00
1.083254697717326520e+00
1.049785354423117933e+00
1.106342452673543919e+00
1.085722155135169009e+00
1.060405848041215959e+00
1.046661510628310365e+00
1.045804129498931312e+00
1.052893127064991941e+00
1.071633180904718374e+00
1.070132517162633468e+00
1.083471616425650152e+00
1.079445461193585976e+00
1.108644515164537214e+00
1.073415162046424509e+00
1.050751584949892736e+00
1.067844322985328276e+00
1.107213732462921207e+00
