5.894018914174207202e-01
8.673272858173345368e-01
1.051439256455338089e+00
1.231281028950552914e+00
1.249696657757782825e+00
1.266516626260396627e+00
1.308710753290150075e+00
1.345047758595821596e+00
1.295708163936585944e+00
1.331346750462297335e+00
1.383735480891466807e+00
1.354012113462351730e+00
1.368210125865263693e+00
1.350482913747526492e+00
1.341546439825972215e+00
1.352691203656627650e+00
1.253221507549075131e+00
1.304153159504270798e+00
1.355222566788854666e+00
1.319715024352051902e+00
1.295142750460252401e+00
1.241205792789193074e+00
1.244122933604536518e+00
1.232261384877216148e+00
1.253586668080353350e+00
1.340518865642237767e+00
1.330764151730981171e+00
1.381012885591269557e+00
1.297269958666208867e+00
1.206209250346055750e+00
1.239096306198309794e+00
1.274169563282312456e+00
1.310560460222857992e+00
1.249155526627359958e+00
1.238480001503919903e+00
1.265775423515819842e+00
1.259329480802384493e+00
1.189845409920238017e+00
1.269134807740170956e+00
1.302032199946439706e+00
1.269385066030203291e+00
1.243702862668128573e+00
1.224601900196935933e+00
1.243455543828544618e+00
1.241647430193419943e+00
1.288378696403162271e+00
1.305892550306795519e+00
1.299097332280536587e+00
1.279795600455685856e+00
1.281885200998987395e+00
1.324756804505675234e+00
1.326253784360503563e+00
1.304342421639362648e+00
1.283780596279801012e+00
1.223217124100660191e+00
1.210881637633034025e+00
1.254849671850812864e+00
1.296617475007735942e+00
1.293917321831447254e+00
1.265596884311133152e+00
1.275099991350162831e+00
1.319070242434943641e+00
1.283897533491655363e+00
1.320515342712750062e+00
1.295256141991307341e+00
1.317878047882665715e+00
1.320302437317889099e+00
1.176278797252567454e+00
1.228196230245671927e+00
1.202307885393409936e+00
1.214898867335870269e+00
1.214899339624983421e+00
1.216557160233635138e+00
1.159733938559198263e+00
1.192564933335841459e+00
1.229585270238804373e+00
1.305559357139282506e+00
1.278947034239055425e+00
1.260227379274088788e+00
1.231737376032093767e+00
1.228385999447389576e+00
1.273392202421829822e+00
1.159574535344832569e+00
1.101849641129436064e+00
1.075854904821906821e+00
1.152664674181370197e+00
1.182196323673780469e+00
1.218435916629247995e+00
1.257274012021724952e+00
1.276014313697920510e+00
1.241447030248867822e+00
1.189000874205620173e+00
1.139852693036167430e+00
1.131275518273873404e+00
1.194537685269126959e+00
1.157207111669249944e+00
1.167385406680085280e+00
1.149067249496182885e+00
1.103402075521568104e+00
1.115842207900826111e+00
1.181436128082310022e+00
1.154988648471187096e+00
1.147938191037396916e+00
1.201177230298965837e+00
1.190063648412046371e+00
1.147822353684420094e+00
1.157036397831898045e+00
1.110047382781552239e+00
1.118301575777181256e+00
1.114548006697235527e+00
1.156608216963979974e+00
1.196589117939814928e+00
1.165498315827622644e+00
1.135149257999879202e+00
1.142373487938076027e+00
1.119599649661976226e+00
1.096859805425680179e+00
1.116344497039069017e+00
1.167844891936650420e+00
1.127138450300150696e+00
1.155624984959748858e+00
1.148291031852811672e+00
1.135645157519743709e+00
1.121711908713414863e+00
1.162473714789827195e+00
1.205203823629117599e+00
1.149490335001680519e+00
1.120952788585071636e+00
1.156150306817277151e+00
1.082021822321441507e+00
1.111776681777147502e+00
1.097237833974658905e+00
1.143755404796243935e+00
1.134818425687485588e+00
1.131689364851367285e+00
1.141616798572679281e+00
1.151459667134721476e+00
1.101388729191460358e+00
1.148929709349569839e+00
1.206703825510293093e+00
1.182635426020257396e+00
1.190474231797123084e+00
1.152090219750051547e+00
1.117528396488647546e+00
1.122135469471752467e+00
1.083176626571353385e+00
1.079316534747932099e+00
1.157667469226356882e+00
1.176368278069644724e+00
1.048968143469024783e+00
1.121495496205212161e+00
1.047057352435059707e+00
1.112440804015935036e+00
1.128484562914771727e+00
1.201379615949050406e+00
1.144422179894974523e+00
1.139741434615934912e+00
1.127957564489773246e+00
1.134269138948923450e+00
1.114318125207032439e+00
1.106060827417812087e+00
1.098360643862785757e+00
1.131255800829041647e+00
1.121548810327677170e+00
1.157782650232689781e+00
1.074952492258013592e+00
1.069272474671904893e+00
1.051484698458131417e+00
1.093369545817460153e+00
1.127735799895188684e+00
1.173843757245523589e+00
1.106911260547474019e+00
1.148346728511213666e+00
1.063304393874766163e+00
1.036446431148652092e+00
1.084543751414082102e+00
1.058777178077306313e+00
1.095882076725993803e+00
1.064256926178505980e+00
1.102051185656476751e+00
1.086531015249329490e+00
1.056370631322520515e+00
1.072917133200389506e+00
1.054262556944865370e+00
1.053233292818247291e+00
1.064841116198002702e+00
1.086313382842879705e+00
1.078104076890169960e+00
1.142813560831089870e+00
1.122665892315964697e+00
1.076048097137976445e+00
1.050185354284598915e+00
1.098426437806377498e+00
1.107761472531396896e+00
1.086699255238223527e+00
1.088276226499865329e+00
1.059251423421403882e+00
1.045007514572154461e+00
1.073490555870286745e+00
