4.179485147203420570e-01
7.410722302378379700e-01
9.106534345248015194e-01
1.122515264047516004e+00
1.162939793970746205e+00
1.266126202824393365e+00
1.228416174380430048e+00
1.198518728317070625e+00
1.152887879197123766e+00
1.181556234744616019e+00
1.154791530172326386e+00
1.189465674055543154e+00
1.174093605616019165e+00
1.138738005222783567e+00
1.126944556586829682e+00
1.165051139748544129e+00
1.279150277615419995e+00
1.244801805166615205e+00
1.160560958419441846e+00
1.142406705192183125e+00
1.110580157604034834e+00
1.136541641677417447e+00
1.095161275655635924e+00
1.101595226109110426e+00
1.149651343481966848e+00
1.131072819664295404e+00
1.155368018644304495e+00
1.206685907454762896e+00
1.270974791215086830e+00
1.279032378181031548e+00
1.190542500365229017e+00
1.137294577310639099e+00
1.100034487033568098e+00
1.073019140828326501e+00
1.070854311929490432e+00
1.179718896373344927e+00
1.192980373916064707e+00
1.191418111620299980e+00
1.212340412532452172e+00
1.188197539427947369e+00
1.151695950937153157e+00
1.086837828806145989e+00
1.168534963602054555e+00
1.127853200799059374e+00
1.093534746940517666e+00
1.075189758729174994e+00
1.013064759501201895e+00
1.045045121978526170e+00
1.048327047638978771e+00
1.083773958159025108e+00
1.082600241386762363e+00
1.071896110798535195e+00
1.063077700756060340e+00
1.090339913785073334e+00
1.101471954013342636e+00
1.112006798179793643e+00
1.053885322510265787e+00
1.029859242394288943e+00
1.104386999539420433e+00
1.117180213095085195e+00
1.056457313487165761e+00
1.050441829010321015e+00
1.088561871407236703e+00
1.091053844741723289e+00
1.025338127496216778e+00
1.087119067658690819e+00
1.096878842254419784e+00
1.077744704657600083e+00
1.053422340326948925e+00
1.066532176643716801e+00
1.093341333081629507e+00
1.124982798841829945e+00
1.057039717893619279e+00
1.031541807002739342e+00
1.076732714352289344e+00
1.081715978725012794e+00
1.068746788285370730e+00
1.073409969607496128e+00
1.104452704833122745e+00
1.118796004004651401e+00
1.064346373789444300e+00
1.045509369433189173e+00
1.021093389549134312e+00
1.105922804327735820e+00
1.065526863926935741e+00
1.070210563618570587e+00
1.049774546701350397e+00
1.015427052477944292e+00
1.024225443848674866e+00
1.101280489056507994e+00
1.117092973176872173e+00
1.010937495047200096e+00
1.031450429369647592e+00
1.025352649000682126e+00
1.033665238591767510e+00
1.088985266424720821e+00
1.072842312236424567e+00
1.110676529220718578e+00
1.136268264619352930e+00
1.097644145057038889e+00
1.024390360215188700e+00
1.073086473739507829e+00
1.067026699045031668e+00
1.054877089473893470e+00
1.055387077650108640e+00
1.091169167653791128e+00
1.029947378256912405e+00
1.034204649064133230e+00
1.033713293427902080e+00
1.015921087880887086e+00
1.030574862017257010e+00
1.028591684777147242e+00
1.053210047483418510e+00
1.045718614925589263e+00
1.064342961114931763e+00
1.051548050171507098e+00
9.933876005692630073e-01
1.014117201182178407e+00
1.080322905901938801e+00
1.031076476321498792e+00
1.034585853876675232e+00
1.027032067237393598e+00
1.045030920714168809e+00
1.026291089374453014e+00
1.004613720417671052e+00
9.460399657028139009e-01
1.010760242963202993e+00
1.010790032901133673e+00
1.056259144217988721e+00
1.039730497045172619e+00
9.669285287272720852e-01
1.005106019056014599e+00
1.047071504161501965e+00
1.032975235874332709e+00
1.002035283583449399e+00
9.762964044239991201e-01
9.286691506963242748e-01
9.373090772299842444e-01
9.751532699409483085e-01
1.029353251775315892e+00
9.896760247867211202e-01
1.013315920750217591e+00
9.724176943579017074e-01
1.001768664027305134e+00
1.020407252666823084e+00
1.010375827961154993e+00
9.936753463864013147e-01
1.020954148695264019e+00
1.005050513695720182e+00
9.965458116981211756e-01
9.733790178379962965e-01
9.757940292663744852e-01
9.917882518515389600e-01
1.004688232571227857e+00
1.042843292283288203e+00
9.794895266240770670e-01
1.032192416911100752e+00
1.007886669040975569e+00
1.015087713283990167e+00
9.561431414231593706e-01
9.793891512565578994e-01
9.547328456939603303e-01
9.330306836802281234e-01
9.751902365016730245e-01
1.024818214412662742e+00
1.009856815949653042e+00
1.020670521826610333e+00
9.898893032945820236e-01
9.624995759872466694e-01
9.957514507383044000e-01
1.016541396356309912e+00
1.016606237398184120e+00
9.886591343021481348e-01
9.652520838615213927e-01
9.659167394233862947e-01
1.030894474149992801e+00
1.021026346793653117e+00
9.760170841725219759e-01
1.003925001863785083e+00
1.002861490875217809e+00
1.020355530021046508e+00
1.040572868697430486e+00
9.740872042336160552e-01
9.818339516426802804e-01
9.893070421639948986e-01
1.016531671655773517e+00
9.828417269082844188e-01
9.837497870855328452e-01
9.854427243301447925e-01
9.615421953034055669e-01
1.066895697876359295e+00
1.027395690473684287e+00
1.009323152024438786e+00
9.610479014285475685e-01
9.626413628921993704e-01
9.272504207406138121e-01
9.727295610607239462e-01
9.745283855194094569e-01
9.751686717872244392e-01
