7.119025047729586886e-01
9.487683155947813640e-01
1.077474534115351545e+00
1.280213925904805761e+00
1.362882129246616669e+00
1.320894222835210075e+00
1.324087149591002710e+00
1.361850597790340789e+00
1.334930942528371745e+00
1.350132525420478125e+00
1.323674886118470173e+00
1.302741812935848786e+00
1.213372837182333130e+00
1.305354001035750056e+00
1.353853645803944072e+00
1.419520894681898904e+00
1.382772996540177823e+00
1.366267090807684381e+00
1.278202713865848272e+00
1.279833165551937935e+00
1.276678416044925601e+00
1.259960056903631331e+00
1.252815822245528343e+00
1.234730020962795605e+00
1.257785294378344743e+00
1.319482380739211536e+00
1.369934360020249375e+00
1.384110499471945532e+00
1.348614728103994187e+00
1.276907060085189283e+00
1.308865684572783739e+00
1.264750324354133149e+00
1.236189515986882981e+00
1.245538275484455060e+00
1.273401393082069344e+00
1.315279268000512536e+00
1.334799349186212014e+00
1.371145761899144944e+00
1.409918999750653157e+00
1.370298399183609961e+00
1.304402837465897580e+00
1.319439668703019874e+00
1.238673129833860687e+00
1.324571252414079803e+00
1.329439475157867090e+00
1.296974260298612514e+00
1.270325227412538061e+00
1.239721862953642617e+00
1.281367693624822612e+00
1.302123854680640402e+00
1.358271237054310410e+00
1.372081360882629220e+00
1.339685970969948681e+00
1.227592167411116097e+00
1.214013968085922324e+00
1.288976918634264557e+00
1.302772848007406337e+00
1.280391603556460423e+00
1.237737332654353040e+00
1.175586156125906889e+00
1.225813936311884289e+00
1.303538144225831363e+00
1.382070371119448859e+00
1.318231448631092873e+00
1.303848273195846064e+00
1.372386085994494076e+00
1.364360088687792461e+00
1.291210439979950220e+00
1.204284772376669643e+00
1.176570324334622164e+00
1.177897620509387844e+00
1.218422066706829954e+00
1.255975868274775253e+00
1.203328907736078923e+00
1.215644262242319584e+00
1.211886905349433885e+00
1.221067633588790002e+00
1.187152758803925678e+00
1.261854943937025242e+00
1.291208694347776298e+00
1.295013801200944892e+00
1.253364063828039443e+00
1.253113029444343329e+00
1.226375184190515499e+00
1.203279897803057219e+00
1.199643586823324171e+00
1.193149746592200300e+00
1.176243815940650972e+00
1.208802344866791501e+00
1.219371786138865765e+00
1.213813174613237900e+00
1.200519469914911985e+00
1.162381816806571377e+00
1.131132833583872177e+00
1.154953514196639830e+00
1.181674084939229763e+00
1.141348053327721379e+00
1.138386491698841541e+00
1.170253752832487226e+00
1.156087638468429102e+00
1.158258472127513095e+00
1.203589795383384731e+00
1.230851518231487640e+00
1.169491999773698998e+00
1.186634772594730824e+00
1.154271348698426403e+00
1.176292272002161576e+00
1.194332039822919578e+00
1.154784752222777655e+00
1.111076494049888286e+00
1.100031537408189042e+00
1.154697201947715302e+00
1.120422322926782899e+00
1.146358196293974618e+00
1.192404270131484978e+00
1.206317345850412170e+00
1.133595275605798314e+00
1.227878728805044783e+00
1.182466114029935067e+00
1.189556632415343485e+00
1.172307428261957218e+00
1.156891997906125624e+00
1.152489929907686728e+00
1.168301232789388466e+00
1.171224582342929699e+00
1.175644995960509531e+00
1.165378478521511108e+00
1.147187248483784172e+00
1.146266364908328672e+00
1.210993418267642285e+00
1.185795451312245286e+00
1.185990149592823339e+00
1.183993609991574436e+00
1.175406204263965471e+00
1.170240883506539209e+00
1.156822526571157139e+00
1.217666503261789490e+00
1.204470376731601622e+00
1.152571309636578833e+00
1.084698336372756033e+00
1.108974344705236925e+00
1.119868163685068030e+00
1.125774197073302396e+00
1.142935352986125475e+00
1.142697670235208962e+00
1.153300004585559257e+00
1.166828605689911535e+00
1.194292513021918856e+00
1.164924448965219295e+00
1.158922415379028736e+00
1.163084065661706523e+00
1.182812577702923695e+00
1.238367829254644725e+00
1.208377028802811060e+00
1.181535388320877678e+00
1.106213945234898688e+00
1.081155595151798154e+00
1.077983832839189970e+00
1.135621611246604212e+00
1.136805372086398869e+00
1.091850411201280346e+00
1.182886324782298271e+00
1.176501047000215960e+00
1.222855786300939718e+00
1.179598976167912427e+00
1.181814786284935082e+00
1.223231796321331055e+00
1.126038390069333150e+00
1.138877115320935607e+00
1.180908856593271494e+00
1.234882523692804046e+00
1.150425714261831267e+00
1.136094122287121921e+00
1.159505064584327672e+00
1.166777164241453946e+00
1.078131012417011814e+00
1.101045829159085665e+00
1.176115665062576809e+00
1.132481913210415359e+00
1.149653172566859283e+00
1.192632591896181982e+00
1.170538030972343657e+00
1.157793361978699531e+00
1.156618044711438031e+00
1.199852812736066365e+00
1.120769307269066539e+00
1.220119433347490956e+00
1.208579936023330026e+00
1.213577982759647123e+00
1.129221050695094153e+00
1.169061241531664797e+00
1.112416853726994281e+00
1.144490469582689851e+00
1.137506539339712575e+00
1.162340965312955943e+00
1.220560459495331207e+00
1.163046957323993880e+00
1.048952479684305494e+00
1.054972308790967706e+00
