6.863753155156222530e-01
8.716391495044488735e-01
1.119836749609045112e+00
1.367606084121870902e+00
1.408916846665198008e+00
1.369671019064420570e+00
1.415481462965104020e+00
1.338699621842562193e+00
1.370964040260333583e+00
1.304925905096505634e+00
1.320017227171391028e+00
1.281411191935431626e+00
1.304314337041895921e+00
1.234447708564698765e+00
1.314152186046410709e+00
1.305233087066378417e+00
1.374379540162251834e+00
1.423192323788494695e+00
1.441160848327114774e+00
1.285577580513302065e+00
1.283838050967013311e+00
1.305915457125166990e+00
1.306445911647063918e+00
1.277941502690110198e+00
1.263672705641689875e+00
1.284465594895208396e+00
1.318538601471793248e+00
1.404893842747625410e+00
1.380729150659996574e+00
1.352396168031027468e+00
1.353836536430131687e+00
1.309426158465226253e+00
1.305428157548589763e+00
1.261136017466331971e+00
1.285551527348930634e+00
1.292504261929642961e+00
1.261708310185344795e+00
1.181977739077899159e+00
1.245451844531541452e+00
1.360627592319048729e+00
1.413058098193549439e+00
1.429781297067942658e+00
1.347640290778882699e+00
1.261542884701269518e+00
1.335433308535021846e+00
1.354122493293906437e+00
1.293649748178164582e+00
1.301223327847637723e+00
1.247865479772593433e+00
1.184075707798821986e+00
1.179350372927725710e+00
1.198049706513499402e+00
1.246113513741374801e+00
1.231257683721683316e+00
1.237835930509149307e+00
1.241814090206974086e+00
1.299020199917270579e+00
1.251189399322213180e+00
1.180390740657717874e+00
1.181145258608372162e+00
1.157924317187400076e+00
1.149753144338472310e+00
1.222979297895194550e+00
1.249690372244130154e+00
1.241215198791669083e+00
1.206321669237440553e+00
1.218094695920656001e+00
1.195351303537926624e+00
1.230240247322402558e+00
1.227173320566586900e+00
1.200568041313955003e+00
1.225561963974686419e+00
1.197493223629370052e+00
1.162032945143544937e+00
1.188157565550113537e+00
1.212952772675367275e+00
1.233307909694995042e+00
1.247717034029550698e+00
1.300272237160704281e+00
1.291957478613703136e+00
1.238700520191076127e+00
1.235644032750829568e+00
1.207679861295952284e+00
1.184384119106365318e+00
1.145252406640243636e+00
1.147891286964908941e+00
1.180436360915536387e+00
1.207924972400270081e+00
1.226947992107292329e+00
1.185426960669625718e+00
1.148736360384248423e+00
1.166921166429917722e+00
1.163425826739933555e+00
1.164604418663835794e+00
1.197122124548738009e+00
1.161679782222511115e+00
1.143010879518851164e+00
1.108347720213857857e+00
1.105081586064401655e+00
1.108921314822619797e+00
1.192448522200028060e+00
1.181451676375000481e+00
1.180179516991019195e+00
1.162759327463345427e+00
1.173767422808531080e+00
1.252675332421365306e+00
1.258264106870257137e+00
1.191070589203823804e+00
1.119093225687296966e+00
1.111062254639423319e+00
1.136836978771553541e+00
1.157555013007124156e+00
1.147688344641361713e+00
1.146798985486040534e+00
1.178219779198142803e+00
1.220150614744533124e+00
1.214287422384014770e+00
1.176174386746365874e+00
1.206719169589829388e+00
1.116074665188474757e+00
1.184705524650514263e+00
1.141542031132470436e+00
1.132826047186068941e+00
1.092634586806220609e+00
1.163693193029959883e+00
1.110112854097955903e+00
1.135818501520995616e+00
1.141523244564794481e+00
1.112405733051484935e+00
1.132650785545915140e+00
1.173236677484762680e+00
1.175113672233956796e+00
1.217193963534295653e+00
1.188281052759398770e+00
1.181150887156625195e+00
1.186773075148457091e+00
1.163524868613999619e+00
1.071785764729979107e+00
1.100118424928062666e+00
1.116359371403126355e+00
1.140696340136791331e+00
1.135300252893461037e+00
1.152587961216595014e+00
1.135265423441861321e+00
1.120787390507979042e+00
1.078699355061104370e+00
1.078002814908507911e+00
1.084594555616267941e+00
1.139444619341972942e+00
1.153766375467922156e+00
1.133590024644257843e+00
1.108961140641174126e+00
1.140108712648574052e+00
1.071993241489994420e+00
1.138530460052554982e+00
1.096231141799071995e+00
1.139551079262371314e+00
1.192755491950048707e+00
1.099065199532970549e+00
1.074744384624268578e+00
1.085363043930336557e+00
1.132095207555232852e+00
1.169746011679088094e+00
1.129161362255074685e+00
1.091853029093307503e+00
1.101146934719953840e+00
1.117285225727813414e+00
1.096004598062518820e+00
1.098798426543754037e+00
1.049989331866166387e+00
1.069436184997959671e+00
1.045768810951364314e+00
1.110063826944809318e+00
1.073650882429627140e+00
1.175622082878061248e+00
1.215674106927615350e+00
1.092762494240355542e+00
1.055193224815198505e+00
1.132756260584554031e+00
1.114579188910448826e+00
1.133831818363939314e+00
1.098564895510237172e+00
1.117365942994763772e+00
1.106414507302242001e+00
1.103168590798179416e+00
1.056940329548755608e+00
1.086050752374977169e+00
1.088570588718045018e+00
1.108098620058835193e+00
1.086565779826820899e+00
1.125525440181922354e+00
1.121902578828616548e+00
1.129744352427151322e+00
1.131070332301922221e+00
1.149641376653932623e+00
1.079413438615464127e+00
1.109232041887914910e+00
1.057640825198388868e+00
1.068739174121742463e+00
