6.561433233983140489e-01
9.256849287337047816e-01
1.110756061127338379e+00
1.308117199900926453e+00
1.363605821071514734e+00
1.393839259520345042e+00
1.426199371605585187e+00
1.365934696832910467e+00
1.342303455283596403e+00
1.324521484875820887e+00
1.289181062915631504e+00
1.303429417219361008e+00
1.278120485895705150e+00
1.288674476526355139e+00
1.301683265314010685e+00
1.354452907397370343e+00
1.380090564787322949e+00
1.328220463976620191e+00
1.309323301550580076e+00
1.399839466664815069e+00
1.395057082705728480e+00
1.312847642742238641e+00
1.249304557915026814e+00
1.301982750278585010e+00
1.275607489187691623e+00
1.324658672819260197e+00
1.356907319494190300e+00
1.380648388191082709e+00
1.367276740457167739e+00
1.300878432009017427e+00
1.301083715081172487e+00
1.315991668427091588e+00
1.287607736597288666e+00
1.277411859093730673e+00
1.268903691935031608e+00
1.296567460972493979e+00
1.298427813431025646e+00
1.281484831626761078e+00
1.246136819751890279e+00
1.236334102830690451e+00
1.252730164684128455e+00
1.361440732498790496e+00
1.336655034206102988e+00
1.354976322670580213e+00
1.363949709248982956e+00
1.270753957521963740e+00
1.275521888695368311e+00
1.228845554192021350e+00
1.161903126897862570e+00
1.229493975664019301e+00
1.198485476005347827e+00
1.304765555383758047e+00
1.365110636756487139e+00
1.322923258609171926e+00
1.281957570140986213e+00
1.196690195867450068e+00
1.179802414343158912e+00
1.204229823410213562e+00
1.259081783719277370e+00
1.249349099399580165e+00
1.286828671194056861e+00
1.303650432598670195e+00
1.298822979959311841e+00
1.271356060767143026e+00
1.257707714904629182e+00
1.180454861305139991e+00
1.134238227536962240e+00
1.209686516798419653e+00
1.177559921856301761e+00
1.198386575716735791e+00
1.205680469425271406e+00
1.196941756292942083e+00
1.180378177200090750e+00
1.166600843716381508e+00
1.116614400970761922e+00
1.067034613248151853e+00
1.130410363945751451e+00
1.188068210206761677e+00
1.194803274543838167e+00
1.164397998709236104e+00
1.166927398006940564e+00
1.192323140800543912e+00
1.196757591888957251e+00
1.181419696345926917e+00
1.127512754894610003e+00
1.140107648486114122e+00
1.199853470532507238e+00
1.192988852338184858e+00
1.228792870303434759e+00
1.161141131612857702e+00
1.161037272741464399e+00
1.121843942264204586e+00
1.177193837535609466e+00
1.194080555920508990e+00
1.197270867283908080e+00
1.192249562102369431e+00
1.174643890253722178e+00
1.176003011402406484e+00
1.145534060570690515e+00
1.104679407132044933e+00
1.143170351575208965e+00
1.129838908498532968e+00
1.116671236190311722e+00
1.205596036638472368e+00
1.209541579185981153e+00
1.199922472545194907e+00
1.193103904808310523e+00
1.189943723482059568e+00
1.114337283866626116e+00
1.105362000810548473e+00
1.128900679234342785e+00
1.119183930349836320e+00
1.148919631159982746e+00
1.148352566834026200e+00
1.087980356862352060e+00
1.112115186393225708e+00
1.180778880152879351e+00
1.141100956886972995e+00
1.145570081227562431e+00
1.197367328717672930e+00
1.206091304710495749e+00
1.163471221022788660e+00
1.209557611047577197e+00
1.179512782902255807e+00
1.098863202736946043e+00
1.035521875830233807e+00
1.135455060781696224e+00
1.153872593708063832e+00
1.183487762270228894e+00
1.143880143482060907e+00
1.144185402193200751e+00
1.124387534532635957e+00
1.235662840324945888e+00
1.196303446497153589e+00
1.163732510325492964e+00
1.131026406754969127e+00
1.132189470707018142e+00
1.123768672811071179e+00
1.124597318775403920e+00
1.082494064836604819e+00
1.085919633454663247e+00
1.090422939623995502e+00
1.162357494901914423e+00
1.150289379341179696e+00
1.179781599838240602e+00
1.191959854094497118e+00
1.166967785344386277e+00
1.141803585782119379e+00
1.225044243125121612e+00
1.143676974137268543e+00
1.115574438974163529e+00
1.127362132006574758e+00
1.226837600996596001e+00
1.172343562936348116e+00
1.136537328724519735e+00
1.159910193412571955e+00
1.107116967892781689e+00
9.907342995286350096e-01
1.037591763270485190e+00
1.065615342196289506e+00
1.115795077437119032e+00
1.084479603872381848e+00
1.123456744165112653e+00
1.080318117034514858e+00
1.104656119967028616e+00
1.104298654632305920e+00
1.120550161120605237e+00
1.041181340565705327e+00
1.121812593168369343e+00
1.087881663061186277e+00
1.118579885915566230e+00
1.111172358576506314e+00
1.135052786768611321e+00
1.143008877110451404e+00
1.135410336938031950e+00
1.075474750225742904e+00
1.107660408066170943e+00
1.073032076411006397e+00
1.096563059530547779e+00
1.092350870400552898e+00
1.059428411952840543e+00
1.067807067008208932e+00
1.108588078137424437e+00
1.103687184121641129e+00
1.064074554866397682e+00
1.092369438293949946e+00
1.041703595552092798e+00
1.033781392049825998e+00
1.056145464390647826e+00
1.085874421629496434e+00
1.128416822085560378e+00
1.089008391080958260e+00
1.141776114067814207e+00
1.138559993602597409e+00
1.063529099789286558e+00
1.026848427508521233e+00
1.058772929149568442e+00
1.036279867720400150e+00
1.042323556435458043e+00
