6.265800764654728683e-01
9.240592825014487532e-01
1.051196516642580292e+00
1.211226447936736283e+00
1.212307540361406977e+00
1.233603562466539572e+00
1.240307726261713483e+00
1.249752862059013037e+00
1.244545004781796305e+00
1.257392060873848250e+00
1.268792991156409755e+00
1.214225049144379343e+00
1.235361317996241715e+00
1.203739010423708011e+00
1.210448769243049671e+00
1.226672363453333636e+00
1.251927198098072180e+00
1.233341239888433138e+00
1.290840473219352802e+00
1.246912129895933585e+00
1.281761055846857511e+00
1.258029504464402315e+00
1.245637294903575887e+00
1.183874149029190415e+00
1.217266648681253338e+00
1.176417083731815971e+00
1.185736988459988872e+00
1.217379370885904866e+00
1.245909321020752136e+00
1.209831692675682691e+00
1.223192385591825859e+00
1.187443926700517016e+00
1.221394579533598979e+00
1.219846691910121184e+00
1.180385647494250234e+00
1.178609652651314343e+00
1.228003980420535601e+00
1.215041305768283841e+00
1.217761130255619939e+00
1.218121796990706329e+00
1.287819183372992171e+00
1.239757691603252221e+00
1.224568976629973438e+00
1.206014302993670961e+00
1.205397407846810376e+00
1.211143892498022900e+00
1.229598501991108872e+00
1.194591301417635476e+00
1.207668394962942315e+00
1.227242444442238289e+00
1.124727520298612449e+00
1.191875269770352741e+00
1.225354276878049209e+00
1.160701217501933558e+00
1.208185743513454868e+00
1.144002307241794192e+00
1.145679954959474944e+00
1.205648511522173116e+00
1.308784133512305159e+00
1.242007810962098668e+00
1.194576338349524258e+00
1.180642551193226142e+00
1.112205436872197417e+00
1.133798520046468195e+00
1.205380379756749276e+00
1.170680147372453739e+00
1.187942359626499078e+00
1.201455842408378327e+00
1.224127255191225228e+00
1.172973586413983860e+00
1.158139620742607789e+00
1.161765927175104629e+00
1.186917586996507623e+00
1.161732366502137959e+00
1.184440436932551632e+00
1.179546700601076470e+00
1.196849791036306510e+00
1.157181246895272686e+00
1.135180485001126227e+00
1.177856829249148696e+00
1.194085233189839501e+00
1.194355568186831196e+00
1.172715468295240537e+00
1.150510626701269024e+00
1.177548183358762435e+00
1.126138532217900501e+00
1.142515861950379463e+00
1.133997095841718483e+00
1.128198489736093046e+00
1.132528900773143388e+00
1.130393669274236013e+00
1.117806012167973595e+00
1.142061528549333183e+00
1.116864971330034706e+00
1.152623136541502946e+00
1.144452828870986538e+00
1.210572549720444480e+00
1.169703158716727476e+00
1.160364411860047573e+00
1.170958470336163293e+00
1.222366004330533329e+00
1.170706898304433086e+00
1.173239460133295831e+00
1.168631980821587035e+00
1.207573814239871979e+00
1.164091974504533722e+00
1.201364452706704222e+00
1.162098077793550344e+00
1.169790756386132724e+00
1.122862493569558140e+00
1.131055300026263311e+00
1.112271382064484948e+00
1.199034916399128736e+00
1.209247699967212375e+00
1.190796476076360522e+00
1.164916777110641677e+00
1.138864396189944062e+00
1.123307221529726618e+00
1.149009383467857415e+00
1.199992556003230293e+00
1.147129336947364298e+00
1.160440178311694215e+00
1.142367209040205278e+00
1.200268141671281041e+00
1.194572180446468401e+00
1.201939688801390904e+00
1.183069676474158838e+00
1.173749408734893640e+00
1.149176806996018652e+00
1.152035102555198032e+00
1.140674856852239127e+00
1.166627996794301181e+00
1.157734554668118143e+00
1.120145763415373974e+00
1.114660019969100579e+00
1.111579953042260094e+00
1.099779559446680599e+00
1.083527561360822400e+00
1.122770267528932608e+00
1.169020312872672385e+00
1.201514163430153825e+00
1.178132201526745693e+00
1.162484973926315890e+00
1.164605492116497887e+00
1.176865772157932533e+00
1.142920219240024959e+00
1.175427102727053530e+00
1.125438945681764613e+00
1.106355876258336757e+00
1.097829459700079502e+00
1.093258775696404062e+00
1.139108458539728419e+00
1.151370817156388338e+00
1.192007794780764129e+00
1.172294334983767339e+00
1.111954816419760572e+00
1.176196301009467149e+00
1.175824313943445221e+00
1.170143506501336805e+00
1.168604495369901963e+00
1.151359358548311507e+00
1.161557056845817115e+00
1.132600615663543531e+00
1.155063498181582826e+00
1.185957783362000306e+00
1.139020309079987303e+00
1.151974279954333991e+00
1.108837988028411603e+00
1.063742864432127400e+00
1.108501202234459138e+00
1.198325482351511706e+00
1.140755239932911280e+00
1.134664121125811942e+00
1.069729260216668809e+00
1.127469886605760641e+00
1.136937681532697919e+00
1.163054192741549420e+00
1.172628567131225985e+00
1.177045387614942262e+00
1.107183853928955797e+00
1.112098071573716318e+00
1.127528471582473824e+00
1.133357146981498031e+00
1.142206972640069651e+00
1.136266752395710844e+00
1.173228675959294254e+00
1.231314881969995279e+00
1.119055751249664388e+00
1.143946141894982560e+00
1.119558629755555534e+00
1.191450542129567802e+00
1.205565761275747549e+00
1.136546323487161114e+00
1.132936072657996451e+00
1.127050987017744532e+00
1.092880749387662442e+00
1.134488006621770184e+00
1.098428082036958964e+00
1.147231998301694311e+00
