5.699564937586257818e-01
8.901930397439614673e-01
1.058536709052595670e+00
1.259045547023651235e+00
1.310373831587733129e+00
1.307248734780219079e+00
1.325685664280740417e+00
1.408451651446182007e+00
1.390473572993563778e+00
1.365227044289074154e+00
1.299311518210720884e+00
1.312292809997860354e+00
1.297789503215537321e+00
1.302018467121252243e+00
1.255330922396233895e+00
1.279895942222567973e+00
1.330745562763230527e+00
1.338367186700009759e+00
1.362389129222692397e+00
1.326597017482178176e+00
1.350937984901559696e+00
1.381763073606670611e+00
1.324742096576961847e+00
1.272100291589257637e+00
1.182105018142823427e+00
1.232150193824431472e+00
1.284283360137719932e+00
1.354740854320844567e+00
1.294714750474328602e+00
1.301619270029274134e+00
1.251385656922423317e+00
1.216922652040059338e+00
1.229960990699866308e+00
1.339005548987917127e+00
1.324504355128988342e+00
1.322231346488903725e+00
1.311752032208433283e+00
1.299629932434493540e+00
1.307590871603463656e+00
1.341456565067442597e+00
1.287262368628578901e+00
1.298028606291287357e+00
1.270081991960615442e+00
1.258040220949009136e+00
1.264324072648215003e+00
1.295134287862814482e+00
1.263283134371593786e+00
1.224434363141524873e+00
1.252099246869677440e+00
1.295851909295597570e+00
1.289202478160409671e+00
1.234741207670834395e+00
1.275935795083327884e+00
1.298890412631878100e+00
1.277083215764475810e+00
1.182732762274507854e+00
1.235883506484483751e+00
1.214031657281427590e+00
1.293357404526793042e+00
1.407322676319573862e+00
1.417626708841285055e+00
1.336652578672142377e+00
1.276112886966169979e+00
1.338212533331921916e+00
1.349265355820471468e+00
1.308730504785701410e+00
1.203566195016825491e+00
1.208589532938925126e+00
1.175943588523783445e+00
1.176555540590177307e+00
1.224100207489142278e+00
1.167812262178788751e+00
1.198757477623403789e+00
1.172546911127270608e+00
1.244613110486572527e+00
1.339473653045822443e+00
1.271054870436550299e+00
1.211161890310791467e+00
1.262491014408394729e+00
1.165325568618002849e+00
1.125685766383810904e+00
1.168618061162804089e+00
1.176338879028170137e+00
1.172636569610587376e+00
1.156307513572057966e+00
1.226930073953832245e+00
1.260868937507526155e+00
1.285803188793774865e+00
1.281725525105395835e+00
1.194113204871662726e+00
1.171452825017777366e+00
1.173338536167549906e+00
1.215728000940249132e+00
1.194870949705073793e+00
1.214940994978068289e+00
1.183012627245287218e+00
1.230023508130280607e+00
1.144615354442307886e+00
1.182545668900168101e+00
1.102267362892032310e+00
1.133639204899013819e+00
1.121603306583260684e+00
1.119041548728243241e+00
1.161423131836233802e+00
1.155527905423284318e+00
1.176528680601384158e+00
1.189208623749815619e+00
1.129946769396668937e+00
1.127117416652344328e+00
1.117163209276253788e+00
1.126221069856931045e+00
1.172774606398172992e+00
1.147638340545005908e+00
1.138691975343755880e+00
1.147424597998288887e+00
1.179400770495169226e+00
1.196017036678577838e+00
1.108052976655609090e+00
1.147978469883234043e+00
1.115962598841729658e+00
1.174741298494237585e+00
1.130998560654420171e+00
1.158813772820495025e+00
1.194417724088783439e+00
1.209582658300108360e+00
1.183626476924391602e+00
1.253657084458189797e+00
1.243223840868286079e+00
1.277063260724893512e+00
1.253672802365749961e+00
1.212467954586339047e+00
1.171455711948378386e+00
1.183660025017489348e+00
1.136379151693855727e+00
1.106410489889062987e+00
1.066353511463524750e+00
1.139185709983999262e+00
1.120262727813290393e+00
1.121256695804698778e+00
1.063240653295789651e+00
1.169710226774517414e+00
1.113192535589847765e+00
1.142527843842131352e+00
1.123208657550700318e+00
1.154794424952393372e+00
1.129842568389013868e+00
1.149878963105295693e+00
1.168388372434326916e+00
1.192152562911150682e+00
1.078030792338283028e+00
1.158733079390720011e+00
1.082278853348854764e+00
1.143582863607897071e+00
1.207330151601130996e+00
1.210176902177111824e+00
1.170775045402363546e+00
1.133204352534532555e+00
1.094717568175527234e+00
1.124374955526362685e+00
1.161768402495151786e+00
1.164475056178594148e+00
1.141600693755360441e+00
1.109166476036853366e+00
1.141090989319878179e+00
1.110649995498048215e+00
1.104391653643866045e+00
1.077084804869987478e+00
1.056562087860717591e+00
1.071747371248471747e+00
1.067095817099142696e+00
1.184160649494678808e+00
1.180802997633241924e+00
1.177590462392343884e+00
1.120322523170063089e+00
1.158189616884048423e+00
1.061889855525840698e+00
1.122117393988590894e+00
1.078228997918348142e+00
1.140132354059359310e+00
1.140277400177830636e+00
1.162401397240286460e+00
1.143167864979695247e+00
1.217840552879398519e+00
1.117759376084298983e+00
1.089314439708830351e+00
1.065494653710487016e+00
1.092156756836178522e+00
1.095864874420517276e+00
1.130620861784334297e+00
1.127963462251704296e+00
1.137032370346101606e+00
1.090931058460152592e+00
1.141725253991922484e+00
1.101997751597481701e+00
1.124247802649427141e+00
1.093853634680519216e+00
1.108940983887356735e+00
1.072493713635527701e+00
1.123411046266881819e+00
