6.385708259324911484e-01
7.897453546733438356e-01
9.596564751175398200e-01
1.117492076260880429e+00
1.138283053426518698e+00
1.206844532442894025e+00
1.262098929087679844e+00
1.226775028713453564e+00
1.214573035973346427e+00
1.188173724905673856e+00
1.138220741773561251e+00
1.174727280799785722e+00
1.250486316593365288e+00
1.245140762000472412e+00
1.247644596014526375e+00
1.235005630591780701e+00
1.228192288149561273e+00
1.273052768641256050e+00
1.209603106590194654e+00
1.209154596681660809e+00
1.201434756961500927e+00
1.186902735620014360e+00
1.234972444049519336e+00
1.223855224189670077e+00
1.213935206260441380e+00
1.216372957525304166e+00
1.231772017721722179e+00
1.189585117820624260e+00
1.172056998012689366e+00
1.193838861765184500e+00
1.267737131157500752e+00
1.291181053457970629e+00
1.280405978193533523e+00
1.273854360179655476e+00
1.228235404180028967e+00
1.221927083213660170e+00
1.209940356636243441e+00
1.200422318593888704e+00
1.184616197748505906e+00
1.197450672793657134e+00
1.152892813480271172e+00
1.169490895540444608e+00
1.206373633193840833e+00
1.152389124130207332e+00
1.169447344870843120e+00
1.199514285315661066e+00
1.145972986876071742e+00
1.170142678146301130e+00
1.207771552916795832e+00
1.238571085429523766e+00
1.327779594125547913e+00
1.280436420508972217e+00
1.202172280570721341e+00
1.197247976298521754e+00
1.158429359449454799e+00
1.183592571874358512e+00
1.228868052019608470e+00
1.159009416479236387e+00
1.220310401828526903e+00
1.256084538694022923e+00
1.306862289782820374e+00
1.202335469429398396e+00
1.227977271076778676e+00
1.216506562525575097e+00
1.210267209038733860e+00
1.198419556428726995e+00
1.221071658106383184e+00
1.296724018558589764e+00
1.265214870097840505e+00
1.229079832903613889e+00
1.111279085720142890e+00
1.099624187298182676e+00
1.126630916831934837e+00
1.187357762312147402e+00
1.207992874637607184e+00
1.130230053361531706e+00
1.160536317740071599e+00
1.158494504284253157e+00
1.176399714790742568e+00
1.157454700256731028e+00
1.211373733882432635e+00
1.180506323967681181e+00
1.143303247072230411e+00
1.134362453195977061e+00
1.189170710964270183e+00
1.177155932651147374e+00
1.167631365210135330e+00
1.147855184483120405e+00
1.168691420068346476e+00
1.165435343932768264e+00
1.266384013309889367e+00
1.231762966408687099e+00
1.194025531889177261e+00
1.092394294087130735e+00
1.126211494180265005e+00
1.128235589755501422e+00
1.064807233263217912e+00
1.137700584977864082e+00
1.201962829061398397e+00
1.156165663180242831e+00
1.110754024761319680e+00
1.123096200945623790e+00
1.142559580068390757e+00
1.089168596607618555e+00
1.171269164803884211e+00
1.126139488241043374e+00
1.197366127951666304e+00
1.193127433652188873e+00
1.133519435910858020e+00
1.187872005954786037e+00
1.254131176025267580e+00
1.210925259735597059e+00
1.093009240133419491e+00
1.146085492629470570e+00
1.192467494792789573e+00
1.119080079494009450e+00
1.141337264387411565e+00
1.089060935109396278e+00
1.170971466139223649e+00
1.209786167530340517e+00
1.194437834673544696e+00
1.141483264801882447e+00
1.161316041952368039e+00
1.147547459903833778e+00
1.094987601705440294e+00
1.066423300218349413e+00
1.154072827244891020e+00
1.182272726361814463e+00
1.136207849088604727e+00
1.086347451573235201e+00
1.133170307632043627e+00
1.096398011902544489e+00
1.075292595446587285e+00
1.091182001615912833e+00
1.124944860419760051e+00
1.167079984674618487e+00
1.183602132547632246e+00
1.166957545976011534e+00
1.153523371152505028e+00
1.084863452366046754e+00
1.070010149851234216e+00
1.090181893166322524e+00
1.103713722082395154e+00
1.118970081047206966e+00
1.124656555000611124e+00
1.069727721793575892e+00
1.109814425773581803e+00
1.129684957608700913e+00
1.126490334758468492e+00
1.098681542695409963e+00
1.126841921279873260e+00
1.130176395578603055e+00
1.155806313230637317e+00
1.060016475577863160e+00
1.075607721274162820e+00
1.077261569105019801e+00
1.082460709686580147e+00
1.050442923888590618e+00
1.038693124031969894e+00
1.071172964138826567e+00
1.045975912852738832e+00
1.079752564148245941e+00
1.038967320933746441e+00
1.122699665370244126e+00
1.093592959085011973e+00
1.068815214787101064e+00
1.041098691152200439e+00
1.060102140869457088e+00
1.118613493496970479e+00
1.085424568061310824e+00
1.057515108926899039e+00
1.074348010312814239e+00
1.115838454979763528e+00
1.064018917677987064e+00
1.129744583910564204e+00
1.077532883358395033e+00
1.081438162388127289e+00
1.073166371868387481e+00
1.097398658624377799e+00
1.063028053910435311e+00
1.081654612975702090e+00
1.084472862496657308e+00
1.072205819396584880e+00
1.071950181866294649e+00
1.082012195466457216e+00
1.061060291883518136e+00
1.069972848798939502e+00
9.967490261651863470e-01
1.048365607918520404e+00
1.037113300574250330e+00
1.077067620834366801e+00
1.093343008127398930e+00
1.088131555808791839e+00
1.066322285703356743e+00
1.065672055774181670e+00
1.044416756444974004e+00
1.075552589293354178e+00
1.048273491041962879e+00
1.070338638304278778e+00
