5.317299496204977993e-01
8.346965030812979469e-01
9.878217695177912150e-01
1.123210481908976766e+00
1.203759406109745189e+00
1.204837459138210720e+00
1.251062283018838928e+00
1.252181878202142551e+00
1.195755618303640189e+00
1.258443317390122829e+00
1.236472250010029583e+00
1.236169872684395266e+00
1.232406900646004777e+00
1.288212588487460009e+00
1.282653963131397790e+00
1.283386303245044768e+00
1.220457834506804229e+00
1.193988948232791891e+00
1.255488098121881446e+00
1.295749071435913669e+00
1.230778504641615756e+00
1.216129205031410754e+00
1.227382259611075055e+00
1.159519595971812089e+00
1.137061909916319724e+00
1.132125993279859966e+00
1.235601429843428578e+00
1.260137149450009320e+00
1.195729199284694788e+00
1.258087570726207582e+00
1.241965734395254373e+00
1.200869339491971832e+00
1.206715786852588179e+00
1.236501572897894530e+00
1.264595206254888637e+00
1.267854879009342461e+00
1.227352843355457246e+00
1.218201393577637015e+00
1.258996070990139771e+00
1.261578425072169773e+00
1.253385047862597190e+00
1.251555903235921585e+00
1.254716293508248093e+00
1.195998868561655604e+00
1.135861282135536943e+00
1.204753948149451137e+00
1.246843949456404532e+00
1.237545868194090071e+00
1.205538771872504356e+00
1.253307147026812896e+00
1.254845762123146136e+00
1.269347054663451768e+00
1.277284414957090997e+00
1.226326759626480412e+00
1.239518714986124870e+00
1.209600890465720946e+00
1.174000907451560938e+00
1.183464154156028902e+00
1.153671398594591224e+00
1.174504572241394484e+00
1.175896923057129895e+00
1.192618582875143218e+00
1.201058058674481233e+00
1.218377105864594245e+00
1.212655258480941356e+00
1.217590108631702028e+00
1.227130026211101343e+00
1.252541422089677559e+00
1.234076452149927450e+00
1.251685752199827251e+00
1.204650200396363058e+00
1.178159357867626822e+00
1.182650149480863000e+00
1.150030513362208406e+00
1.158815933747366467e+00
1.129772366343223089e+00
1.189887806436703999e+00
1.187685272960532723e+00
1.178041220275841905e+00
1.190484328065732456e+00
1.140003375925655149e+00
1.132859938191951077e+00
1.156252785321621568e+00
1.154670188490509064e+00
1.173539643877669070e+00
1.140100136787429941e+00
1.163663666456162149e+00
1.154650850829281428e+00
1.195248228067971263e+00
1.167425175381345603e+00
1.137338080871581392e+00
1.218682206774280186e+00
1.216359219431210281e+00
1.195390235033431336e+00
1.183896888205352882e+00
1.161304220780165819e+00
1.141259287977712589e+00
1.104892990579709799e+00
1.089381445328583720e+00
1.142211417733357992e+00
1.193022664676573807e+00
1.189325244179777918e+00
1.190999182848990090e+00
1.199379254213156054e+00
1.200581775651910821e+00
1.147558970036367088e+00
1.157328609996243429e+00
1.129264903460333702e+00
1.177306100710903136e+00
1.135721193746116020e+00
1.208552616268551816e+00
1.109068556790921756e+00
1.142063788837999860e+00
1.095780908780660035e+00
1.096109080084320286e+00
1.162976173201330843e+00
1.167206989354327318e+00
1.208679516416995670e+00
1.168344439928482359e+00
1.180521728522593072e+00
1.162388221870223948e+00
1.162232107189317576e+00
1.169527059314567241e+00
1.115566355025638501e+00
1.173607614423374912e+00
1.169755091001032143e+00
1.185081642692399351e+00
1.096121070939741982e+00
1.084489823603157710e+00
1.064784129061143281e+00
1.114505537419362424e+00
1.118464358412220916e+00
1.119645489421951412e+00
1.126116279023839928e+00
1.159900711149422836e+00
1.153300275013375620e+00
1.171263967661632321e+00
1.151026852266231026e+00
1.174509164636218461e+00
1.156740377133645303e+00
1.161839189590795351e+00
1.134822375716368459e+00
1.130665580371816636e+00
1.099462959452282451e+00
1.144731553460809792e+00
1.084874629195531348e+00
1.120946829573683967e+00
1.129915273625938577e+00
1.185590718958365652e+00
1.221353506438024761e+00
1.202553466305193997e+00
1.170116812007592211e+00
1.128290845857241598e+00
1.138748294757530699e+00
1.157592438445710137e+00
1.051417337228476967e+00
1.097790267347827919e+00
1.054912054809241440e+00
1.012421982117760688e+00
1.019899951077425815e+00
1.048868454320941002e+00
1.084933448071708106e+00
1.116476529721372124e+00
1.111560552778110056e+00
1.147613799833605563e+00
1.168683334077753155e+00
1.238586547575093899e+00
1.151167387322468816e+00
1.065630543094822746e+00
1.055784256533286669e+00
1.088143813422399964e+00
1.082419442349196625e+00
1.114433850147142246e+00
1.109706871844133191e+00
1.127246362611803665e+00
1.110426433347784458e+00
1.085918981053441756e+00
1.098483640027054786e+00
1.083083689623756340e+00
1.037246230123592072e+00
1.057340314400295300e+00
1.060646698840201907e+00
1.110850821551219170e+00
1.053982162194943228e+00
1.039942542173920126e+00
1.037569748167582517e+00
1.069617003755537255e+00
1.057864502385874150e+00
1.062649661762463227e+00
1.051407033726457163e+00
1.032518149740553559e+00
1.072521525938125997e+00
1.055097605739780064e+00
1.048564122698973478e+00
1.028515954130503562e+00
1.127003568608951678e+00
1.050777723718637757e+00
1.001849190122240829e+00
1.011253620015893695e+00
