5.285729437053282576e-01
7.619680965920352378e-01
9.148547965490685385e-01
1.011429282912247984e+00
1.063295836534563277e+00
1.115042259438398853e+00
1.141969630405146097e+00
1.192331634641668803e+00
1.185456246107847944e+00
1.156342933814171969e+00
1.127777770383742606e+00
1.120596377995387360e+00
1.146583819264577198e+00
1.102135783177395689e+00
1.112252669645951153e+00
1.145004782435695478e+00
1.115160159867583323e+00
1.131513214629330299e+00
1.115031362401115667e+00
1.091414005753396754e+00
1.103206187449123243e+00
1.079550738714027069e+00
1.113024277888213343e+00
1.139341866192887576e+00
1.188894242803164802e+00
1.078655433603887159e+00
1.074733539169182572e+00
1.114115975767268063e+00
1.069451917923952555e+00
1.012834461142712916e+00
1.053021047811136368e+00
1.038717347776850541e+00
1.074419358896873344e+00
1.134200740230801863e+00
1.154522221920770253e+00
1.101037430267885808e+00
1.132588195582669988e+00
1.139536356824642604e+00
1.183346326070378929e+00
1.139967365153372825e+00
1.118216250292147329e+00
1.060948163471348016e+00
1.092667215300720640e+00
1.070086184623602277e+00
1.070953056463032071e+00
1.105125096114802252e+00
1.102218967198377308e+00
1.158236933200059493e+00
1.235220415226830015e+00
1.165347413387617159e+00
1.126411003983452064e+00
1.076747430887362356e+00
1.023436489103675795e+00
1.038402636717475458e+00
1.030716156027511099e+00
1.042924766610438647e+00
1.097129385863925277e+00
1.045875712599484642e+00
1.020600921425691032e+00
1.045728281285159156e+00
1.061605010197637977e+00
1.090543076130372491e+00
1.085717395550408915e+00
1.100763162455781874e+00
1.089138982166026670e+00
1.119387927071916922e+00
1.047687514320172042e+00
1.016425989695241006e+00
1.045301844822050574e+00
1.016713664323405819e+00
1.028283998296616319e+00
1.004533748431181372e+00
1.059663747503791553e+00
1.065812089895378012e+00
1.070880186296018222e+00
1.058661346875399589e+00
1.078357910373710205e+00
1.036683746967859143e+00
1.075606158662589351e+00
1.103813474369423453e+00
1.088525625173021316e+00
1.072944282389362902e+00
1.092088422817342197e+00
1.067159695135107889e+00
1.024967573838664325e+00
9.810444660013095675e-01
9.452726124687679254e-01
1.008370683863827555e+00
1.040243945500277434e+00
1.056331950191903291e+00
1.114669377004156470e+00
1.129340840201266571e+00
1.098939709091125261e+00
1.084351525982291120e+00
1.057659032945888811e+00
1.019790912666710403e+00
1.065592541506555246e+00
1.019364591096117323e+00
1.041459529538050210e+00
1.034882366534606524e+00
1.031427204930331687e+00
1.063500540131280925e+00
1.005127447378869165e+00
1.012232634438918977e+00
1.007718608452971676e+00
9.664298235814738902e-01
9.866121482867545867e-01
9.694672615623507461e-01
1.049750453018165608e+00
1.024617066661673848e+00
9.874305563080205683e-01
9.865501251994398535e-01
1.011259074079008613e+00
1.076934804904426946e+00
1.055504310052740813e+00
1.014837610583161798e+00
1.059772788257118403e+00
9.921877495256924417e-01
9.825318129953520829e-01
1.011910152676886110e+00
1.066416303943918065e+00
9.610081007628719085e-01
9.529543964756455043e-01
9.893254430200968397e-01
1.037177481421387437e+00
9.908267899096092624e-01
1.028311822443533252e+00
1.031363371341691870e+00
1.040835737047317799e+00
1.010022502737115691e+00
9.937911995310875213e-01
9.893076956824401469e-01
1.012484083059520312e+00
1.021319249451174693e+00
1.049413957175912682e+00
1.016704716073736803e+00
9.318787768271823424e-01
9.721680278370266048e-01
9.837978535618040477e-01
9.836946276465118322e-01
1.003210470527383880e+00
9.742975943627080193e-01
9.437790146856226414e-01
9.863277781112539389e-01
9.767586014524666238e-01
9.527128564106567277e-01
9.912346600715150613e-01
9.775479297735933937e-01
9.986402217426357808e-01
1.019441477436449528e+00
1.008106121856634951e+00
1.015071933924685199e+00
9.395181407676505003e-01
9.523427342748280733e-01
9.839301663697632705e-01
9.930383244999807513e-01
9.957421521346322413e-01
1.011917116651950721e+00
9.803278682652789566e-01
9.686175635391496286e-01
9.739640229271819827e-01
9.135599026336144179e-01
9.375111689052054720e-01
1.026208123557347474e+00
9.677333742504244940e-01
9.213254360438974944e-01
9.728331796651435992e-01
9.693740771865491102e-01
9.660393045493024244e-01
9.793918366166920464e-01
9.807290766208792698e-01
9.922194312194945187e-01
1.000958087046109002e+00
9.780087615240508070e-01
9.733877276807771928e-01
9.671177184082374589e-01
9.462437248482835628e-01
9.688445158753893338e-01
9.728812045828019173e-01
9.932139402042169385e-01
9.446630857399834769e-01
9.425362230320902812e-01
9.777139457868416761e-01
1.007532931656797137e+00
1.033703045351014538e+00
9.355005878901829774e-01
9.596145159678421965e-01
9.318885978304548567e-01
9.269796213081713532e-01
9.527386476332025955e-01
9.698766123847525344e-01
9.400727688343272215e-01
9.577943334542748932e-01
9.331715690959916376e-01
9.143937032506344043e-01
9.248477142193843870e-01
9.485888026111941596e-01
9.377327788007145948e-01
9.547818185189923534e-01
