5.875507583811068191e-01
8.261802316345300268e-01
1.008094866271516121e+00
1.172878725041340386e+00
1.175235932431921038e+00
1.233566188776913819e+00
1.255603072025326838e+00
1.162259705480345184e+00
1.156615048847129845e+00
1.161463053921086619e+00
1.195525810518959231e+00
1.133191718487901012e+00
1.159013445084117411e+00
1.158057130353471686e+00
1.171881716398932349e+00
1.190727513834088924e+00
1.170910134189909968e+00
1.173926481805199096e+00
1.182092435648069761e+00
1.219249782390941395e+00
1.220579840311174724e+00
1.191190847841179012e+00
1.178297512894327603e+00
1.181952398845134589e+00
1.202937884388094902e+00
1.229894816985846129e+00
1.199691793026465891e+00
1.188839361544351325e+00
1.145681686292027601e+00
1.120693500307860413e+00
1.175512274096079501e+00
1.151857994982065314e+00
1.140802560877631988e+00
1.166768199735427336e+00
1.088029337250016937e+00
1.145468567002986937e+00
1.189652213984103035e+00
1.142690527044124993e+00
1.196537136365877441e+00
1.161361989426394015e+00
1.181451622518581601e+00
1.186555851703873676e+00
1.224015546005876143e+00
1.145801659709871689e+00
1.151110277521599112e+00
1.212842913350744567e+00
1.157015259825358910e+00
1.116443036702337244e+00
1.131879111515973646e+00
1.162108283268952214e+00
1.163288364780659334e+00
1.156809434482946042e+00
1.185395853927311061e+00
1.128351028742732964e+00
1.143625017115632359e+00
1.150639852573768662e+00
1.086701197759653015e+00
1.089430409112636555e+00
1.133959801389751609e+00
1.125674427477796780e+00
1.204209290898322626e+00
1.201540634711772970e+00
1.162466380046267345e+00
1.090053986381253281e+00
1.092628001721133613e+00
1.121123536157178968e+00
1.146350906887672050e+00
1.096395276213139036e+00
1.146291120846902434e+00
1.165449075344213270e+00
1.170068254626998927e+00
1.134491782319298592e+00
1.101486717511543478e+00
1.123374879915836511e+00
1.135737666026903847e+00
1.193013284628833715e+00
1.203851597555629205e+00
1.108089304108591078e+00
1.106050466881749017e+00
1.106784594166426494e+00
1.146771142188207859e+00
1.120978722495976854e+00
1.143269788459169600e+00
1.157431181272024379e+00
1.166354976295468138e+00
1.165649986239078117e+00
1.179072507152844951e+00
1.124630777347577659e+00
1.118124370161190484e+00
1.192206215977888339e+00
1.134043146067039265e+00
1.117942889902322934e+00
1.090793501673918753e+00
1.076350926476282499e+00
1.185437950341251989e+00
1.124831234686169301e+00
1.162106139121030335e+00
1.152623028489598633e+00
1.156358577523485698e+00
1.112196824041462140e+00
1.135919490865404002e+00
1.078672458233596698e+00
1.076015949614475886e+00
1.032257250599041942e+00
1.100605171769502899e+00
1.122648363514725522e+00
1.179959143019736700e+00
1.157077583909169816e+00
1.149999653930601218e+00
1.124671955698306025e+00
1.132091634668816571e+00
1.135588832839472984e+00
1.062075918192173729e+00
1.025359266279190384e+00
1.113704496034676028e+00
1.084690578719810450e+00
1.068048899932077855e+00
1.106371110250446765e+00
1.153337567585181800e+00
1.119554191122654307e+00
1.093807600493773791e+00
1.052446667185136020e+00
1.087520511191232719e+00
1.134909643039508698e+00
1.092485890632376666e+00
1.131058210754842142e+00
1.106314607295629804e+00
1.083174268925874539e+00
1.073167560021240252e+00
1.116493878199003253e+00
1.118184496843555475e+00
1.118359743321317268e+00
1.117986725393615766e+00
1.140237221270629764e+00
1.192563678634714019e+00
1.122217963893456183e+00
1.071435090736145179e+00
1.066498485401590646e+00
1.061322578957259566e+00
1.034891377662712442e+00
1.073506945900567500e+00
1.110695768210256507e+00
1.035348414600403055e+00
1.118446025846537628e+00
1.048707835014185408e+00
1.053640323563133752e+00
1.109275364587864576e+00
1.128801155898625286e+00
1.056987082547841572e+00
1.114561941647185694e+00
1.123089420375456005e+00
1.107733154754572791e+00
1.086167734509373650e+00
1.055568956692965799e+00
1.113811769915402650e+00
1.087127391247347585e+00
1.045412245316745592e+00
1.058840744954157698e+00
1.071559969810380375e+00
1.071739344296653407e+00
1.017348384024078012e+00
1.064286206522306211e+00
1.046938239082480404e+00
1.105878692805575048e+00
1.077744576505119900e+00
1.092190227745180042e+00
1.045989991380086304e+00
1.091683656159436078e+00
1.102362904020654621e+00
1.057726582751280509e+00
1.017599979026867496e+00
1.074832217382356570e+00
1.060410754638219766e+00
1.071457030316312009e+00
1.023884537075349099e+00
1.075662254474908153e+00
1.037477764053936546e+00
1.048552482602831848e+00
1.069038371078524952e+00
1.097744937510630958e+00
1.061746537314464334e+00
1.030586559607511221e+00
1.050597540504129457e+00
1.088903066455677582e+00
1.053080284751198192e+00
1.050097763687730223e+00
1.099630381072267182e+00
1.009271363583063241e+00
1.053976486630801013e+00
1.056713000166664695e+00
1.064444356738604602e+00
1.073401884293080810e+00
1.064484383573490289e+00
1.008781279338148096e+00
1.041119373919895841e+00
1.020830098033210565e+00
1.015750876501961608e+00
1.026269602821161087e+00
9.994790800024295763e-01
