4.961550452005822343e-01
8.803785717895294960e-01
1.052184505485359134e+00
1.231061215754647886e+00
1.319649174113499246e+00
1.359295645878268788e+00
1.305593266233274985e+00
1.290868484472300848e+00
1.333085701636494980e+00
1.287427835270372078e+00
1.298744132377387173e+00
1.283971240626934573e+00
1.274272295379228037e+00
1.311162043734829696e+00
1.280301495269634104e+00
1.264574282405667827e+00
1.283145731925650512e+00
1.256098537985718577e+00
1.256314392419105808e+00
1.196577693324468505e+00
1.245817694564525402e+00
1.241679228560468973e+00
1.266993929159943466e+00
1.236973076709976249e+00
1.265933848195357703e+00
1.274532810123035542e+00
1.258058324927714189e+00
1.286169811990507172e+00
1.299058699248947235e+00
1.338390162547234308e+00
1.314096538864977681e+00
1.238530468907772519e+00
1.238189440244240602e+00
1.242492493147967947e+00
1.279994390555111217e+00
1.346825678841105933e+00
1.323664261734329273e+00
1.235021544719121067e+00
1.169752704517770914e+00
1.212424542305891695e+00
1.289450681774968466e+00
1.250780824607792718e+00
1.278268202456163793e+00
1.267624885627578024e+00
1.236283065920315227e+00
1.197672555754567103e+00
1.250142209842642460e+00
1.262867777768508670e+00
1.232021561758487982e+00
1.203347414891122291e+00
1.238793021876509748e+00
1.204569328421982499e+00
1.205220063161655419e+00
1.145126527576988407e+00
1.226135634160453236e+00
1.200430882596467130e+00
1.210432075966753729e+00
1.237082454357493866e+00
1.238325142020699543e+00
1.215943484419641063e+00
1.267739652000927419e+00
1.219615033644021462e+00
1.241219151831860046e+00
1.219378840002872000e+00
1.265255978134779635e+00
1.219510108428430550e+00
1.245193509996488812e+00
1.196149219744945258e+00
1.216949649586807070e+00
1.241870656131910611e+00
1.212418474016444092e+00
1.199083047405758995e+00
1.220267372823927721e+00
1.198407344843819500e+00
1.195483578497426258e+00
1.213877851790451823e+00
1.181240243993715078e+00
1.220337667873119480e+00
1.243954827282488962e+00
1.211189747164252539e+00
1.195804123649076844e+00
1.174044240025275299e+00
1.142998445910550220e+00
1.158971145182998486e+00
1.125315890961886778e+00
1.147061660380079173e+00
1.191584286012474569e+00
1.156514798133296384e+00
1.117353848192419674e+00
1.157883010973649984e+00
1.152610089259032300e+00
1.204287836820192803e+00
1.181058640113662461e+00
1.213175801908196183e+00
1.132826579586352800e+00
1.206588148917116632e+00
1.238839228552725880e+00
1.222158794440811436e+00
1.133165192677714206e+00
1.201700352400601135e+00
1.203422958219442895e+00
1.208044569863580664e+00
1.227435297710609108e+00
1.179392554998258014e+00
1.157419521097085680e+00
1.183566548088487602e+00
1.149414579064150788e+00
1.081163849327916759e+00
1.133394950516872335e+00
1.185181926568465993e+00
1.131680999760701800e+00
1.142353356744000514e+00
1.135124726757537283e+00
1.122064370284820756e+00
1.153472220625746170e+00
1.159594993187637924e+00
1.126328121400710813e+00
1.115150628940974720e+00
1.174344960561953366e+00
1.189910040731205765e+00
1.181808351912453370e+00
1.186966083851316522e+00
1.171667525530171172e+00
1.181868551420161451e+00
1.212944340908715946e+00
1.231224265452247835e+00
1.286376990254364694e+00
1.156924120033983039e+00
1.153090748055966674e+00
1.086489764056898455e+00
1.187727010446401277e+00
1.171603101832552118e+00
1.223062684663809518e+00
1.164811569200347785e+00
1.195556897600795532e+00
1.165924414025651945e+00
1.210429053462836135e+00
1.173765669220552255e+00
1.250684746584725060e+00
1.255283270742057145e+00
1.191643380858563361e+00
1.109514512387670626e+00
1.156459625568966532e+00
1.140611826690860031e+00
1.114731407812138642e+00
1.099358931934511174e+00
1.145365369376323716e+00
1.105956258018796712e+00
1.122301198762843066e+00
1.121358919832922574e+00
1.157051174059147591e+00
1.103106362864526568e+00
1.100470560801557474e+00
1.112969937184561386e+00
1.164017350058174527e+00
1.121409676065473038e+00
1.108727893775570905e+00
1.082453165779516446e+00
1.145884775723783777e+00
1.126969225430822785e+00
1.167800296305667063e+00
1.147503532399209991e+00
1.180665932739303869e+00
1.123321949854083179e+00
1.102625483782109894e+00
1.114130505851488762e+00
1.094922922668722709e+00
1.078268210846644815e+00
1.119940929339929614e+00
1.125541011508751188e+00
1.159060968434517003e+00
1.112325203037603627e+00
1.130466726753176498e+00
1.134882689375995790e+00
1.135345089383158923e+00
1.150717111440937357e+00
1.169911561018096124e+00
1.135293787384149100e+00
1.119771649823572135e+00
1.088637839215496061e+00
1.105192785132771638e+00
1.124117585314509560e+00
1.126909988366194604e+00
1.165985293110180177e+00
1.095785935000911149e+00
1.064527039121065499e+00
1.081539997649273666e+00
1.094038891039292638e+00
1.101756082858923236e+00
1.095427622494304920e+00
1.107893641797299322e+00
1.100893301732065677e+00
1.116525157153760217e+00
1.081418415090270591e+00
1.070764607937792823e+00
1.043260690871101959e+00
1.095659276680490679e+00
1.145255505505522242e+00
1.131586842804752857e+00
