6.810401187864315586e-01
8.677475202143326571e-01
1.097413447749151727e+00
1.258632831768472737e+00
1.307812469074666195e+00
1.298832950531770392e+00
1.367170296808817520e+00
1.381652618326362436e+00
1.294921856980487007e+00
1.293714972307166811e+00
1.346720222727936456e+00
1.372368277187957286e+00
1.357753641281536527e+00
1.354595749955387118e+00
1.347930894401039748e+00
1.413619390068919790e+00
1.426652847265076574e+00
1.402681134124671658e+00
1.310765415245080945e+00
1.297910349406025343e+00
1.337529790695033194e+00
1.296965725624139143e+00
1.239650329384735628e+00
1.251159132941338292e+00
1.275302222553218900e+00
1.263957277158667347e+00
1.253640973198261843e+00
1.303856592523964020e+00
1.381649499258844616e+00
1.432756331748553880e+00
1.400714900787679573e+00
1.443962085850589494e+00
1.375425161171107025e+00
1.303889459377728821e+00
1.275443055327919684e+00
1.313568737713189938e+00
1.319783434420737978e+00
1.371343934359127603e+00
1.321509598199909208e+00
1.259970308540713901e+00
1.318964437159863445e+00
1.297068093218164631e+00
1.235614631625392423e+00
1.349146921704329261e+00
1.355475492183968012e+00
1.285814767278262716e+00
1.240885196592746986e+00
1.240837089743299204e+00
1.239911119270989737e+00
1.281181348508520390e+00
1.319308498056278589e+00
1.318175047013751877e+00
1.307944129194466898e+00
1.257529450952143302e+00
1.302715971522572014e+00
1.253748399925646018e+00
1.281457833445602379e+00
1.299018040969655674e+00
1.268220088694664183e+00
1.260449609292110917e+00
1.228419874013519264e+00
1.205289034034504603e+00
1.132567506730315365e+00
1.193440465168751574e+00
1.220702437087281433e+00
1.241263370294987345e+00
1.251940277958815573e+00
1.262326817138288870e+00
1.264061292186433816e+00
1.314444237929020209e+00
1.360799187217155426e+00
1.294738290663724367e+00
1.300296559417426501e+00
1.342824655826483804e+00
1.319477612551191781e+00
1.319610134940323753e+00
1.271933909139810526e+00
1.231436881821321494e+00
1.236723604550117317e+00
1.239563199109374736e+00
1.244510174464139807e+00
1.272093641400385833e+00
1.359375310055574992e+00
1.318742993654000051e+00
1.193322547354659369e+00
1.200127432111169457e+00
1.244785707361998117e+00
1.173156780142514233e+00
1.216658937712534749e+00
1.210086508525629156e+00
1.194024835527188966e+00
1.207357281663592241e+00
1.278206828557390651e+00
1.252764057967713951e+00
1.238310874188009336e+00
1.123286289453969244e+00
1.173014182298472541e+00
1.177927666071605373e+00
1.238548295039881397e+00
1.242265170608834568e+00
1.192740289169561541e+00
1.184641395684814746e+00
1.174446617183037000e+00
1.190437068854495850e+00
1.197238512241210140e+00
1.271279754262428341e+00
1.355572735363330228e+00
1.279728684819416262e+00
1.247274121561964710e+00
1.249255258386510192e+00
1.289574936610849543e+00
1.222344762596557777e+00
1.240402855691922657e+00
1.135199042574967621e+00
1.176974107553962146e+00
1.216585609363038278e+00
1.212767660371407485e+00
1.208730796979856636e+00
1.223462898604981142e+00
1.229081538308810506e+00
1.266451667774705969e+00
1.206561932889520516e+00
1.151229542957890262e+00
1.201258025757165226e+00
1.196742699300325619e+00
1.182660055092253693e+00
1.224553461905793394e+00
1.200107490298850221e+00
1.246264306802699728e+00
1.241246914699072112e+00
1.210279082081273438e+00
1.170440754332212396e+00
1.175649346444393117e+00
1.158439907382784462e+00
1.162270118300485544e+00
1.203351620269567102e+00
1.184065237999580411e+00
1.228324559887641332e+00
1.163828954317578157e+00
1.118698757711955816e+00
1.164738359013208546e+00
1.118074313958858035e+00
1.197234203288334298e+00
1.155301330208537092e+00
1.094620154866439821e+00
1.206969436177891541e+00
1.131792674102201302e+00
1.126558374915784588e+00
1.161319706092869941e+00
1.153723313253149252e+00
1.153461843222939764e+00
1.138030721011065838e+00
1.115575673258843326e+00
1.113856676105976273e+00
1.145197927846372421e+00
1.142875572194076650e+00
1.119264190421711547e+00
1.164265006656425072e+00
1.210187391380358912e+00
1.134196809578714493e+00
1.126223533522930031e+00
1.217610681666039252e+00
1.133850102048618469e+00
1.112298591034750261e+00
1.116780713077078824e+00
1.168457494434795629e+00
1.113694283779313121e+00
1.103212367525985282e+00
1.165939277553296405e+00
1.149650169061156246e+00
1.165931153788481334e+00
1.169281610745442457e+00
1.128404288338594075e+00
1.179146230490756508e+00
1.124808066239249893e+00
1.168622744125936919e+00
1.196744864569601940e+00
1.193674951082348112e+00
1.139900170501584764e+00
1.116855914573482433e+00
1.124555280803188673e+00
1.138768862711796448e+00
1.143225842577642037e+00
1.161029611476664725e+00
1.125573130753446227e+00
1.098921972656986545e+00
1.158060001412119178e+00
1.117302923219927413e+00
1.125555305985896704e+00
1.194295519579252396e+00
1.145817807571013036e+00
1.152660762889084367e+00
1.118751440648735329e+00
1.105120666299902465e+00
1.073174794929744102e+00
1.162721964992041945e+00
1.133831160893819856e+00
1.096174016165622156e+00
1.070200373639045077e+00
