5.536443953100457227e-01
8.628680041138508949e-01
1.006783948802478346e+00
1.129331208016614463e+00
1.278951432327791959e+00
1.317176903046517467e+00
1.256001227406682963e+00
1.246071367793226692e+00
1.193531535722208936e+00
1.212905891739873843e+00
1.214915496538911288e+00
1.181710665957645068e+00
1.213153886042527274e+00
1.221765843516331440e+00
1.194782480649194456e+00
1.217232825949088548e+00
1.223668028413475772e+00
1.266729852257159283e+00
1.259662572690694926e+00
1.251636977636624293e+00
1.243024346891689280e+00
1.214663546427914742e+00
1.237992123543495415e+00
1.156417589948239399e+00
1.231215818919326299e+00
1.280485095257499983e+00
1.266745180581211105e+00
1.225778555380014678e+00
1.222336086942544142e+00
1.195675053326846982e+00
1.233826354833245986e+00
1.200289103077643693e+00
1.263021247400232250e+00
1.270978007705727553e+00
1.270088224588526771e+00
1.235040274647461356e+00
1.188235566568974111e+00
1.163631413793023928e+00
1.213013749576375533e+00
1.163559431412805267e+00
1.205961846800058135e+00
1.198177330227283344e+00
1.280058188832887023e+00
1.235034044491694072e+00
1.213921365429517563e+00
1.185344564110877297e+00
1.181252853464303421e+00
1.150072762186565845e+00
1.175100628660407542e+00
1.183074322515843102e+00
1.183416519205717998e+00
1.161770408387357234e+00
1.173793683267624566e+00
1.156862484669089364e+00
1.147904406587188841e+00
1.115925658084923722e+00
1.203458408135905655e+00
1.236759741906411580e+00
1.191867619882952090e+00
1.197472796624897917e+00
1.201169131097164389e+00
1.211347928870106783e+00
1.201007725806852999e+00
1.190408665797212828e+00
1.249883395880159620e+00
1.155911432183523324e+00
1.179135472036511922e+00
1.189658178718997705e+00
1.187893296662691611e+00
1.186641502762617151e+00
1.193051517777819370e+00
1.177807624410701415e+00
1.182428014095492808e+00
1.196800126857362478e+00
1.237080235283446239e+00
1.177488931941353734e+00
1.193294805252513635e+00
1.223244709608476199e+00
1.232718168440906092e+00
1.165231256894790901e+00
1.095418808866126970e+00
1.098804426728038797e+00
1.127219257553020659e+00
1.117050610752375883e+00
1.165659434973750352e+00
1.193594322291814391e+00
1.183920773273021032e+00
1.161824898594062239e+00
1.134539635870433605e+00
1.129987909167609494e+00
1.181427769506480319e+00
1.209004583446511516e+00
1.208047978929410737e+00
1.204171762940874135e+00
1.150938987473117292e+00
1.120641828460318568e+00
1.185557431451231158e+00
1.093415263572625751e+00
1.117938282532842553e+00
1.140039602991777423e+00
1.193261999608797419e+00
1.199113171806252653e+00
1.165697342846787832e+00
1.144152627337255757e+00
1.096552240812334489e+00
1.107531587008443896e+00
1.129674698280072720e+00
1.168024388521414103e+00
1.193794478003734172e+00
1.181696556461219627e+00
1.186131813976034399e+00
1.159511894510757202e+00
1.142779005126843606e+00
1.093060563468965407e+00
1.111060325670356841e+00
1.125925054222676414e+00
1.130832092215698470e+00
1.128555509162302739e+00
1.180069161759493612e+00
1.158623196111334686e+00
1.119188982363394480e+00
1.122511573994044998e+00
1.162484997532511999e+00
1.152547847280305460e+00
1.216297826175524621e+00
1.175838656177073061e+00
1.139974197624616270e+00
1.074969829553059641e+00
1.106009329404658459e+00
1.124855711963406835e+00
1.190042884196124362e+00
1.148011036538968632e+00
1.139868736669205296e+00
1.135071467352139596e+00
1.096771967101301204e+00
1.133232859691005734e+00
1.130535466485527163e+00
1.124779918447428750e+00
1.122318702439208504e+00
1.128089288495647269e+00
1.156663087601525808e+00
1.192586076267602380e+00
1.205682989760259893e+00
1.236595745719216044e+00
1.158454350270846867e+00
1.112807361444341003e+00
1.042419254009722129e+00
1.060234052169210184e+00
1.100562167841903749e+00
1.085942042285479081e+00
1.063240863768582400e+00
1.104397016164745171e+00
1.083133919021182390e+00
1.124225280224045109e+00
1.198666403498291011e+00
1.102520687986235037e+00
1.184151204858583606e+00
1.097296890029643590e+00
1.049100953095666533e+00
1.138074418024818790e+00
1.116371740389415557e+00
1.098940976384784829e+00
1.045936004868003977e+00
1.135774850361226829e+00
1.097325778067152813e+00
1.071007610282980638e+00
1.093625112542430333e+00
1.154047436719592312e+00
1.154748029183185309e+00
1.169565835294447353e+00
1.144095805532024279e+00
1.124718716713897226e+00
1.157558388304176011e+00
1.095115735858783967e+00
1.097173264753012356e+00
1.143412572118420512e+00
1.185027000965627408e+00
1.116453295315207095e+00
1.078892216772024071e+00
1.046474004090871102e+00
1.081127235156035482e+00
1.064826940218461582e+00
1.064957150271495179e+00
1.053670503635904421e+00
1.103736278111520974e+00
1.039285536322166692e+00
1.083883907536133950e+00
1.054620384797630317e+00
1.079832145027315393e+00
1.050778829540387260e+00
1.068208247031419811e+00
1.029037068078790806e+00
1.000519039907675989e+00
1.074455021297821444e+00
1.073540262121843725e+00
1.053620078904824009e+00
1.073344202476836928e+00
1.084305558356464916e+00
1.058900695828960181e+00
