5.743080566513385499e-01
8.805264653309647915e-01
1.120529773743940583e+00
1.305577931270677228e+00
1.316750404989227574e+00
1.346208001899964257e+00
1.344982313117739414e+00
1.328414670310840373e+00
1.274147463322122587e+00
1.261371160802824409e+00
1.306564138967267530e+00
1.324385901234192975e+00
1.306218671703736289e+00
1.361297842930406343e+00
1.281421028760138414e+00
1.295585613576194950e+00
1.315049277613430156e+00
1.369923119376787124e+00
1.285055575889193724e+00
1.302901121176002208e+00
1.309399460893067912e+00
1.277513294899539131e+00
1.271046541307609301e+00
1.267632319620761061e+00
1.280015699090301773e+00
1.250770927226723339e+00
1.248058634299856751e+00
1.251210163569846490e+00
1.273242568936949759e+00
1.271763148032151181e+00
1.306854645566588813e+00
1.267439526219500845e+00
1.238937467529819925e+00
1.278814916492356568e+00
1.328737725224921951e+00
1.341155347531464592e+00
1.295837473227582359e+00
1.228862246556814863e+00
1.269169936203646154e+00
1.215482587869478159e+00
1.311124190944734869e+00
1.276692297115374242e+00
1.284083543068437638e+00
1.233619521874089964e+00
1.290591597933329115e+00
1.260199814305033472e+00
1.311435893400475727e+00
1.269516122435778271e+00
1.320258445966803418e+00
1.259103506285477403e+00
1.268807261727331825e+00
1.244831044424996147e+00
1.254595889231119310e+00
1.225243271301027059e+00
1.221371928174196819e+00
1.226488849365697575e+00
1.258370039628043280e+00
1.255157410252541572e+00
1.324746636926026122e+00
1.272317487508624723e+00
1.331577873222047570e+00
1.224446690157017015e+00
1.218341545649344937e+00
1.141001851884383633e+00
1.232034496817182134e+00
1.282220773264748148e+00
1.232147099558099423e+00
1.184628018398518279e+00
1.164258556589485183e+00
1.186527083532694427e+00
1.217530066882192674e+00
1.283343714311884876e+00
1.313533046302466589e+00
1.225125675820818438e+00
1.211826837589741412e+00
1.191145405599354223e+00
1.224638654741426302e+00
1.217733957182195681e+00
1.300136517948258241e+00
1.254087677883955587e+00
1.270365788608928570e+00
1.216327307297703220e+00
1.340664873047487937e+00
1.269292507268767745e+00
1.199485931289890450e+00
1.126960369168399367e+00
1.171146769249828079e+00
1.157878355425366879e+00
1.250408585197708478e+00
1.251731849551969145e+00
1.279213248078215681e+00
1.142101827876913500e+00
1.193354890702217119e+00
1.203199804996499811e+00
1.244628211769864157e+00
1.179475026223218759e+00
1.229976090614725459e+00
1.205487665134635789e+00
1.277288829440460960e+00
1.274158492594249070e+00
1.239294446412267714e+00
1.218503344861794568e+00
1.208748088401868648e+00
1.255062491028361205e+00
1.329465986674710498e+00
1.249745770053065863e+00
1.261824614141701328e+00
1.230736951417877201e+00
1.162213506523865236e+00
1.146829484594539483e+00
1.236489903219296416e+00
1.218115527628719219e+00
1.176971682509168060e+00
1.136628184947284126e+00
1.251482181540197081e+00
1.235398108911713422e+00
1.268100378219236157e+00
1.250902051563035133e+00
1.208934280168804776e+00
1.211084625024528627e+00
1.218206326929977878e+00
1.203675086450239018e+00
1.182880884949004674e+00
1.145911001971701815e+00
1.167405725348564349e+00
1.180674533526963055e+00
1.191393360873252316e+00
1.173370195561999507e+00
1.187067053680998407e+00
1.222695270842469650e+00
1.205945328409001593e+00
1.225482020979372644e+00
1.197950909428358246e+00
1.228909810094738653e+00
1.226315755289233200e+00
1.161440368577095983e+00
1.119456427981792679e+00
1.155008443924727235e+00
1.154033295536666337e+00
1.140789817977722498e+00
1.156647556777665065e+00
1.176743473538647278e+00
1.125229213810367668e+00
1.156697492047717324e+00
1.116521711655638516e+00
1.116217789729034626e+00
1.159427009172630196e+00
1.215061867218627745e+00
1.211838089405643526e+00
1.207238097181333680e+00
1.185644928744495674e+00
1.160234579223377249e+00
1.167647606272292915e+00
1.143257580092505998e+00
1.190525664572861464e+00
1.156667301244493462e+00
1.131343087168204198e+00
1.178765017739071386e+00
1.136846001506400361e+00
1.189724753854594086e+00
1.264178450262906317e+00
1.254196960686433382e+00
1.252822534916085973e+00
1.212280386861999792e+00
1.182687165669683571e+00
1.197255139815326164e+00
1.154919484885185810e+00
1.161008732842801816e+00
1.137405756730297535e+00
1.125098915110481324e+00
1.217827180036894497e+00
1.257392158114964076e+00
1.171168978804389971e+00
1.149309602093853577e+00
1.086913714279431176e+00
1.158271914038274231e+00
1.138317756166206784e+00
1.095550779963017751e+00
1.104945165384421557e+00
1.172268711719118173e+00
1.200248406348049413e+00
1.166625956863349245e+00
1.103258076928420151e+00
1.106319866654333683e+00
1.110327819022799423e+00
1.143743428473205093e+00
1.152948872252611112e+00
1.165314761276376121e+00
1.137354374484119912e+00
1.156501935516168755e+00
1.175250343058081182e+00
1.196470789127171974e+00
1.150075408857909043e+00
1.155944542556766708e+00
1.218862501512356644e+00
1.173727693627347302e+00
1.133695854716908924e+00
1.108111596645336316e+00
1.100026914872971551e+00
