5.841738191602222630e-01
7.646710072455101814e-01
8.896037063160187053e-01
1.126807521112760391e+00
1.192384803437702923e+00
1.163746171305581223e+00
1.141696060525389411e+00
1.129239070854300753e+00
1.106822004117231861e+00
1.138666944273336812e+00
1.139457277407718738e+00
1.118212728229777575e+00
1.125615058123636825e+00
1.148819752273254613e+00
1.107532765106811645e+00
1.093484206453809060e+00
1.112077954857946027e+00
1.128921237551414158e+00
1.115020805880537536e+00
1.123853371615895380e+00
1.100484035621897005e+00
1.054528468159115162e+00
1.024102706886610648e+00
1.029018573989164853e+00
1.112855571789004072e+00
1.127265887617161511e+00
1.116786037607023108e+00
1.107666791696623187e+00
1.161480443167633991e+00
1.122325594370959356e+00
1.134501258312505145e+00
1.089093055668307386e+00
1.142231202559734982e+00
1.103280855045836617e+00
1.072717497589330549e+00
1.081486001819496279e+00
1.066776242103480987e+00
1.083555814794710637e+00
1.123332798562080681e+00
1.096897720310442859e+00
1.100830166575657687e+00
1.102319010910377317e+00
1.172014326840918663e+00
1.133181336784157889e+00
1.098889430940437117e+00
1.097710253471615216e+00
1.097631684859489587e+00
1.100244847322267239e+00
1.070339024660450722e+00
1.072250407882972656e+00
1.021445056967252185e+00
9.844874662249966102e-01
1.004786091469677345e+00
1.017261902440866894e+00
1.035973627743187686e+00
1.020457296557515825e+00
1.020832822671244422e+00
1.049010482552242163e+00
1.060178276182636603e+00
1.081232805964793320e+00
1.138251336187918072e+00
1.056518729129399814e+00
9.988409554444831473e-01
1.010868349807270583e+00
1.003026908579035759e+00
1.043972492120543771e+00
1.099120835149580921e+00
1.081835824899301857e+00
1.064132819855720502e+00
1.049271431233853358e+00
1.065238325069644665e+00
1.063070164308236754e+00
1.062162066516343373e+00
9.995993524578985490e-01
1.004710546355398026e+00
1.017120769553133686e+00
1.021042057186923424e+00
1.036765842186674558e+00
9.998461405739331731e-01
1.022421030161783984e+00
9.978552696299687330e-01
9.885427718857013879e-01
9.903586109605482246e-01
9.976971737082238612e-01
1.017247986841552043e+00
1.034094916821277632e+00
1.022077839434071267e+00
1.050231109180489675e+00
1.035973938296442798e+00
1.012330205258650695e+00
1.019067489559714934e+00
1.045440961304074490e+00
1.048173923353593606e+00
1.061549832171583052e+00
1.048189264885101890e+00
1.040837303059656715e+00
1.049314648217821722e+00
1.034779549614089467e+00
1.074523174683573945e+00
1.058654182753983264e+00
1.055137282533634036e+00
1.012348853681995786e+00
1.024028281098745108e+00
1.020281514445335880e+00
1.012298624636330358e+00
9.829877117292460387e-01
9.908769667850200191e-01
1.021859699815210965e+00
1.051387367403428641e+00
1.057019977392010812e+00
1.049858135571448026e+00
1.011934175788634205e+00
1.020542859250324064e+00
9.404816836974696503e-01
9.933497536392794647e-01
1.005119002725710864e+00
1.012402840717885333e+00
1.011531452784823371e+00
9.867278470966541759e-01
9.535304772948560714e-01
9.832057816342625323e-01
9.645190487619542674e-01
9.756289794782277980e-01
9.780830345834533590e-01
9.611861202989898656e-01
9.708295429606693672e-01
9.843806804552933665e-01
1.011948152073485874e+00
1.020533124170826200e+00
1.030622750474029514e+00
9.962429478746953615e-01
9.841892687367079784e-01
9.702542863516497862e-01
9.588924310292357145e-01
9.501747734727136185e-01
9.427452586592495187e-01
1.017200365866310685e+00
1.010037603508120219e+00
9.625765188832403618e-01
9.181871641616912161e-01
9.941891266153218831e-01
1.047409907809264018e+00
9.871141608684996793e-01
9.276819774905826765e-01
9.581397444251941176e-01
9.635715398888193839e-01
9.702573752113666794e-01
9.397396312223240677e-01
9.956245733021074074e-01
9.885844903266749473e-01
9.600211667542444260e-01
9.679576707845674033e-01
9.746204267655700360e-01
9.590249586672883186e-01
9.382638007286079329e-01
9.891212701426516096e-01
1.006941785360197184e+00
9.848024425404122706e-01
9.723299512199612415e-01
9.433513647215301390e-01
9.500340145950425530e-01
9.128617024496014087e-01
9.503193300895509399e-01
9.290692338832936548e-01
9.975382171237097140e-01
1.042825307990965067e+00
1.026947266183032115e+00
9.585939818546070912e-01
9.359418644788516373e-01
9.228954494813363940e-01
9.467050697876348009e-01
9.633211770437193344e-01
9.621945867437365907e-01
9.387423754552105537e-01
9.720824011587234637e-01
9.313554850589227385e-01
9.149013837222560452e-01
9.631512068495208245e-01
9.926219670000345774e-01
9.861433942581974144e-01
1.005976556031602076e+00
9.651592674131244110e-01
9.430538386947777685e-01
9.626011144828071631e-01
9.790577198806176273e-01
9.973471391274356668e-01
1.002967720447762945e+00
9.862713381575287652e-01
9.440830877577230940e-01
9.462386363646180243e-01
9.778939465264200326e-01
9.820850140283589047e-01
9.299336675397850138e-01
9.049507993141100437e-01
9.420832170756828772e-01
9.869958996571760457e-01
9.287996728023013571e-01
9.309979805152273080e-01
9.272537179868537427e-01
