5.690943795753330425e-01
8.356080083866873620e-01
1.087015820773078234e+00
1.239997358513871051e+00
1.307412907645662870e+00
1.257951134473263677e+00
1.234257061712056958e+00
1.208338425731896537e+00
1.340302081837471349e+00
1.336245852380436361e+00
1.272131829749946430e+00
1.291367524609802642e+00
1.274103038208097338e+00
1.270140424736107221e+00
1.270015750765869145e+00
1.258573126064904679e+00
1.310046256106428109e+00
1.332120153719431155e+00
1.308241038750677987e+00
1.300920418897710817e+00
1.243772936719576450e+00
1.210529715733532408e+00
1.198708464587559197e+00
1.186579083774704335e+00
1.265349092399177255e+00
1.232892050377308424e+00
1.264517037912985531e+00
1.245756184765548058e+00
1.256073095497183933e+00
1.219503810285833101e+00
1.228084196441203702e+00
1.216141911150430355e+00
1.222357266648962160e+00
1.258297429760932395e+00
1.252935888126454289e+00
1.222800460444553705e+00
1.231608860453820453e+00
1.204427425261029194e+00
1.265118957637356489e+00
1.336019168708817650e+00
1.384303318231763003e+00
1.204174189093141223e+00
1.221484438707058029e+00
1.274862810728938367e+00
1.234460081911396889e+00
1.166095497611578491e+00
1.162120209793050529e+00
1.174164661266397625e+00
1.263698290957573800e+00
1.238274259995303606e+00
1.231714632775055884e+00
1.199972193247823782e+00
1.165210141953135325e+00
1.188088354725766571e+00
1.269093444095422907e+00
1.210509828432950741e+00
1.202683572016048474e+00
1.211465130242282084e+00
1.160616761408875597e+00
1.132088228230153870e+00
1.210230617624594718e+00
1.207586408666878164e+00
1.204819057400725590e+00
1.153849635798960716e+00
1.150600556607238145e+00
1.161479501209830012e+00
1.152919031144986839e+00
1.148480450222710170e+00
1.200128541366861867e+00
1.130826762795267726e+00
1.166403586241254287e+00
1.226661044500593212e+00
1.212750084845687137e+00
1.105302904102368311e+00
1.133743812037796284e+00
1.160189945359491048e+00
1.198935970289458197e+00
1.248034349607887838e+00
1.234393384657930692e+00
1.163266665793718957e+00
1.202404282516029932e+00
1.137914666988139478e+00
1.152223651575049246e+00
1.074363841487685045e+00
1.109730357700330350e+00
1.120231522980705385e+00
1.138125497669421726e+00
1.121099414054093746e+00
1.079622355335409178e+00
1.094885687064032442e+00
1.130897485800406610e+00
1.161588338527881348e+00
1.157573768136625603e+00
1.135828033284231653e+00
1.137476241969155533e+00
1.206046566972391432e+00
1.149521885700479418e+00
1.115452723117888567e+00
1.193634393064320287e+00
1.171655289797744359e+00
1.125304175917781979e+00
1.139252519105497852e+00
1.167715005542829143e+00
1.151107708499553572e+00
1.104647288762640178e+00
1.049561109558209804e+00
1.075047794570237025e+00
1.073888409505260100e+00
1.096038496467643730e+00
1.086888293380822823e+00
1.058057557976682217e+00
1.042420984665091144e+00
1.099886502752165818e+00
1.131799043293370888e+00
1.125124499642243148e+00
1.153680729104098468e+00
1.179794502579864846e+00
1.206092474476607057e+00
1.243281989093268480e+00
1.142298755806639088e+00
1.192145116884991696e+00
1.117888355906934583e+00
1.145050156489298310e+00
1.103620548170725746e+00
1.102726776013679189e+00
1.115924429506543136e+00
1.126691041121155035e+00
1.162105819351389568e+00
1.198198936391867253e+00
1.119015175332464196e+00
1.120297415596193336e+00
1.104258298946138250e+00
1.127289851714258884e+00
1.077275800448034726e+00
1.097276205732943044e+00
1.074222785100645394e+00
1.130884786216397986e+00
1.124919521481097417e+00
1.161453854302112898e+00
1.177539854057141122e+00
1.141278798909890480e+00
1.119584357000488195e+00
1.068660486469075632e+00
1.044069786044719894e+00
1.113304971391052112e+00
1.076698390678691553e+00
1.053963940818369638e+00
1.061320283893050220e+00
1.029722768627745477e+00
1.120641279911813726e+00
1.088829547815188592e+00
1.096528873378447067e+00
1.073776634543059272e+00
1.054600087580180867e+00
1.060937953954650625e+00
1.090526683423248544e+00
1.103996460165369120e+00
1.107568916449584551e+00
1.078579862064497741e+00
1.106504831369293562e+00
1.078132197656346936e+00
1.072688973612047736e+00
1.061706969253823463e+00
1.068938782018622247e+00
1.048488481576792530e+00
1.107364414033095157e+00
1.090868547902339225e+00
1.063203667585635559e+00
1.015016316725387391e+00
1.071079340962787674e+00
1.124303192457890788e+00
1.086463798824979454e+00
1.069905044977823128e+00
1.116189002480727721e+00
1.072354924430328094e+00
1.055592935920749431e+00
1.105828813164902780e+00
1.073587652348253929e+00
1.103491338967730995e+00
1.096525151281075861e+00
1.045069667869218177e+00
1.030059811192191255e+00
1.060508742143027705e+00
1.137990463842816435e+00
1.121625425515499819e+00
1.046713415881725728e+00
1.055326735310294195e+00
1.010930207144871362e+00
1.077247417297438226e+00
1.082771823821391255e+00
1.117397990575234479e+00
1.055536907762542720e+00
1.105519668131050404e+00
1.112347759849153350e+00
1.115430746115910310e+00
1.043942736374212643e+00
1.067178242155406132e+00
1.041679718467478200e+00
9.905261773058560149e-01
