5.563677404145654926e-01
8.298014322464611903e-01
9.568538187290855923e-01
1.085306605295596194e+00
1.114791320557023901e+00
1.061353700944859701e+00
1.173878153751827691e+00
1.208016606655465841e+00
1.178566495676399928e+00
1.114737252800112710e+00
1.155409279256552901e+00
1.117870651509797364e+00
1.107266734863997071e+00
1.103054033869107498e+00
1.066790950480315248e+00
1.034081579801179318e+00
1.116528001908325907e+00
1.121360092521203278e+00
1.114678694568502104e+00
1.155200270335270840e+00
1.152801171676094194e+00
1.155228511430929528e+00
1.122036666828762019e+00
1.146489634269852953e+00
1.130563211448476046e+00
1.102613939355331141e+00
1.124608250890779093e+00
1.120585730493863563e+00
1.129231526276334607e+00
1.101322587199616176e+00
1.065237830241324124e+00
1.024756144672137381e+00
1.024369871671255927e+00
1.024239146498947539e+00
1.046137009357964498e+00
1.098246590706352777e+00
1.178082679659553600e+00
1.124784640151396120e+00
1.097175238463837799e+00
1.089561309892176588e+00
1.098822512356033343e+00
1.092048306649477052e+00
1.068415886253612168e+00
1.043014185342951317e+00
1.056514845217425558e+00
1.070934221453748281e+00
1.041454828504132735e+00
1.030872438832356908e+00
1.034784600788559050e+00
1.078230368827700403e+00
1.137538231952653689e+00
1.130166371869497643e+00
1.128941804479126843e+00
1.041852191193871402e+00
1.082616469697681216e+00
1.047845908027973616e+00
1.074549724208432755e+00
1.027254612188871707e+00
1.015698400695632442e+00
9.988095456394965321e-01
1.037651908844784199e+00
1.049452640898609124e+00
1.057029686104927313e+00
1.089257964952191626e+00
1.113538026596465391e+00
1.080838949240297664e+00
1.091358198443316718e+00
1.091813433861151372e+00
1.049860996222622411e+00
1.047175382574884628e+00
1.113591566355966123e+00
1.053803199443011263e+00
1.069953771646358964e+00
1.072574930024843720e+00
1.026429340280558655e+00
9.799835333801781845e-01
1.072524837041223478e+00
1.028189656720559508e+00
1.010694392760264515e+00
1.060785977608534214e+00
1.070416125172322097e+00
1.031875497671363551e+00
1.046616870705406876e+00
1.015207665415852389e+00
1.016325338842186010e+00
1.029390105543273259e+00
1.051216519797010251e+00
1.027158972890492850e+00
1.019189427045563479e+00
1.009676622585090167e+00
1.016635117173013692e+00
1.032073233210952345e+00
1.026283994130441135e+00
1.044038170587925807e+00
1.029817544782778427e+00
1.031907025827770719e+00
1.077365780323712441e+00
1.014882135239015826e+00
1.023732833608237858e+00
1.015176963360876483e+00
1.024481253254767799e+00
1.053126291834082462e+00
1.027347601926254850e+00
9.675261336597671402e-01
1.008313232001741833e+00
9.745872111735327525e-01
1.000441627447598902e+00
9.975189572535771987e-01
1.006860805427881145e+00
9.838772662211802134e-01
1.067352599352960230e+00
1.095823887202335367e+00
1.051970927582582149e+00
9.813709203953676630e-01
1.012703396409025958e+00
9.937119916676280251e-01
1.030073940083623851e+00
9.760998504986673208e-01
1.019208677054964429e+00
1.009618953375601036e+00
9.957409023172124618e-01
1.012408059751349398e+00
9.795290924134613109e-01
9.834404319934069161e-01
9.624467506794099902e-01
9.632718772690708198e-01
9.772742664431927073e-01
9.889923751145651698e-01
1.009973330517240697e+00
1.010786991579966765e+00
1.023540974095631162e+00
1.012234209121158468e+00
1.014307234966781879e+00
1.024017875473130834e+00
1.030851812984542537e+00
9.898710943406039409e-01
1.039434993894683190e+00
9.692612088880235843e-01
9.855139540688226951e-01
1.039423674679240239e+00
1.102098921140901577e+00
1.038453473773029323e+00
1.039824798950010010e+00
9.966351864738103306e-01
1.027063541580438777e+00
9.690962451568926328e-01
9.640185880521123796e-01
9.998069987943832837e-01
1.014327447857906073e+00
9.805819799626456224e-01
1.000846259851226439e+00
9.636258747076220654e-01
9.793460685031525337e-01
1.056765825437361528e+00
1.004903455544453594e+00
1.010501680338139918e+00
9.806999948513871468e-01
1.035175508557502289e+00
1.009911162887442426e+00
9.886251069070268738e-01
9.911256053233713503e-01
9.527741244792988784e-01
9.679354070720013192e-01
9.917653547657921953e-01
9.473783849244865607e-01
9.760193586609187122e-01
1.001374842374019414e+00
1.032238174688564269e+00
1.024332442892768702e+00
9.895428608847512963e-01
9.785244551072487251e-01
9.861747573305877923e-01
9.779977266226773658e-01
1.035403540485168694e+00
9.796891635778612883e-01
9.956190400933714324e-01
9.640413316606067928e-01
9.537308100344610295e-01
9.826224534956469192e-01
9.591572244055202034e-01
9.800326969409859368e-01
9.798042127799645451e-01
1.037504278710432049e+00
1.025783909856950338e+00
1.028089748936182213e+00
9.902632199701023596e-01
9.694189579670847712e-01
9.425632110963095833e-01
9.180607989008290337e-01
9.470529235386591083e-01
9.221360909570167630e-01
9.585683099729213064e-01
1.010736256248433662e+00
9.886233325050188814e-01
1.010615961624495629e+00
9.954946564985464041e-01
9.358963222124735415e-01
9.198876365856220039e-01
1.002901317606037956e+00
