6.155157502545457460e-01
8.990436619661842377e-01
9.870424240125628135e-01
1.140164043901983115e+00
1.176476890207489356e+00
1.335938465205888548e+00
1.309885818684624725e+00
1.335075808645724615e+00
1.320992228947087677e+00
1.338218454130007506e+00
1.302853448698856553e+00
1.340501249863126354e+00
1.281430338846387906e+00
1.224401883265965774e+00
1.253876442524844759e+00
1.267106819839354026e+00
1.243986081997160875e+00
1.255342155136984994e+00
1.292865753611248003e+00
1.309407963512912554e+00
1.286530270367161277e+00
1.295769033826064787e+00
1.294837633580708802e+00
1.291932187123816078e+00
1.254945298904748707e+00
1.210472642834270918e+00
1.236959693973107344e+00
1.247828518533416808e+00
1.266308695374812832e+00
1.201405461287078147e+00
1.208513768541599198e+00
1.292688128649078561e+00
1.381987739566890694e+00
1.402544263366521937e+00
1.353202808012654357e+00
1.256185655887998465e+00
1.187263329083531938e+00
1.213465148419383022e+00
1.180154516165057954e+00
1.218495627750441512e+00
1.223507432249668847e+00
1.168968895524850504e+00
1.158903561419323269e+00
1.204880449851682078e+00
1.203567374521520517e+00
1.288331238594358163e+00
1.321838268597999910e+00
1.338200848357887329e+00
1.280089112347741587e+00
1.284967223663639579e+00
1.272131711180257252e+00
1.225530952252395389e+00
1.199983740558212775e+00
1.186787142362569325e+00
1.256078719887180339e+00
1.233672405551010653e+00
1.185386908075172885e+00
1.148566498697455307e+00
1.177182279485382121e+00
1.181477249741516466e+00
1.173598540143342195e+00
1.201101117905571058e+00
1.252958927816911094e+00
1.198822456647931967e+00
1.277576165519592521e+00
1.213932810982607968e+00
1.165388892650435659e+00
1.222552909089495543e+00
1.210439822998001347e+00
1.107987196413366293e+00
1.105284767391987444e+00
1.156050796589986662e+00
1.110093343737689198e+00
1.206381123143712264e+00
1.248588269247466354e+00
1.240035929900468181e+00
1.201937119716156799e+00
1.243421830336685519e+00
1.252803539411938782e+00
1.205834819779296962e+00
1.164094304314827744e+00
1.149750212145115080e+00
1.137867785565475520e+00
1.219110732996246949e+00
1.181166789029825859e+00
1.171995327032116396e+00
1.143734318327594535e+00
1.134077553988907194e+00
1.135548062290979043e+00
1.159205960779284839e+00
1.199669657533177336e+00
1.172280875392623933e+00
1.135825803173299287e+00
1.128086378053523964e+00
1.105586266424633868e+00
1.078174687117160913e+00
1.104879275916167858e+00
1.106190357861908113e+00
1.212276317010678506e+00
1.183491218953592883e+00
1.156676214500029554e+00
1.177623063660819591e+00
1.176055587187936347e+00
1.163389076210456619e+00
1.125454243538828170e+00
1.142348115155539467e+00
1.092594394656469126e+00
1.097073917486770966e+00
1.095854129082318940e+00
1.108141444163129430e+00
1.105817363371782935e+00
1.148912756141744262e+00
1.152867887585946383e+00
1.118342353405690437e+00
1.130435474041367572e+00
1.141117109963126541e+00
1.120395711059891442e+00
1.117322896157673329e+00
1.108366151025270030e+00
1.116080207080813569e+00
1.159728862596278498e+00
1.167266593589983303e+00
1.121882675849629418e+00
1.124800334837877447e+00
1.106473563768449075e+00
1.057293383208664617e+00
1.092171900284166997e+00
1.158882640094157201e+00
1.110419870097407502e+00
1.061763697175306387e+00
1.013829759169172950e+00
1.131615262656852083e+00
1.132437446365704758e+00
1.130078174395361401e+00
1.116362505702617636e+00
1.113867882932989328e+00
1.135258342719253744e+00
1.121099414165910746e+00
1.085309123614509152e+00
1.081242424599109020e+00
1.110889388471227868e+00
1.112626352459813006e+00
1.202162278884887137e+00
1.139624097591181773e+00
1.088767507643115140e+00
1.083667833754199394e+00
1.120235180995755808e+00
1.082104496529810334e+00
1.115271516607718283e+00
1.154005661748758627e+00
1.187648153910792148e+00
1.182103831199191601e+00
1.047637546615964421e+00
1.095710529014020107e+00
1.085627099508824633e+00
1.114068746394567766e+00
1.090350287006879304e+00
1.119255434676373451e+00
1.129665184447966597e+00
1.150915619296726478e+00
1.070573209055510899e+00
1.112364896030140660e+00
1.080748562265330337e+00
1.077302480929397177e+00
1.117724550685286200e+00
1.111830403328014860e+00
1.066069378088375874e+00
1.048983117208556637e+00
1.140737970324616768e+00
1.079101477915183516e+00
1.088846912798216549e+00
1.149935524064841896e+00
1.141998158276496422e+00
1.080530627798677479e+00
1.106718989140991649e+00
1.087634251097189697e+00
1.106601558059557400e+00
1.107613223295884630e+00
1.109977490496127706e+00
1.074314454722908874e+00
1.157848886669019528e+00
1.117202989379188605e+00
1.049159169588828711e+00
1.080496376328622610e+00
1.059012434961424498e+00
1.153384253747142818e+00
1.135675666744887957e+00
1.139304806310488249e+00
1.153534751382904622e+00
1.068008807611094957e+00
1.073407801085174640e+00
1.064398292229079335e+00
1.089097787439598841e+00
1.064114485193429882e+00
1.073785653183078503e+00
1.099608610579691614e+00
1.090435398052011839e+00
1.206674149587744882e+00
1.170244140557813006e+00
