4.283790397045151299e-01
8.378173003442843658e-01
1.004684802104040209e+00
1.189206546568494005e+00
1.238266507858010179e+00
1.257885218112066550e+00
1.205206692959229109e+00
1.145214815883244475e+00
1.075349500226315591e+00
1.118351103822234460e+00
1.141259109150367657e+00
1.206789330071761146e+00
1.236068186645495670e+00
1.174966921966018152e+00
1.140224957206552370e+00
1.187390177102921607e+00
1.185512536730583877e+00
1.143650257283965743e+00
1.165767400377660801e+00
1.204381818142344240e+00
1.226457759560263483e+00
1.160068194100540406e+00
1.148541093323482754e+00
1.156153784894952352e+00
1.147996334440247290e+00
1.149022900779936407e+00
1.144685268586641547e+00
1.146460493127403835e+00
1.211634624012058348e+00
1.126447424872275560e+00
1.111889319706764745e+00
1.122466153467254646e+00
1.172655491031171282e+00
1.167827199607981425e+00
1.196030153807908336e+00
1.138560124447046462e+00
1.173684061488325048e+00
1.151340204182217386e+00
1.137285073433147442e+00
1.165674484573798519e+00
1.168676408957023183e+00
1.140937153240864088e+00
1.167075579890347381e+00
1.197509068216028760e+00
1.126612090412683065e+00
1.078813316431755931e+00
1.130124870632426504e+00
1.147738751851052452e+00
1.146960798578863683e+00
1.157649391232661085e+00
1.170154140549440447e+00
1.148495151931141933e+00
1.120927863473578423e+00
1.079559874128028785e+00
1.090450488591466094e+00
1.037421054825952593e+00
1.033968955001032919e+00
1.092347634342200280e+00
1.072814103650673090e+00
1.059047693711890448e+00
1.130122389420371132e+00
1.156831057993659373e+00
1.147960787883972600e+00
1.077272598080899702e+00
1.087483407959998649e+00
1.053562728186015374e+00
1.133844187216050070e+00
1.116308940637275038e+00
1.177271229967427280e+00
1.174726001358875171e+00
1.097811098302934552e+00
1.068931042322112779e+00
1.118177705668962796e+00
1.115925739922947635e+00
1.167005829422495200e+00
1.175960649404386160e+00
1.130341382001594175e+00
1.134201556227707686e+00
1.134276062998895940e+00
1.099037140272019153e+00
1.139048147184411164e+00
1.085293929725137163e+00
1.160681287997872069e+00
1.158278211249678336e+00
1.122942914318364904e+00
1.072079407225442260e+00
1.116471021669010799e+00
1.113374534571540009e+00
1.120009683998141492e+00
1.113522824049725246e+00
1.129261586682586582e+00
1.122975869552506500e+00
1.109489450529961063e+00
1.151301868843218834e+00
1.167892216371896552e+00
1.051337722764731364e+00
1.048315217127814725e+00
1.040171128765950304e+00
1.038546290955483453e+00
1.059318335146981926e+00
1.039355444023169150e+00
1.065988710372966164e+00
1.063888809488763076e+00
1.048429327704209824e+00
1.086214268677757611e+00
1.118949033673447779e+00
1.111677790101189167e+00
1.065305747244074119e+00
1.147959639873045834e+00
1.085258775769799344e+00
1.151148537691385476e+00
1.107591077661669532e+00
1.101524488604834762e+00
1.008786863515963805e+00
1.073484223920236458e+00
1.077438448764879819e+00
1.071712454794154779e+00
1.027474798956919066e+00
1.062827340548818222e+00
1.052131031558429353e+00
1.105204211115182966e+00
1.106496885953913711e+00
1.138214082345920364e+00
1.079128110031169374e+00
1.089030659016274827e+00
1.109050670661903215e+00
1.049929545148144960e+00
1.006833015978610302e+00
1.038924868915457989e+00
1.029076713625767470e+00
1.052726214770450586e+00
1.025912607529199327e+00
1.028769496340477430e+00
1.012311322318188767e+00
1.028633825822178105e+00
1.038288657514346625e+00
1.015736577558934206e+00
9.993519483597299580e-01
1.110235410817418389e+00
1.072406556095784058e+00
1.096183721584209403e+00
1.098997099165639479e+00
1.064522454138937535e+00
1.095493646014593425e+00
1.063211610909041038e+00
1.070055781799062133e+00
1.011312713882839498e+00
1.049559031392480524e+00
1.045236998551718477e+00
1.001272833255876460e+00
1.068810970939664484e+00
1.016638823372156830e+00
1.002047910440396761e+00
9.648030269199396880e-01
1.004464093669300784e+00
1.016956794935186981e+00
1.050069115829908029e+00
1.022062941201759001e+00
1.006886861734763716e+00
9.853624074334735861e-01
9.779225041415458008e-01
9.691473405931592122e-01
1.015449026021204570e+00
1.064334167766530337e+00
1.071186055777151314e+00
9.903318967728110822e-01
1.030272304742615663e+00
1.056910618463554385e+00
1.049065320779793531e+00
1.053895822665017246e+00
1.090390381644140039e+00
1.087722143968099964e+00
1.046588064279516228e+00
9.669673049010695243e-01
9.988854509270169713e-01
1.025625799665857096e+00
1.058060889350482148e+00
1.056743551710168649e+00
1.060694234708636552e+00
1.004386739587693533e+00
1.007810737897484987e+00
1.009098892033717831e+00
1.078494987804207161e+00
1.019851073387157303e+00
1.016506537083377237e+00
1.005074502965721983e+00
1.000335778101626660e+00
1.006627503088460163e+00
9.858089126823338377e-01
9.384453884516804623e-01
9.419009564368991949e-01
9.739929610260222859e-01
9.801116036476612559e-01
9.288414454372282414e-01
9.831664997457962851e-01
9.763816148774177028e-01
9.330113308320671095e-01
9.707314816031835658e-01
9.797445042357388889e-01
