3.402956720913006827e-01
7.952739447711758558e-01
9.892083535407811823e-01
1.197172787996299892e+00
1.253213786037705946e+00
1.240822079062976258e+00
1.247827116897372912e+00
1.244109098498581201e+00
1.204220723535925686e+00
1.179706859191148594e+00
1.211330511374494767e+00
1.207005258658056190e+00
1.167184980472408595e+00
1.175472556991838946e+00
1.146055019932222141e+00
1.219987448323005541e+00
1.162069223339219581e+00
1.145646363868371598e+00
1.203904527795593982e+00
1.236557948143900854e+00
1.276531972439400198e+00
1.252951474395570308e+00
1.199538561303288953e+00
1.218691813080862385e+00
1.176465551858214109e+00
1.208512264858982332e+00
1.150450904676578290e+00
1.126553872864303640e+00
1.206842239736061861e+00
1.134395587441102027e+00
1.173828572153371219e+00
1.225297224087018799e+00
1.203924788643724098e+00
1.242398835634140886e+00
1.249792021064433323e+00
1.220161035795225724e+00
1.151193694249464050e+00
1.135254696913613914e+00
1.219524547211011667e+00
1.193708159315966189e+00
1.170914041720263477e+00
1.164657382272650921e+00
1.170726806550340893e+00
1.146926153583796681e+00
1.203234121410519775e+00
1.221165162974570562e+00
1.203859543270825672e+00
1.278835320754290183e+00
1.286512722710470902e+00
1.170008607161483249e+00
1.129145283649189313e+00
1.097281324823520254e+00
1.086833765782945216e+00
1.118555273273212913e+00
1.114714210086521495e+00
1.094457339827999087e+00
1.153089662297051454e+00
1.190093922888439071e+00
1.198557111738421721e+00
1.146390677009032855e+00
1.122419835798534216e+00
1.119841875740076098e+00
1.128598262011576425e+00
1.096938834651094874e+00
1.121806146300639684e+00
1.153010318361366249e+00
1.095285393766824766e+00
1.082632655990637849e+00
1.132467258859156889e+00
1.070325029655134763e+00
1.050345986878723048e+00
1.069703493577567777e+00
1.111039457526127761e+00
1.105389838144931636e+00
1.069960100392066682e+00
1.084532205479925127e+00
1.087105932560213484e+00
1.158594855885745512e+00
1.132132091929210382e+00
1.081225077894953257e+00
1.141139763065845969e+00
1.185523459191384354e+00
1.220043804734579851e+00
1.128122284302173206e+00
1.107079084722619511e+00
1.114469509186269525e+00
1.138256750116325211e+00
1.154509580857957296e+00
1.115809069458324254e+00
1.122618705239694314e+00
1.072931446841216108e+00
1.050294742850883534e+00
1.098619618760841243e+00
1.106311487916743497e+00
1.150521779521637145e+00
1.088632725141719160e+00
1.087012699793825643e+00
1.096931226608636845e+00
1.100558440830482265e+00
1.084692350787179294e+00
1.080659898849079870e+00
1.080960157964965918e+00
1.024982844763072887e+00
1.013171503597364298e+00
1.043796521714194236e+00
1.033086358173407104e+00
1.020825866064101195e+00
1.063031350975150779e+00
1.057069195351781898e+00
1.067631929421575920e+00
1.074811686591865989e+00
1.054667255463216824e+00
1.103632469627604973e+00
1.101327716915296850e+00
1.102350413183482702e+00
1.142748965158316921e+00
1.097941570826728386e+00
1.068700821904338794e+00
1.073640926329057166e+00
1.064215568040487891e+00
1.088230994907728011e+00
1.113173819357382577e+00
1.126162322559502549e+00
1.061379384491004885e+00
1.042451414419401923e+00
1.004072769611196403e+00
1.054644972117273261e+00
1.025542462562031742e+00
1.076346102883941169e+00
1.083675817790233920e+00
1.058485954020564890e+00
1.051690937909054879e+00
1.083204765092502075e+00
1.035536925078412995e+00
1.093119875682309727e+00
1.045251175566334734e+00
1.051895094871178937e+00
1.054610138891806104e+00
1.057116859223058203e+00
1.020904677324818488e+00
1.071198108520967196e+00
1.072670600847302813e+00
1.064166520421251594e+00
1.034113628851449862e+00
1.079229319145495802e+00
1.027646220694098389e+00
1.044519128172116229e+00
1.061223921083070953e+00
1.097806173873965951e+00
1.064093669473765491e+00
1.069101557897335297e+00
1.027815446139978439e+00
1.033487347183970728e+00
1.055095388946226898e+00
1.061748965857632454e+00
1.019359871220827607e+00
1.002552277165312811e+00
1.032199975519247692e+00
9.959159030447564120e-01
1.006738323913120681e+00
1.029174199560991543e+00
9.902955830452724317e-01
1.046923368132024912e+00
1.049100823248809489e+00
1.075462432007555869e+00
1.064631353004441561e+00
1.060846664846014420e+00
1.000514825748845427e+00
1.051905123971179190e+00
1.027362374405730305e+00
9.874104821545722777e-01
1.001989456108023369e+00
1.001968660690922164e+00
1.009767961943893511e+00
1.044935922868560851e+00
9.991660953919141441e-01
1.027367427910074626e+00
1.094169382065750318e+00
1.077699289631711244e+00
1.023922690392149448e+00
1.026147914187883980e+00
9.971861602107950917e-01
1.052004893554048914e+00
1.052840886292753186e+00
1.078661069983787524e+00
1.044681367323629706e+00
1.008176049114908102e+00
9.837468506414355218e-01
1.141731474705484306e+00
1.052859805455218956e+00
1.056843277782964829e+00
1.039109482670648621e+00
1.061685069953443694e+00
1.051468859458222438e+00
1.023396946120104012e+00
9.918563507789299738e-01
9.829579174703557687e-01
9.653898675947351071e-01
9.809996204515515350e-01
