5.851523162500693598e-01
9.090073707284451743e-01
1.117405578013463963e+00
1.243461658254301661e+00
1.238988790635459525e+00
1.216782450649626979e+00
1.240585958890997986e+00
1.227463227096100340e+00
1.239842074342907496e+00
1.210380509905497171e+00
1.253825822745785468e+00
1.280379417480209892e+00
1.352199405863107051e+00
1.262895606252511627e+00
1.303129788898261143e+00
1.252872920689195757e+00
1.289234320316046123e+00
1.289277446536413185e+00
1.329970128894898629e+00
1.294000741121491549e+00
1.317849966326016364e+00
1.279117996256731171e+00
1.308106008823847644e+00
1.328339379321036740e+00
1.276568267056935824e+00
1.245963533825347413e+00
1.251628352835536528e+00
1.228031688223304663e+00
1.273041488982434855e+00
1.286504782277460901e+00
1.333229647106189963e+00
1.275985241775857260e+00
1.321511596179402170e+00
1.319005642883530616e+00
1.313760637056071490e+00
1.369195322169036944e+00
1.251634743941941963e+00
1.230953273553450522e+00
1.202341975464007229e+00
1.202829515499153068e+00
1.248466208461375127e+00
1.319090332557272260e+00
1.310471482673995380e+00
1.230080456010457235e+00
1.247173619221819685e+00
1.204619147977720184e+00
1.307116482075034281e+00
1.240660017491811429e+00
1.192558178737235908e+00
1.193162575154159910e+00
1.274730044801691609e+00
1.247934840360347852e+00
1.224728686848153281e+00
1.186248942109412896e+00
1.211829637974153995e+00
1.196323592282623416e+00
1.276999580424463154e+00
1.257048299362279353e+00
1.270107573030941683e+00
1.164962067494302644e+00
1.154123139622138972e+00
1.146297034684953253e+00
1.149400636442559520e+00
1.200927436234356271e+00
1.215578992179330298e+00
1.164162352872628592e+00
1.204465896158432692e+00
1.233209638521621132e+00
1.227168562613703662e+00
1.167300126207811095e+00
1.160734649024374399e+00
1.188988619381589951e+00
1.226704177370915527e+00
1.284507143010365837e+00
1.289860118474182249e+00
1.210952680953722549e+00
1.205922308445114055e+00
1.163306788713029283e+00
1.230564018550972083e+00
1.188593450858653533e+00
1.232355448967717093e+00
1.206931531628921750e+00
1.184761796475493290e+00
1.128394497001276919e+00
1.166662183834780375e+00
1.081199946201988782e+00
1.141261232815673488e+00
1.163273368288018750e+00
1.109630264581492831e+00
1.157682051543445612e+00
1.203671929314050093e+00
1.228260064077852931e+00
1.196762043363742700e+00
1.227739181338214580e+00
1.197316893570084417e+00
1.197007164249448419e+00
1.173078992163786971e+00
1.188670239221194747e+00
1.167974668856510023e+00
1.164406030238477552e+00
1.155637053899230660e+00
1.107167474615685654e+00
1.140362595908107179e+00
1.170146020264427156e+00
1.166833823034730155e+00
1.159022613874282515e+00
1.162476951737212216e+00
1.147816360035214922e+00
1.214298864071446049e+00
1.186334556063073364e+00
1.215769006787816631e+00
1.222681619338473524e+00
1.186341851797700464e+00
1.147348231505696425e+00
1.145894588499019706e+00
1.153859342076722694e+00
1.133324559740898074e+00
1.120000756065656633e+00
1.142675236090408220e+00
1.137495565062738301e+00
1.155278515539583495e+00
1.130967713070217595e+00
1.181311660898817451e+00
1.145697771543474630e+00
1.160337342034398755e+00
1.163210811322297644e+00
1.130536327412586584e+00
1.084091750800582732e+00
1.106668923460480514e+00
1.158511276392359290e+00
1.220642221808841743e+00
1.180980385210415484e+00
1.192000666998562108e+00
1.182005587927048573e+00
1.249686396262574162e+00
1.200566050042700006e+00
1.154237224637282289e+00
1.135633186445449860e+00
1.180436359838348492e+00
1.144758263780880858e+00
1.107402280343154022e+00
1.122400582382893752e+00
1.139808719858887320e+00
1.075876104964370805e+00
1.149040326969039238e+00
1.143499835822059829e+00
1.159413910758538613e+00
1.154335523808451169e+00
1.141604026512981429e+00
1.186419093832399296e+00
1.174777220480894835e+00
1.171660100390336190e+00
1.114590353419471436e+00
1.073795289026105326e+00
1.075023001220466456e+00
1.084550188063728271e+00
1.105124852966073101e+00
1.085446980150660101e+00
1.139744168229291033e+00
1.128944879593459572e+00
1.113485938059676883e+00
1.072607037102741856e+00
1.096727973494602715e+00
1.062955874689084590e+00
1.118874607841921831e+00
1.128700387025970420e+00
1.160591915754080272e+00
1.059919751535449040e+00
1.095258190717685709e+00
1.104389861284346575e+00
1.163079695343955944e+00
1.031677546447999028e+00
1.105247836186077137e+00
1.115539812688497223e+00
1.106701976553782441e+00
1.075767850293332994e+00
1.055666106099585333e+00
1.066421737354007249e+00
1.119067796498076417e+00
1.086536147865708735e+00
1.113453097472499875e+00
1.107933290024666118e+00
1.108222444400242868e+00
1.100272339517078146e+00
1.061990850958442145e+00
1.095994245441999304e+00
1.052074467906094268e+00
1.082273473271213593e+00
1.132745646815837892e+00
1.132174898015707587e+00
1.086549172660254747e+00
1.076799146060214207e+00
1.113081691818853969e+00
1.040484649275363216e+00
1.142119547485730413e+00
1.086007195877009002e+00
1.140607880737758428e+00
1.064004598719633155e+00
1.052726598223949761e+00
