4.813717415076436690e-01
7.963545224778344478e-01
1.049052817949313710e+00
1.228382655686940383e+00
1.233754302918091961e+00
1.283064981580873010e+00
1.175104319045835677e+00
1.217246430649057798e+00
1.174995383879942290e+00
1.205510151974613642e+00
1.275120447243262012e+00
1.287492985572581849e+00
1.234400092574029495e+00
1.226519865309845692e+00
1.203403355617655102e+00
1.267555522888679675e+00
1.274979839411053195e+00
1.215774259866237328e+00
1.200921108875404819e+00
1.185755590592347364e+00
1.188834968026035055e+00
1.121466668650611176e+00
1.159331416290142691e+00
1.197937028978171004e+00
1.230567115555156299e+00
1.197824278785627250e+00
1.230582101720278931e+00
1.224427253766865453e+00
1.226342173760672116e+00
1.229039523679494428e+00
1.191950747522145138e+00
1.262236882928857273e+00
1.285342882530033037e+00
1.219680533269535072e+00
1.171856711835179254e+00
1.191958233572514514e+00
1.189672186119452579e+00
1.197246053247615460e+00
1.173452441543646918e+00
1.196342235801200360e+00
1.166914249777067480e+00
1.185476241513925721e+00
1.158531918449323461e+00
1.154458533918232499e+00
1.172455799761013440e+00
1.196654799094762467e+00
1.169937736877956214e+00
1.132482234362321760e+00
1.123744872033882514e+00
1.136990363400683490e+00
1.172551306119169912e+00
1.213771943731279057e+00
1.190418504496437491e+00
1.177522491854440467e+00
1.181869712844347386e+00
1.166081743092365564e+00
1.196287601588903682e+00
1.221124354856637284e+00
1.198804769655599234e+00
1.162331736552900008e+00
1.174484479907659251e+00
1.198711192195002218e+00
1.177895980715860214e+00
1.127871319083143087e+00
1.128248946979863110e+00
1.140373675615251825e+00
1.162349583755978077e+00
1.135650018866400046e+00
1.135913727562081421e+00
1.175878941556524060e+00
1.198202062135186763e+00
1.194992917869160953e+00
1.210203322785204261e+00
1.221195413665960405e+00
1.202956724218527951e+00
1.122708988697896926e+00
1.122308062863291100e+00
1.087346368684163789e+00
1.113737054097560408e+00
1.127833378993527313e+00
1.121362931688673736e+00
1.138633615065081095e+00
1.137305166639228871e+00
1.097108787483129566e+00
1.097939841775892544e+00
1.064808349636139573e+00
1.102671777667542763e+00
1.134111185780569464e+00
1.174450211144506762e+00
1.143885033235360282e+00
1.110793583550726105e+00
1.075892538906771723e+00
1.095957896628760642e+00
1.113796205271550877e+00
1.128456357843227176e+00
1.109776979354053061e+00
1.098783462551345291e+00
1.102307257207386204e+00
1.092901070534035624e+00
1.095636545533590134e+00
1.177438188679052367e+00
1.128977841106054480e+00
1.157288183019235639e+00
1.119706235188904442e+00
1.107943931930208903e+00
1.091067591166193118e+00
1.106926330969548955e+00
1.095782960560719221e+00
1.145338727856058947e+00
1.130609998113101700e+00
1.147492309509322794e+00
1.109842076545240364e+00
1.111919424680086310e+00
1.100021997347172320e+00
1.101325783213382925e+00
1.113713888423111475e+00
1.081817461580433237e+00
1.129224881435265226e+00
1.086828241537265205e+00
1.119924174956225427e+00
1.129347205979998714e+00
1.069411674065362083e+00
1.105363511494341644e+00
1.079920460857877851e+00
1.089456824347176500e+00
1.100582775959336290e+00
1.156538316453036064e+00
1.082236522302304715e+00
1.152980861767129106e+00
1.120838888946764422e+00
1.059699000236069333e+00
1.054755326123115067e+00
1.066695873844560438e+00
1.084224824848015301e+00
1.069938195176908469e+00
1.023729409476855201e+00
1.061573592638967112e+00
1.060453765896862910e+00
1.057726867155288186e+00
1.050501769990271894e+00
1.101693569341860357e+00
1.079645683483202445e+00
1.073098103968113337e+00
1.107756647327093447e+00
1.178616814945229629e+00
1.148886466131518125e+00
1.145350064317565142e+00
1.067185594249731917e+00
1.059447336793175598e+00
1.035621317991004320e+00
1.139852614735459513e+00
1.097567031479097288e+00
1.076117683920593482e+00
1.098693277185969430e+00
1.028106042414682619e+00
1.061083314489059015e+00
1.073882047829514574e+00
1.060628389568506025e+00
1.044925849606885837e+00
1.053405093796956349e+00
1.096174169119398023e+00
1.046605808511827940e+00
1.110037091103258211e+00
1.049933411481258849e+00
1.064115356550716207e+00
1.090389001654852530e+00
1.167980864783559891e+00
1.073617200027204399e+00
1.031434264817651103e+00
1.009904274500034616e+00
1.069004442001495025e+00
1.032322266004612077e+00
1.050728285902058357e+00
1.047108976508384748e+00
1.045518222705017042e+00
1.083357833211750165e+00
1.069049529620196726e+00
1.047756704595929511e+00
1.036744555343058094e+00
1.021008478811099573e+00
1.082680328122134661e+00
1.034091373860415830e+00
1.005297599659161323e+00
1.004223657905083833e+00
1.049073161236527607e+00
1.044333501682944032e+00
1.032132742025491101e+00
1.005017671505299415e+00
1.053675491369547412e+00
9.878462706723413200e-01
1.055116589109487357e+00
1.044108126319434282e+00
1.059929840169694160e+00
1.066310846466209217e+00
1.087560738843290631e+00
1.011007866963025137e+00
9.943995986679853294e-01
1.045121739023911811e+00
1.043942650992309762e+00
