5.462616231378740750e-01
7.276486179242476204e-01
8.515324474033771907e-01
1.083263744731639333e+00
1.176778708827778130e+00
1.140365722277764116e+00
1.142336849610047000e+00
1.102684835364695193e+00
1.124272047699202304e+00
1.069815919611158517e+00
1.068033620976532205e+00
1.073677094332706305e+00
1.110704909313002586e+00
1.127445073497329364e+00
1.134229769835845669e+00
1.129316246747389618e+00
1.109322415055050470e+00
1.065930132016308596e+00
1.092444311663735679e+00
1.090908174062290792e+00
1.093354282763583818e+00
1.065796373585855550e+00
1.018621883952200546e+00
1.044240808382683960e+00
1.077184109111482213e+00
1.090496415651489359e+00
1.125642984561491033e+00
1.063272057231454237e+00
1.077544843284421017e+00
1.047758672766408772e+00
1.100552500581686299e+00
1.161557638007421289e+00
1.102925453271744738e+00
1.073187542794753480e+00
1.134857022798158699e+00
1.081198098872960367e+00
1.011801489143817179e+00
1.023285151267025350e+00
1.063264435880607151e+00
1.087723968532697372e+00
1.134043690859755316e+00
1.142764034768406489e+00
1.154225749110983967e+00
1.119884936941298204e+00
1.109199114566865152e+00
1.014576748776430781e+00
1.022767736682458128e+00
1.013631712815846075e+00
1.042139328491879846e+00
1.033258876016820205e+00
1.007948055378532048e+00
1.028726690374750508e+00
1.013262662973819728e+00
9.857174806621572527e-01
9.955711456559254158e-01
1.009160139063127293e+00
1.035742781287342540e+00
1.075100364899589156e+00
1.060066358978331680e+00
1.004174602039435760e+00
1.052293223626566743e+00
1.096310657585036541e+00
1.111341537462747775e+00
1.084808885813223656e+00
1.031592321812969226e+00
1.006988925554579861e+00
9.909612718041405088e-01
1.053254021268823060e+00
1.003970016740765692e+00
9.820321569992297439e-01
1.008967485380793283e+00
1.004643901334863143e+00
1.026118448312314246e+00
1.025075903326383653e+00
9.985153624863253308e-01
9.846332431519452255e-01
9.808378392090161269e-01
9.962054600287704176e-01
1.024109394929886951e+00
9.723987106488322096e-01
9.943040924025048355e-01
9.507537558756091745e-01
9.222515858005148059e-01
9.740835360699854339e-01
9.665387614737406263e-01
9.937560061787207299e-01
1.015976175598960252e+00
1.009740181584525720e+00
9.923562926994929922e-01
1.006694860680345860e+00
9.635012697542212345e-01
9.678441131098447503e-01
9.741038947796931691e-01
1.010238695305470280e+00
1.027318772686712123e+00
9.790438871498313711e-01
9.795270906772768349e-01
9.761391311827223305e-01
9.569127698235232460e-01
9.517377223363668870e-01
9.438082482345437896e-01
9.643430962482008040e-01
1.001713902014770730e+00
9.868534699130310228e-01
9.962033186850218769e-01
9.759971780416594189e-01
1.018063925046464702e+00
9.911597770385131012e-01
9.744943893841000460e-01
9.544502590624834859e-01
9.800995083605784641e-01
9.353155720985211197e-01
9.685328173795364481e-01
9.740033091898684381e-01
9.711842568633594075e-01
9.729758946177476941e-01
9.210411213887526038e-01
9.488688702775712747e-01
9.384727454857877404e-01
9.345714515116776422e-01
9.018301200774191395e-01
9.325808282965878382e-01
9.380903011416669157e-01
9.361163349439375336e-01
9.485930444088316316e-01
9.227963392039260082e-01
9.334350442690405592e-01
9.802718418627694996e-01
1.008307336747340743e+00
9.976019305102147294e-01
9.682982582433020680e-01
9.335895056852080431e-01
9.339783712516340763e-01
9.039346652835011930e-01
9.020101902064162624e-01
9.438422365322826080e-01
9.757620006969771609e-01
9.636816890946636738e-01
9.319495553751928618e-01
9.401484941134724549e-01
9.821760125470782032e-01
9.817191143934476116e-01
9.880530660180655289e-01
9.508233398048169249e-01
9.451209846368252565e-01
9.271972028205055505e-01
9.077039484838631545e-01
9.633675880297259964e-01
9.593676685361195444e-01
9.824361468736585445e-01
9.761133766758841590e-01
9.404923302631238435e-01
9.231606469784203739e-01
9.301246804377696353e-01
9.175881297106439627e-01
9.061215774393169831e-01
9.172493421159712002e-01
8.971188992034452303e-01
9.244486391767142708e-01
9.261420483440050422e-01
9.646172081837137702e-01
9.163885871817823991e-01
9.437181801869054532e-01
9.529346004234614531e-01
9.544403516829718104e-01
9.729433043555136829e-01
9.947839539323677371e-01
1.020925417232130039e+00
9.315976538241027560e-01
9.056151321329944937e-01
8.948687593656508010e-01
8.988748884893673630e-01
8.673762579596773215e-01
8.801632959006189250e-01
9.522550600177556168e-01
9.540116915380670859e-01
9.703231606003326348e-01
1.027603338912393971e+00
9.710937029003161580e-01
9.137318091092422323e-01
9.472931871030013662e-01
8.931267475360656904e-01
9.139705461209568504e-01
9.536412671430349874e-01
9.505546366575347017e-01
9.110844191669855707e-01
9.335776495548959719e-01
8.966158231353731356e-01
9.614967878636405674e-01
8.958198112329083251e-01
8.839153544527883488e-01
8.783938638319380710e-01
8.969895745582557867e-01
8.988672055024344854e-01
9.287254056603716501e-01
9.093741264548239611e-01
9.237349558277523354e-01
8.859973508711481704e-01
9.093716381999442655e-01
