5.402899919712185195e-01
7.941184924798682099e-01
9.996799710815552631e-01
1.178648616548569894e+00
1.264971285889189279e+00
1.241087767334241532e+00
1.187071526753093131e+00
1.262145815192959875e+00
1.227037169995032206e+00
1.185920455979628363e+00
1.197743783127390937e+00
1.180699151260781621e+00
1.166202928404584505e+00
1.229986129935370487e+00
1.264884019084216327e+00
1.207232429056476875e+00
1.182464599169286590e+00
1.211631125665112219e+00
1.190962505883707001e+00
1.119877770325729882e+00
1.182325836619070536e+00
1.257267184649730973e+00
1.224139857447304136e+00
1.218983572950591565e+00
1.192187588527128472e+00
1.160778194937224672e+00
1.195136197625910279e+00
1.223734286561559692e+00
1.190953950395244432e+00
1.133504841266590235e+00
1.171655139302773874e+00
1.170463072892895529e+00
1.102933217903711238e+00
1.177714019015207780e+00
1.237315957217071549e+00
1.229717189838723801e+00
1.241341690753011706e+00
1.209993063783143086e+00
1.168033873489395802e+00
1.178153157100034321e+00
1.142066739862221514e+00
1.166604744092094359e+00
1.143534392071873018e+00
1.171484267040999283e+00
1.245112044457526546e+00
1.230921046510431882e+00
1.164494184935976007e+00
1.199959857275385344e+00
1.176118207141114258e+00
1.204714621393792262e+00
1.160869967493365573e+00
1.160828827021783471e+00
1.168406936414682296e+00
1.157240474285183396e+00
1.095932973099434715e+00
1.055971699160712651e+00
1.064690805243390104e+00
1.105683928640748270e+00
1.160649806761876235e+00
1.112976052813775318e+00
1.169618978037380908e+00
1.084741252116548260e+00
1.098813807387125197e+00
1.129866308829501564e+00
1.226858702133286849e+00
1.199602275610633484e+00
1.220923362120432065e+00
1.225731933596653889e+00
1.201491977017845159e+00
1.128195588780420699e+00
1.182184589537294217e+00
1.142041814853269832e+00
1.154392407126495712e+00
1.121632360535919970e+00
1.092097253697879689e+00
1.076993656528795862e+00
1.103502293358421982e+00
1.092959793895261766e+00
1.101693318328719196e+00
1.130536142363315122e+00
1.111074906151581665e+00
1.112375182174879296e+00
1.091367869512930966e+00
1.143669322834861779e+00
1.136271008300681729e+00
1.169642020126321347e+00
1.155605155311445476e+00
1.147348126960792580e+00
1.090508543496422122e+00
1.026175060536917316e+00
1.040710811905552369e+00
1.066346910878200882e+00
1.106368439255123848e+00
1.092840288869897147e+00
1.135842469004608946e+00
1.082488517497541158e+00
1.101396415257807737e+00
1.069375819158460805e+00
1.105258145408960946e+00
1.052573446440601357e+00
1.029499139493176063e+00
1.075010481782395111e+00
1.106565153166602089e+00
1.113353588954636875e+00
1.092924211774975118e+00
1.085291534440769423e+00
1.151367014491585516e+00
1.124994175555765308e+00
1.132705070235334954e+00
1.091844639254101246e+00
1.081699544057838525e+00
1.057056665625189851e+00
1.111880883792384589e+00
1.036595596872071257e+00
1.084707749589061576e+00
1.121226454321478938e+00
1.098601456147155986e+00
1.101386814158452410e+00
1.128132744739761328e+00
1.081300810345543484e+00
1.070241381871126496e+00
1.063765213436188573e+00
1.102325297331989029e+00
1.097154950955255837e+00
1.090964561571125424e+00
1.054883475177026630e+00
1.083567336486249033e+00
1.009180635568146966e+00
1.060044026885418544e+00
1.010750270148428109e+00
1.113002042203842912e+00
1.140059616280046928e+00
1.078239037107623366e+00
1.092294426917726158e+00
1.120103011335924048e+00
1.084803650148691734e+00
1.090400610509759005e+00
1.035344492086181178e+00
1.020583762362675229e+00
1.020949475614495672e+00
1.111329967622937787e+00
1.146429137525469821e+00
1.120568606596410222e+00
1.100224164318184039e+00
1.068321719497056899e+00
1.015051617422844776e+00
1.028319048015687853e+00
1.065514390001382372e+00
1.074568658774688101e+00
1.059204267376459008e+00
1.082373775018646844e+00
1.055176551729085421e+00
1.076116907723392968e+00
1.058674316751086142e+00
1.099583031410610756e+00
1.088337003114824508e+00
1.011990570343524576e+00
1.034460523600547521e+00
1.070790452209938293e+00
1.037197019653237184e+00
1.010062665196789888e+00
1.027117385116055326e+00
1.031999488889132399e+00
1.039577776673916487e+00
1.056052249807436505e+00
1.081590913510487084e+00
1.088022111804790804e+00
1.005234237077380799e+00
1.030905889091504379e+00
1.027370348365887143e+00
1.056167468357921413e+00
1.024176560583106133e+00
1.066458380611320589e+00
1.010640817519448564e+00
1.041947397178587087e+00
9.924964584628246378e-01
1.009259929731624927e+00
1.008966664648991873e+00
1.051984192275875696e+00
1.000229711520512543e+00
1.021068134270160410e+00
1.064893490360465655e+00
1.044210897517931391e+00
1.032142539547791227e+00
1.075550168571970833e+00
1.016184945786881899e+00
9.451589225102259295e-01
9.923694606070105895e-01
1.002493430528425433e+00
1.004556986728718959e+00
9.650138699300663259e-01
9.667626605067222156e-01
1.083360580991245214e+00
1.016460219140301158e+00
1.013228966456271252e+00
1.061296944746954907e+00
1.108004256552560740e+00
1.075929185225124707e+00
1.015956913988390609e+00
