6.366134861913779197e-01
8.178911845321056306e-01
9.502119165079827567e-01
1.082932734574961531e+00
1.175820094214193867e+00
1.134173196143710483e+00
1.125417780627533615e+00
1.098229456631265810e+00
1.108813934519966349e+00
1.092684686229498547e+00
1.134613437098575206e+00
1.133432417232722589e+00
1.080104562979399940e+00
1.084894680240715781e+00
1.129269636451544434e+00
1.138780265995886110e+00
1.099436042693264559e+00
1.070108578885036854e+00
1.064114824762383060e+00
1.082036644362330380e+00
1.107954629674370306e+00
1.111923081696124971e+00
1.103897610897913717e+00
1.076685949919607754e+00
1.128818899550191546e+00
1.101478993479892754e+00
1.107703959091237866e+00
1.072465090759101125e+00
1.127847990417490287e+00
1.086896259191047376e+00
1.053712858402748420e+00
1.039345541435164888e+00
1.061704104392469761e+00
1.112022235290460515e+00
1.110169869806983733e+00
1.166852281179878492e+00
1.171420293876479057e+00
1.024776728948847859e+00
1.024602685542704616e+00
1.081360618092207071e+00
1.142656445050823422e+00
1.121652174537895119e+00
1.118173078972230616e+00
1.144105399748279961e+00
1.137403223265945895e+00
1.111971019262245619e+00
1.108059016102773242e+00
1.085957623008456441e+00
1.083493912918646940e+00
1.084356204166658788e+00
1.130884716403844914e+00
1.096139375414224792e+00
1.085276131274161004e+00
1.059486772496897933e+00
1.079630439507800910e+00
1.110355163456445693e+00
1.094459088500787214e+00
1.049010672954894696e+00
1.115377837789252924e+00
1.114937270008788950e+00
1.152515291068265890e+00
1.112842552944983465e+00
1.058423181806335212e+00
1.062761714606435426e+00
1.110044686816264337e+00
1.066948307393551731e+00
1.084296742757102194e+00
1.067924868152859696e+00
1.090313488759888871e+00
1.072375185208419124e+00
1.048929642420897812e+00
1.039607138499093919e+00
1.054279125762089375e+00
9.935117761516942814e-01
1.008557990841126850e+00
1.054996160347008161e+00
1.064758167191390825e+00
1.037599151619765792e+00
1.055584344131376584e+00
1.034942997731258085e+00
1.025671403204127197e+00
1.056255763088661759e+00
1.077242451344557095e+00
1.063653184450891187e+00
1.066322704927270104e+00
1.053237746383675733e+00
1.071793807194447723e+00
1.077561812855328149e+00
1.076617606929810345e+00
1.062065602421822463e+00
1.050776386548256003e+00
1.025625299707393134e+00
1.076042294608957617e+00
1.054596441735996315e+00
1.050688269558585963e+00
9.775738141594957353e-01
1.019750111163230111e+00
9.972755460491217194e-01
9.922625897808221573e-01
1.016194918593060548e+00
1.020930126978073949e+00
1.039785315170716595e+00
1.049960426333674590e+00
1.064053495923624526e+00
1.047335404773227729e+00
1.077818888219036264e+00
1.136429867141264483e+00
1.080181719458366718e+00
1.032028413427105606e+00
1.039837212448564641e+00
1.033540690164578946e+00
1.015018853532122289e+00
1.006438502076055119e+00
1.044031336876018123e+00
1.091461098781143280e+00
1.091788103415909816e+00
1.009434681398669431e+00
1.057218438572981034e+00
9.836989271581929595e-01
1.027778894767032769e+00
1.016208252649194455e+00
1.022996262291118397e+00
1.032211587289461718e+00
1.031072362550157440e+00
9.852282765416580101e-01
9.827664594502962814e-01
9.948380947705444122e-01
9.919730487911849748e-01
9.786614872680746702e-01
9.974297108377833121e-01
9.945062613917269312e-01
9.897274783697556089e-01
9.560958106142444235e-01
9.754780590740880220e-01
9.481861955550699994e-01
9.950955981009342866e-01
9.939673533263667649e-01
1.002039340961372371e+00
1.031596959176800832e+00
9.891876732028282992e-01
9.442322655191638381e-01
9.902571748377333449e-01
9.802504545068907449e-01
9.765686186792457146e-01
1.011027812517059310e+00
9.982162393462210570e-01
9.818910664415085865e-01
9.444754069705824095e-01
9.626977348017146108e-01
1.001795026148583512e+00
1.021242307678500882e+00
1.033499360186880045e+00
9.851067059937280712e-01
9.948911971176387370e-01
9.799733550176377150e-01
9.828352868176362112e-01
9.863951792821818998e-01
9.561851034842739905e-01
9.462510611982092312e-01
9.710558964265970650e-01
9.404993047041625420e-01
9.605449392695682986e-01
1.038306432906196841e+00
9.547829578043923737e-01
9.263162972328952138e-01
1.005582391819476396e+00
1.067142903685073918e+00
1.038362589186531126e+00
9.878052524327669559e-01
9.977004300813420157e-01
9.940284906200316239e-01
1.002640316683764077e+00
9.844892000431013646e-01
9.387195332818899507e-01
9.208977421653259388e-01
9.722461161691320353e-01
1.003148189154573044e+00
9.507142396930280404e-01
9.771739897970260769e-01
9.697721938943641984e-01
9.737862095621715453e-01
9.602014810045241822e-01
9.613235369283712473e-01
9.260709130051580917e-01
9.434966271552768236e-01
9.638508326014618710e-01
9.447706966477739110e-01
9.856126305955128508e-01
9.715997675769760811e-01
9.664420004670062347e-01
9.907929932377385063e-01
9.705468009447519862e-01
9.604575303473745773e-01
1.003387511577677582e+00
9.763634024259526534e-01
9.257855282905037564e-01
9.621165748423374797e-01
1.023906709208542987e+00
9.847338652116528479e-01
