6.809581996827930306e-01
1.009872146155624817e+00
1.095054860277919095e+00
1.279955637622222975e+00
1.350474873833624745e+00
1.352784926971598578e+00
1.300265477861219710e+00
1.337922417578319534e+00
1.263218379736501973e+00
1.337608724680207750e+00
1.339742767746072483e+00
1.315942399866542045e+00
1.238782348975188796e+00
1.277332534653002227e+00
1.307493096895538276e+00
1.284373196473076018e+00
1.316603971844420018e+00
1.313634624102309800e+00
1.267087231471782705e+00
1.286626386188508331e+00
1.276895559818477022e+00
1.266779381827396245e+00
1.273593734214640394e+00
1.310905485044728369e+00
1.264845156425931094e+00
1.362473963563989088e+00
1.372381445993010152e+00
1.328649699599253386e+00
1.298447353115501413e+00
1.266654516668798136e+00
1.292074792050224463e+00
1.228550585299334807e+00
1.220550763305858544e+00
1.265972242993427033e+00
1.373256147405837568e+00
1.306214435970598053e+00
1.327078071971240947e+00
1.285155921987283678e+00
1.319141665611449188e+00
1.276553286499658935e+00
1.325257969677712255e+00
1.280570692609714234e+00
1.277155340385067062e+00
1.253450296958185994e+00
1.208280697701351158e+00
1.220200670524611120e+00
1.256749279746226744e+00
1.266115320186293136e+00
1.336584344018135084e+00
1.334328218851104753e+00
1.335328622335155480e+00
1.285689202642530393e+00
1.225461686701934783e+00
1.248609467722103350e+00
1.262302138314399746e+00
1.282623123325402181e+00
1.271786866244025038e+00
1.235499992575618711e+00
1.299785691998290860e+00
1.286648953923633876e+00
1.295562820258386205e+00
1.288406402146694774e+00
1.300303820320385606e+00
1.234290126622106021e+00
1.252984814244237022e+00
1.237137869968711223e+00
1.246449876328631134e+00
1.224688772583849561e+00
1.249599508609445575e+00
1.236414970583963546e+00
1.321009450690239895e+00
1.334632095510616567e+00
1.296742921037591367e+00
1.272535223891920753e+00
1.319884100902177337e+00
1.269078657931781429e+00
1.278095344907601794e+00
1.260461534889530277e+00
1.277574656120711527e+00
1.247307669963260590e+00
1.246665142060979781e+00
1.249638428043824190e+00
1.330150969241071124e+00
1.304148387983747659e+00
1.253120197138013925e+00
1.151561608872303299e+00
1.184797713549218923e+00
1.146981117549807694e+00
1.179777374999792627e+00
1.238042674142667110e+00
1.222969802038415876e+00
1.216529959133633598e+00
1.210606096452080394e+00
1.171446211124403058e+00
1.248059757769045985e+00
1.189269153288515568e+00
1.183011723785323710e+00
1.161193193277884950e+00
1.188087021121583486e+00
1.190968170793579750e+00
1.258377248024520556e+00
1.183109696238219488e+00
1.159063140989146090e+00
1.105411202010588179e+00
1.140298425565554163e+00
1.228080424761395451e+00
1.198543716498617906e+00
1.177443727671525053e+00
1.197642838828563150e+00
1.202248788167270099e+00
1.219734867349563157e+00
1.210415135910263285e+00
1.168290648142365828e+00
1.157569413160379979e+00
1.238473638439567814e+00
1.232580067026882498e+00
1.233335868600760277e+00
1.203543875619420334e+00
1.226827302307841983e+00
1.161609443428909483e+00
1.235908342002588478e+00
1.241098804853020487e+00
1.142499063555735495e+00
1.103295271325073212e+00
1.197393503876633902e+00
1.194309911563808058e+00
1.127752783166725781e+00
1.150245719496224783e+00
1.152712440694821705e+00
1.143951874974705518e+00
1.123859822495826277e+00
1.143408067441565423e+00
1.179382285686112475e+00
1.247582852980279045e+00
1.188308567308771435e+00
1.141835328206336708e+00
1.175835652178108148e+00
1.159284935431811991e+00
1.139124927989108249e+00
1.219873791763885773e+00
1.233301353857515936e+00
1.176306970076638203e+00
1.177781471243799283e+00
1.152276403943003791e+00
1.128830576299309163e+00
1.130995093994672684e+00
1.099892111711396891e+00
1.162631110469269036e+00
1.123386306866437367e+00
1.208521735440572398e+00
1.178113899853593161e+00
1.180865210087474360e+00
1.129009629728795705e+00
1.138393402216503869e+00
1.170822420739588976e+00
1.156925062451820363e+00
1.157446770597112318e+00
1.169546983909184990e+00
1.152199048809806836e+00
1.108173609281438932e+00
1.037901569168173888e+00
1.077592835460065901e+00
1.135805984706033112e+00
1.191215752358214752e+00
1.205536530635776149e+00
1.176745596950240280e+00
1.172597971863452271e+00
1.168928826471813398e+00
1.122877225255028311e+00
1.175317740891852036e+00
1.143500970946492501e+00
1.133421198672208474e+00
1.115398396488109789e+00
1.125120802361714301e+00
1.135239049271421052e+00
1.065091178792042736e+00
1.124322498819136040e+00
1.124774740466328637e+00
1.119076889555640886e+00
1.124722575469730534e+00
1.063477519137010718e+00
1.136062563935172243e+00
1.140973010433248946e+00
1.089118685890103411e+00
1.093656339124630783e+00
1.107679029334963650e+00
1.113181198607539946e+00
1.138589646478062933e+00
1.183670585638460393e+00
1.169451737872461372e+00
1.103830067463981157e+00
1.089846017148200064e+00
1.067021545328309617e+00
1.067291139636014297e+00
1.122182470560002088e+00
1.120457587574010594e+00
1.087640680370765889e+00
1.062329530179657811e+00
1.071115428068952546e+00
