5.976029662974684520e-01
9.067548196163525143e-01
1.093893939662662129e+00
1.291121989450660479e+00
1.267622483672443900e+00
1.298249922276110579e+00
1.258093794634267848e+00
1.214393876766414193e+00
1.165941610941670925e+00
1.143733725828656400e+00
1.178251021276728316e+00
1.182773641349006866e+00
1.289733425892908514e+00
1.298091128465319599e+00
1.192702704115264245e+00
1.163810484512727950e+00
1.128812929549152688e+00
1.244427894600709239e+00
1.231449113565039610e+00
1.270575513894704134e+00
1.253855533716599302e+00
1.236490939261032818e+00
1.197521993083984881e+00
1.176403243432284862e+00
1.124713178025025462e+00
1.128312675352218353e+00
1.153728308788010803e+00
1.219857290205647704e+00
1.323014646641557102e+00
1.295363525829997364e+00
1.242519071293487709e+00
1.177577301804435317e+00
1.169475488209614555e+00
1.226002055941610491e+00
1.249878648200356768e+00
1.203601075324451930e+00
1.232816932051335579e+00
1.181337096234790218e+00
1.162299736784940585e+00
1.154445665196803139e+00
1.147105592350933234e+00
1.197779895574405451e+00
1.273720373565503383e+00
1.287442387780387998e+00
1.214136144502862225e+00
1.146610205190318199e+00
1.121223198816277966e+00
1.179238270922946086e+00
1.202196679590341599e+00
1.241389070140164863e+00
1.178415604673164863e+00
1.185720803827019720e+00
1.171721640086074379e+00
1.136572962496936290e+00
1.126378884900508970e+00
1.165083337458173496e+00
1.196234920044078276e+00
1.230917324950383529e+00
1.209063312834149917e+00
1.131582533858453532e+00
1.145579614618999376e+00
1.180840369417412328e+00
1.104107888687757333e+00
1.093086374298404939e+00
1.144655014690945549e+00
1.165073756745081512e+00
1.143421783459630969e+00
1.107906294548179904e+00
1.083969591723758619e+00
1.082462843232988803e+00
1.078709059171555351e+00
1.108184100166246022e+00
1.102403597691054449e+00
1.176972305198814128e+00
1.229191108152947631e+00
1.188213921886374314e+00
1.133160247954373201e+00
1.154542622084415271e+00
1.148977656652826251e+00
1.135026305080389042e+00
1.091027447082320023e+00
1.086002184686608363e+00
1.119656948444949895e+00
1.120022535444808343e+00
1.099963589551677501e+00
1.083221621404646617e+00
1.107142744678911273e+00
1.128300740154089432e+00
1.174508668739443262e+00
1.170496241833398177e+00
1.193219904842088841e+00
1.198373768492194902e+00
1.140467131687834978e+00
1.124905695168780140e+00
1.082865944918313339e+00
1.021080525942994699e+00
1.043408902700255325e+00
1.112451075413197765e+00
1.090108143143331043e+00
1.058644019757188248e+00
1.112051659618062072e+00
1.071233905027000777e+00
1.141954535496196410e+00
1.077584562017379843e+00
1.126731293958717073e+00
1.083652735225665298e+00
1.078068553781737160e+00
1.063377348015096535e+00
1.114514349321365394e+00
1.133184582366465687e+00
1.142748390929272162e+00
1.114713075941047515e+00
1.091013503646700356e+00
1.069970650082465724e+00
1.100001732451934222e+00
1.058107917993723612e+00
1.046393377714685213e+00
1.061490233463960653e+00
1.053706702761286751e+00
1.108221193547727301e+00
1.102516951952420499e+00
1.054454938314913104e+00
1.116901475880599071e+00
1.099455549497218021e+00
1.027524729049037244e+00
1.031663404399640660e+00
1.068478649609307496e+00
1.075837891014006953e+00
1.106657998871374282e+00
1.080829204113767039e+00
1.041759439265796727e+00
1.055719160599436268e+00
1.036404776790100568e+00
1.003550260923244508e+00
1.039472393709152120e+00
1.068294254611260374e+00
1.115205168559668669e+00
1.083196285905354328e+00
1.092170037035228969e+00
1.073741888272202516e+00
1.051434283849612239e+00
1.110076330534358613e+00
1.089177153594194980e+00
1.092715818071553269e+00
1.031212903293528882e+00
1.029193631244477380e+00
1.080208239061825282e+00
1.076685386738388539e+00
1.044411634460495675e+00
1.034125690630182781e+00
1.080081487477192681e+00
1.079599440116509435e+00
1.087685646208532697e+00
1.050186662856898545e+00
1.065050329101119297e+00
1.057934051034445933e+00
1.050727636413075761e+00
1.106903409563769092e+00
1.090465753047713093e+00
1.032260617147752413e+00
9.999718524259959551e-01
1.002617416946907758e+00
1.083218121609524243e+00
1.071709491050335972e+00
1.084275010181684484e+00
1.055115877581922490e+00
1.073455963808605418e+00
1.067927605883226549e+00
1.057220902942497265e+00
1.079067974626903403e+00
1.067510330668753005e+00
1.039571245093305896e+00
1.057627210241908866e+00
1.035358453347674956e+00
1.018552224793367378e+00
9.956545307483676277e-01
1.036337219294316325e+00
1.038550816976565594e+00
1.070472328390785766e+00
1.072018632994753196e+00
1.095403313131884770e+00
1.070695813843604682e+00
1.003647021240573034e+00
1.004736493033711264e+00
1.052367687488231729e+00
1.036201461587190620e+00
1.040611432260031277e+00
1.066982464458041902e+00
1.045695478757522778e+00
1.023827867350711962e+00
1.019013947244379326e+00
1.052225939989240633e+00
1.018927569119102872e+00
9.959422692425200507e-01
1.022560092028851564e+00
1.044699547541041440e+00
1.080524464010446106e+00
1.069218417712538338e+00
1.075711879360621959e+00
