6.348817274573720359e-01
8.385987661036118368e-01
1.042366433592403885e+00
1.221959253632196152e+00
1.313763100661279992e+00
1.273404307062806717e+00
1.242075515851401191e+00
1.259168384615207970e+00
1.242165879106906123e+00
1.213106025630168450e+00
1.164506159195596302e+00
1.144692562849695339e+00
1.162373201283690927e+00
1.196017116764866550e+00
1.255056598138730939e+00
1.236596550199138500e+00
1.284333806392695898e+00
1.304173152604835906e+00
1.305784409484809894e+00
1.191704541248831850e+00
1.192251552539059789e+00
1.208939724802099880e+00
1.224918352832988999e+00
1.219149914149343372e+00
1.217618781116220239e+00
1.205484665505112796e+00
1.213189532531173898e+00
1.271955969413100851e+00
1.241906368019993989e+00
1.187579390386771738e+00
1.190560426340059097e+00
1.198863065234308412e+00
1.222964270197211656e+00
1.207687818264527868e+00
1.203246974352111698e+00
1.210601331436402361e+00
1.269968358082186777e+00
1.208154449104947625e+00
1.218783241132306960e+00
1.236086358539831620e+00
1.181515203434939876e+00
1.132063913742615169e+00
1.139058462871954447e+00
1.108607923883212720e+00
1.156090359811828172e+00
1.096537873456454815e+00
1.094648605708424816e+00
1.089864981605082939e+00
1.155968550321843091e+00
1.155989002278444477e+00
1.213753371342453313e+00
1.113167750415140489e+00
1.103370994646612813e+00
1.099878642379326310e+00
1.101530178461652687e+00
1.093497707128370466e+00
1.141536439480733911e+00
1.136638235601268310e+00
1.102958719039459190e+00
1.112918459658814863e+00
1.159696705561043872e+00
1.156375006529682947e+00
1.105692745527112830e+00
1.134755281219058221e+00
1.128531836376545749e+00
1.061906187026335768e+00
1.109768885674122352e+00
1.100350896882895002e+00
1.066770305587822154e+00
1.066805673084422867e+00
1.089331278444007012e+00
1.076409039579177218e+00
1.117593035907405108e+00
1.085997494303763133e+00
1.120552458164634002e+00
1.121118174165800507e+00
1.090257835178481516e+00
1.030169479587063730e+00
1.103956713516947907e+00
1.106559235478261849e+00
1.114823507829786564e+00
1.104843146853445868e+00
1.140556367924998593e+00
1.136461038687775371e+00
1.183819577240041276e+00
1.118039097722308473e+00
1.120421927571062293e+00
1.036932450056569088e+00
1.059088472610653753e+00
1.084249264468534202e+00
1.089016845743849160e+00
1.055915623387110758e+00
1.055399076601585051e+00
1.048371545179809905e+00
1.081536708389817081e+00
1.061755072851295001e+00
1.160298286483649521e+00
1.145844585759154377e+00
1.092309459548238770e+00
1.080357409802787050e+00
1.109726379481971614e+00
1.037536816421557706e+00
1.083906533023109020e+00
1.058519768383334725e+00
1.117697296930970863e+00
1.089247355910767157e+00
1.155558039065083253e+00
1.171896153316994038e+00
1.166615138273526586e+00
1.051686583144167519e+00
1.060759913776089913e+00
1.019107943880444012e+00
1.095802629457440114e+00
1.097386825346757577e+00
1.087453344088495699e+00
1.134754412661542755e+00
1.083300389645901030e+00
1.070013598409446098e+00
9.783868459469496903e-01
1.022179676704790374e+00
1.060241641593503426e+00
1.043280598103903722e+00
1.069795448435616692e+00
1.056433980051802779e+00
1.013406021298094872e+00
1.029028999592400906e+00
1.054019482595066615e+00
1.083287873922145650e+00
1.131289820294468340e+00
1.105191110192153880e+00
1.130666281906504533e+00
1.080022880984212064e+00
1.066619586497193017e+00
1.056556763516959263e+00
1.093054841380530107e+00
1.077792897405504435e+00
1.071215156885589437e+00
1.062083497861791903e+00
1.009044701514639542e+00
1.078651239291416708e+00
1.065641852527886346e+00
1.066944952206855479e+00
1.088132050037533993e+00
1.045413698997823770e+00
1.009148035320572179e+00
1.043110034939087827e+00
1.088885197435219165e+00
1.073994652959850526e+00
1.035767620543230683e+00
1.052025981719277636e+00
1.029333207759054902e+00
1.056903512270309209e+00
1.068929617412898825e+00
1.005536575262593102e+00
1.072247314378129923e+00
9.824647133009372091e-01
1.006183726704735326e+00
1.032467642095482141e+00
1.023142327772056159e+00
1.037945574669396409e+00
1.017324879957060890e+00
1.027883794215963986e+00
1.006755638062768465e+00
1.063430748216427579e+00
1.025638703295484566e+00
9.852350013716271171e-01
1.025521157092641911e+00
1.032166588237926952e+00
1.043454993475312564e+00
1.047827292393628262e+00
1.085470005181981890e+00
1.011206483741411422e+00
1.012880806959751023e+00
1.007327308068870053e+00
1.036751197450852313e+00
1.020169900053491618e+00
1.058675355704920440e+00
1.036779749005992901e+00
9.558867500356219571e-01
9.509000506760784122e-01
9.798030688887775508e-01
1.029955385723859917e+00
1.014097946786833182e+00
9.970153452912926539e-01
9.908743907268100504e-01
9.592619942869748950e-01
1.019332905388966815e+00
9.774377904895642510e-01
1.000778648334290866e+00
1.033678785358954189e+00
9.948950553682500697e-01
1.010752277220291040e+00
9.762617201366062814e-01
9.880362800084666608e-01
9.831329597489134597e-01
9.892195121871109054e-01
1.040238174994394749e+00
1.050753454903502915e+00
9.982057204903825864e-01
