6.454177390887855248e-01
8.557291970788425406e-01
1.025704342340027386e+00
1.191179585262558183e+00
1.229420270677895388e+00
1.183486905929377997e+00
1.122384250284760965e+00
1.140647368545911533e+00
1.155675200073809528e+00
1.152891040866328431e+00
1.165081185191770619e+00
1.107560692619837805e+00
1.082213597739725142e+00
1.115726046738246158e+00
1.170691047969067533e+00
1.165910634704347304e+00
1.134908381553369372e+00
1.105584943230040640e+00
1.098880375459742487e+00
1.187900227671319087e+00
1.232188304223780007e+00
1.180622317231460272e+00
1.155501255135537697e+00
1.144091120880590839e+00
1.110006650250456861e+00
1.113249406567681454e+00
1.092143682651647962e+00
1.140538097620292124e+00
1.166730014557152195e+00
1.113700001845985277e+00
1.156075261719339498e+00
1.118891454380181782e+00
1.107226069220519804e+00
1.112330787098113394e+00
1.122363185662663687e+00
1.237677199740568890e+00
1.137209450798512655e+00
1.102200531522040228e+00
1.148000338032820311e+00
1.121683097782115723e+00
1.114926621418504515e+00
1.108352033287996807e+00
1.158963306726973119e+00
1.169206447597274989e+00
1.118627722669867319e+00
1.118889452077248325e+00
1.103184804704192779e+00
1.142376212999705931e+00
1.134232319176446291e+00
1.121668840228013275e+00
1.118825672293878526e+00
1.081262368682298636e+00
1.073931635301195620e+00
1.151553273992427018e+00
1.167855125489694723e+00
1.145526991194408817e+00
1.086651640722969381e+00
1.108743922806398885e+00
1.148093731779395554e+00
1.124660856646767737e+00
1.101942463991465671e+00
1.100891071925207187e+00
1.056740917352517295e+00
1.045341158659197411e+00
1.088401038651450659e+00
1.090063522790527983e+00
1.106824188375297613e+00
1.087699047140791020e+00
1.069206574970904766e+00
1.079027579913316437e+00
1.091009887792465438e+00
1.080767381552620421e+00
1.096566828688744666e+00
1.081547978688292888e+00
1.109952975640112527e+00
1.135993750649715528e+00
1.116214741766388796e+00
1.116220557599670649e+00
1.089846760364450384e+00
1.048112956196523227e+00
1.017617942743686887e+00
1.022644880603554629e+00
1.065345950301048283e+00
1.014313162182774120e+00
1.020495877105057181e+00
1.048819579967046334e+00
1.039835004577196242e+00
1.024473758423537495e+00
1.034299352447141995e+00
1.018052925347575854e+00
1.005421106152321720e+00
1.030943273660119841e+00
1.044748392556821504e+00
1.020528672349306776e+00
1.053936614029071128e+00
1.060737917491651139e+00
1.060329886296496049e+00
1.081687032419856864e+00
1.090180362173560180e+00
1.061208014516702214e+00
1.038807828491671970e+00
9.642830962512086712e-01
1.003836149175582060e+00
1.012684455093851632e+00
1.062772966621462034e+00
1.092371550123561352e+00
1.062504279100194404e+00
1.049685908588444239e+00
1.050666146395561551e+00
9.961618937037556298e-01
9.866088329874944662e-01
1.024444996407238184e+00
1.068059634102944466e+00
1.050069516334945607e+00
1.066049635711202814e+00
1.018896780166030913e+00
1.001981423945952354e+00
1.006306410314372624e+00
9.895881163512576517e-01
1.036041195292809913e+00
1.030614079952296702e+00
1.053098260319694557e+00
1.053400493436587038e+00
1.009412474143779548e+00
1.052900650888969780e+00
9.936465420716362740e-01
1.039692321981512180e+00
1.040017195768820679e+00
1.056496027757855227e+00
1.040525015600437753e+00
1.008177638987342029e+00
9.743072365050321482e-01
1.060157206999152057e+00
1.069574194356143648e+00
1.059183492392738346e+00
1.026412887108819838e+00
1.034280557029700898e+00
9.866337933623640088e-01
1.042073303023183684e+00
1.043067430160354636e+00
9.836281208272672494e-01
1.020387904245432686e+00
1.018932633134912447e+00
9.800347244176946804e-01
1.005021569656389113e+00
1.052948904412238651e+00
1.039349344816999920e+00
9.758672674178447970e-01
1.010126345199114928e+00
1.016489547973674856e+00
1.018786073066632270e+00
9.785736578100641125e-01
9.879436553690136291e-01
1.038643082005165530e+00
1.103951432954973999e+00
1.066184264417017635e+00
1.010846701012172000e+00
9.760995700135863817e-01
9.820940171381562500e-01
9.951605255519142545e-01
1.042135034447901010e+00
1.030745927044502741e+00
1.053040649168244025e+00
1.045130522944575979e+00
1.038698034555421756e+00
1.033496944729892508e+00
1.018640864714389416e+00
1.001554913856078866e+00
1.033181223031476081e+00
1.028450971771293965e+00
1.044103837974179827e+00
9.557238950448806447e-01
1.031037293718247039e+00
9.882272738631149300e-01
1.010256468926976181e+00
9.887288542089558430e-01
1.022887242610094116e+00
1.035913129143488209e+00
1.051205594376330543e+00
9.747345219243838121e-01
9.904745148438789393e-01
9.971596720549875670e-01
1.018358387180654301e+00
1.017293547145686983e+00
9.987171431872484684e-01
1.027956244400704655e+00
9.926778355381227215e-01
9.659989129692289067e-01
9.994059941577921879e-01
9.680534297484734152e-01
9.955790750594341043e-01
1.005757459431647849e+00
1.002251701289058161e+00
1.019062528182440808e+00
9.767039215135815411e-01
9.704759135546641158e-01
1.042134719797908726e+00
1.048848727136447723e+00
1.034315280517867031e+00
