6.985499498935693330e-01
8.575793200465345878e-01
9.793182361149358472e-01
1.206820114888920159e+00
1.166895696582399111e+00
1.180161662053788696e+00
1.126814488444765283e+00
1.233497888355377325e+00
1.193832727854080122e+00
1.186301655855468873e+00
1.180946260564972095e+00
1.192317607812108715e+00
1.222261279513711552e+00
1.234235988536626527e+00
1.177488789415515935e+00
1.129369725574935757e+00
1.136234571196999887e+00
1.136173217853971851e+00
1.166266951654254536e+00
1.174960058871986401e+00
1.221225253033472624e+00
1.217220701322482279e+00
1.155402348884488228e+00
1.116982330393375911e+00
1.159016739705859500e+00
1.161780568180888595e+00
1.212682233552476507e+00
1.197518132777691591e+00
1.215328123004740135e+00
1.214207555266593408e+00
1.169735540485999925e+00
1.169143072650199899e+00
1.125713880251017818e+00
1.131287931773123479e+00
1.104262030084022461e+00
1.136326019774166252e+00
1.188125676765424243e+00
1.166438107998940987e+00
1.150635959487701365e+00
1.157566818335342251e+00
1.132370879837094835e+00
1.175315432276894390e+00
1.188632242813640216e+00
1.101946676776880629e+00
1.162313263915428552e+00
1.130509532052522692e+00
1.159972740215077458e+00
1.196422788467851550e+00
1.227460080232218642e+00
1.148050113089377877e+00
1.197230228550450803e+00
1.218081067676360041e+00
1.134374647722146134e+00
1.089979540209331521e+00
1.104612165269403867e+00
1.071569139288673034e+00
1.085786537492657855e+00
1.161139475837536628e+00
1.254236373292112905e+00
1.228424634001117122e+00
1.250305000146088252e+00
1.150866962112548908e+00
1.097400326763222411e+00
1.087620032769031742e+00
1.159512113864491045e+00
1.199388692003878765e+00
1.208170263467604810e+00
1.147003006665629155e+00
1.113427616013986210e+00
1.093092361021813286e+00
1.110563825861635046e+00
1.114840881314070220e+00
1.167132678886386277e+00
1.096041262970742558e+00
1.097393677960411873e+00
1.064974300048964206e+00
1.091357032316430109e+00
1.067847316472192443e+00
1.064189794075151241e+00
1.091920033711393456e+00
1.068914439556259310e+00
1.034454678538408112e+00
1.049537719791505008e+00
1.038393028955259867e+00
9.960857533305740308e-01
1.025959489434412397e+00
1.032896253283500654e+00
1.055738455886881644e+00
1.056817949909451881e+00
1.017415369058547681e+00
1.095096481295319446e+00
1.113275007646671977e+00
1.071892638847575574e+00
1.043193778310723463e+00
1.059924307950837363e+00
1.052127320166482916e+00
1.065548193525571063e+00
1.069018280357177275e+00
1.078508356768231424e+00
1.076384919466329526e+00
1.014672466391586925e+00
1.039859549402433858e+00
1.081794120836436779e+00
1.048101072654251231e+00
1.056372070968528920e+00
9.780685315881112452e-01
1.043672012616972511e+00
1.019691676197886476e+00
1.001808194676445218e+00
1.069592542491150988e+00
1.057606988675641846e+00
1.096320937247109883e+00
1.080491905204346903e+00
1.075247718114570095e+00
1.070062871824518203e+00
1.014917931907535653e+00
1.041977368583521635e+00
1.072746804798703657e+00
1.044991717911871953e+00
1.009424268967618055e+00
1.042661101522341260e+00
9.582658906599329507e-01
9.814186390087205059e-01
9.997657512788836742e-01
9.677032951944167793e-01
9.870286089571925769e-01
1.014095194214127416e+00
1.039451422778377099e+00
1.091402091275819553e+00
1.065457749229517859e+00
9.945210207075750874e-01
1.030795369031490383e+00
1.058347148852942343e+00
1.020020538223033624e+00
1.067032803356050996e+00
1.043639924442877787e+00
1.075749781125536986e+00
1.045873863943718840e+00
9.827091739889285416e-01
1.012009237235995895e+00
1.039592964219164362e+00
1.002702567633465547e+00
1.055105495950557914e+00
1.034202350348814692e+00
1.044587633429513662e+00
1.054615218022401102e+00
1.084405526925336538e+00
1.032353151818219406e+00
1.050183927007355189e+00
1.056167221358784936e+00
1.110405584099204646e+00
1.014299785001423482e+00
1.027804855864880684e+00
9.823681710338196815e-01
1.012820961736428549e+00
1.003319546767769133e+00
1.028732660848664215e+00
1.021342225589321862e+00
1.078384998473281398e+00
1.033299250360259824e+00
1.031983550428732466e+00
1.040741112288430914e+00
1.055426084291845923e+00
1.047144443721198082e+00
1.013651002530688849e+00
9.900529795690384827e-01
9.869697610770762353e-01
1.023275507797116513e+00
1.041094006341501732e+00
1.031036926289085498e+00
1.055429204746258343e+00
1.049421789849942055e+00
1.079975205977336428e+00
1.058492345487463959e+00
1.009814111666563763e+00
9.956482899071051884e-01
1.067582037370756520e+00
1.047909036733452481e+00
9.865854880918006886e-01
9.726293038227747934e-01
1.008907169348294941e+00
9.941207478324597391e-01
9.986132642364423662e-01
1.003407765287132491e+00
1.054273388751163276e+00
1.026631630612454105e+00
1.012347338716007350e+00
1.007355927127237871e+00
9.957494342745649707e-01
9.409282520307808984e-01
1.022077133592114162e+00
1.037678697819609308e+00
1.003133557084752603e+00
1.032833390867701651e+00
1.071063115739114613e+00
1.061688529411370263e+00
1.027033120950939571e+00
1.045015526757557156e+00
9.777180304530347366e-01
