5.967054977564789642e-01
8.480531042164942690e-01
1.057172417739382420e+00
1.237573431300690752e+00
1.232671545277737257e+00
1.301411012548713053e+00
1.302559315942660501e+00
1.280221489383715161e+00
1.317410861990970794e+00
1.370586539475784349e+00
1.345001474144044584e+00
1.259401963699986471e+00
1.214726788287884274e+00
1.176570223677534166e+00
1.253802701029941291e+00
1.282184977006808113e+00
1.322026414901265712e+00
1.249009819342024707e+00
1.230048157020614541e+00
1.238576379263151006e+00
1.247879742356194255e+00
1.270956848013393037e+00
1.252278741158953324e+00
1.234125646979108204e+00
1.215992414963544599e+00
1.219496335242312268e+00
1.260962230034133214e+00
1.342842050101153761e+00
1.301885602835939792e+00
1.271852065736707837e+00
1.226536861694724090e+00
1.214941035321899898e+00
1.233260374729197029e+00
1.192362093730086947e+00
1.204262316439284497e+00
1.234008783084853622e+00
1.212265989810955569e+00
1.171472200520953910e+00
1.182197058089600183e+00
1.180871797353209462e+00
1.184774168699352481e+00
1.152884098787556377e+00
1.222138951474359470e+00
1.197017261483261485e+00
1.238697815810413605e+00
1.181214083623423505e+00
1.263627446940705168e+00
1.253029288889285775e+00
1.308766664299993554e+00
1.293622427231287730e+00
1.329225834541258200e+00
1.281494734289997162e+00
1.266962330135743109e+00
1.220105081722335116e+00
1.166280596726027685e+00
1.151552471504867725e+00
1.149976467670217772e+00
1.176419564479824986e+00
1.228535554653610085e+00
1.168812411045185629e+00
1.206908537293928108e+00
1.160620102323498104e+00
1.207758914671871464e+00
1.132456082942274289e+00
1.099704131681032537e+00
1.101999579341107705e+00
1.183637820060813084e+00
1.191474088013622090e+00
1.155336882551309285e+00
1.174149600388582515e+00
1.217197111862337255e+00
1.157395710924766119e+00
1.177185947293293733e+00
1.135519771427842661e+00
1.188819135786194581e+00
1.193130178438555067e+00
1.235831735110177076e+00
1.142778030886701934e+00
1.180150998917061766e+00
1.193680643589371426e+00
1.172902949743935164e+00
1.120729235755018038e+00
1.170526086060216242e+00
1.229615582486878633e+00
1.221482430043305145e+00
1.158712611279562044e+00
1.138338787911975736e+00
1.128182992152136244e+00
1.129233635977138217e+00
1.107251703979477586e+00
1.181572750114979087e+00
1.142102354336578918e+00
1.123202668751577260e+00
1.093642870878664741e+00
1.163187567171475978e+00
1.133169708342074644e+00
1.155402355772384704e+00
1.141872957800445620e+00
1.236412132387142204e+00
1.154129549948532452e+00
1.121971834183115968e+00
1.117424459742832443e+00
1.154173280746312091e+00
1.176672463594989226e+00
1.168887808481805290e+00
1.158819834856706033e+00
1.124667992248670201e+00
1.111924200524115225e+00
1.103799724794338077e+00
1.140041936972035819e+00
1.169373151181458681e+00
1.191696177093271469e+00
1.182753038640400156e+00
1.161388704501740365e+00
1.124313720960894880e+00
1.113944502226030142e+00
1.192149540189004986e+00
1.144232670477543179e+00
1.169028532899532014e+00
1.155354685424001104e+00
1.128826588310418488e+00
1.088063857633403630e+00
1.197945146727380505e+00
1.223668209931365158e+00
1.089220616058548252e+00
1.061715553106541199e+00
1.077530689922281182e+00
1.138182553614143222e+00
1.112718246035267144e+00
1.105246079616417854e+00
1.078615611027010868e+00
1.087196777340670772e+00
1.080945910198581661e+00
1.109582431032759775e+00
1.091192347081113789e+00
1.132583113095781080e+00
1.114949741618920687e+00
1.086078271489316682e+00
1.121579191617293469e+00
1.099657045976094372e+00
1.072706204996389134e+00
1.136826092845862668e+00
1.111982263128242554e+00
1.114948967632042764e+00
1.151910525023215781e+00
1.186137854942103553e+00
1.158086456837193801e+00
1.130821583632125371e+00
1.144195585623556610e+00
1.114288208561994065e+00
1.105672670930589074e+00
1.104252779199730083e+00
1.106149111811329355e+00
1.131557760073737207e+00
1.080720069760839452e+00
1.064823296900450522e+00
1.075841602000018105e+00
1.004934776940034746e+00
1.071057854606263016e+00
1.075242863674527705e+00
1.095330526676805860e+00
1.092167739881480193e+00
1.143179117738627237e+00
1.116132512827992418e+00
1.137324746830120192e+00
1.081404415472358105e+00
1.095019519923695617e+00
1.012049227140446650e+00
1.091163154168999228e+00
1.151572129332589789e+00
1.109241458699185889e+00
1.037666546155409986e+00
1.059658310601440112e+00
1.087670479650445943e+00
1.079911096627624634e+00
1.063270143106878729e+00
1.062054516481508726e+00
1.095020500676381570e+00
1.101041086889892551e+00
1.060866727138663590e+00
1.052247973622673083e+00
1.069600194551599381e+00
1.112448583609412456e+00
1.123600694957397117e+00
1.151364447286277182e+00
1.067872603703819534e+00
1.045921116594053402e+00
1.021922792423164861e+00
1.071794101355194373e+00
1.050534890416550127e+00
1.071164655479492467e+00
1.062429196270037624e+00
1.049118642571861493e+00
9.883260690999614573e-01
1.062314327079896925e+00
9.973684348476932193e-01
1.085253709739865569e+00
1.049180356512932066e+00
1.033583546152364807e+00
