5.904898279192607458e-01
8.616459068888102646e-01
9.988005138856523857e-01
1.157210595309461576e+00
1.286090421777300596e+00
1.309657049526002481e+00
1.308996979000858651e+00
1.318987759221776024e+00
1.376186303126349486e+00
1.375123464888580616e+00
1.285531736031047645e+00
1.267516258835619247e+00
1.308930767074804713e+00
1.211914639090945212e+00
1.268327273176226955e+00
1.264919884243161929e+00
1.326283995154130313e+00
1.311153011001533475e+00
1.314368152617631624e+00
1.331746903766749091e+00
1.245945903128272914e+00
1.203516052107920231e+00
1.263212373338641559e+00
1.266998683347064780e+00
1.287751885195896229e+00
1.194101185626315731e+00
1.254229412472419369e+00
1.268837981350134925e+00
1.222157953955969711e+00
1.223062629020228886e+00
1.288781851065398776e+00
1.275904704945914236e+00
1.207499376499018728e+00
1.230169527397623197e+00
1.233036280467256773e+00
1.219007761139104806e+00
1.268842376840718433e+00
1.232292159176094692e+00
1.228460375665169080e+00
1.181781692802497341e+00
1.188591119910422433e+00
1.218233671253659889e+00
1.287754976114531047e+00
1.296493726393939117e+00
1.347566806730989830e+00
1.337360458796391205e+00
1.302221554142346749e+00
1.255848726355237144e+00
1.195778407356571149e+00
1.120664165428010284e+00
1.182001264662284390e+00
1.185083101370473901e+00
1.204163123685274339e+00
1.181421711788823048e+00
1.202732180902403414e+00
1.163786684629915413e+00
1.232320596294853354e+00
1.175349665076562689e+00
1.201308634211551540e+00
1.144344302581825401e+00
1.151195705136752956e+00
1.170082697035694785e+00
1.238615814414705696e+00
1.218259407287556995e+00
1.220384787738744592e+00
1.183190699328599882e+00
1.229590845445091229e+00
1.224986337199888808e+00
1.231160112600108603e+00
1.229736797451109087e+00
1.211409661495291612e+00
1.189338756052901180e+00
1.112429220772042537e+00
1.119484072903687011e+00
1.186519094467622715e+00
1.203131274242929649e+00
1.190484831313064706e+00
1.183462157495850819e+00
1.244947218241128750e+00
1.176835014399023160e+00
1.141982833150535726e+00
1.107174261042925378e+00
1.137621562273984699e+00
1.089397234689617466e+00
1.104249171783370675e+00
1.095137609595221662e+00
1.145670139703458101e+00
1.222720040420196330e+00
1.212276471416333434e+00
1.173776462554780409e+00
1.225890907164187249e+00
1.215129654056282815e+00
1.170300159042950927e+00
1.132207422851855494e+00
1.151411946629030902e+00
1.115893022725642947e+00
1.135715920202755802e+00
1.137087807783707882e+00
1.090806714546210365e+00
1.078919627375848123e+00
1.111178532459430990e+00
1.115411063230834943e+00
1.102000614448682025e+00
1.113842087600456887e+00
1.101307753872401207e+00
1.067218502469379438e+00
1.130602508409148887e+00
1.092289431263478550e+00
1.077957346252048643e+00
1.096222667855676791e+00
1.045647690794700768e+00
1.097379194982740502e+00
1.119195084080420344e+00
1.176794079177379881e+00
1.117559509134641971e+00
1.080694804229557660e+00
1.046108362526778635e+00
1.070375933528788348e+00
1.078092125552219782e+00
1.109272536457492464e+00
1.089899237704818225e+00
1.090804418656961872e+00
1.080719662191828689e+00
1.036460839116123855e+00
1.057059461130796407e+00
1.088084909796871891e+00
1.060589570524700820e+00
1.039284510194451672e+00
1.054660978970664464e+00
1.071350944522354798e+00
1.081843620411105933e+00
1.100648128560889116e+00
1.122703263398246554e+00
1.107950527825357190e+00
1.100029307126062728e+00
1.015605862277492166e+00
1.061412648233410083e+00
1.074825629897406154e+00
1.129049240450934688e+00
1.065067373207645662e+00
1.048204264297575294e+00
1.076512672976871032e+00
1.111287022147828374e+00
1.082039345532424424e+00
1.066397960783969978e+00
1.097245608765541558e+00
1.077514072596396089e+00
1.034582937687594129e+00
1.050849313464928381e+00
1.103446418352459268e+00
1.092269935953996907e+00
1.039210654847544379e+00
1.029835063352263935e+00
1.090835086517915276e+00
1.077164075732702342e+00
1.074307226931538573e+00
1.102934115845554564e+00
1.068277052019226403e+00
1.059283429798622667e+00
1.070252730385326867e+00
1.065107914268911937e+00
1.033251623730548241e+00
1.055597461253138025e+00
1.084883761928321810e+00
1.067194955318870209e+00
1.083403667211483512e+00
1.093880056301588244e+00
1.061277665580808049e+00
1.061958193898505654e+00
1.029229972326799691e+00
1.036668801579105681e+00
1.045651273382300461e+00
1.088891185062595302e+00
1.075526599823716678e+00
1.031087261034870028e+00
1.103857865943891570e+00
1.069281729532590486e+00
1.008949353319414932e+00
1.069049352531586505e+00
1.114237070343323310e+00
1.049795583941727006e+00
1.039013290602436523e+00
1.047745032509121765e+00
1.046524618233663606e+00
1.010561173200063889e+00
1.048969093035286848e+00
1.064590642569734458e+00
1.031081417396673139e+00
1.009924525994672750e+00
1.059275407214642195e+00
1.065159713911578265e+00
1.091049405441040454e+00
1.030585031026854947e+00
1.019908018670988348e+00
1.061473405770800849e+00
1.043116122482815600e+00
1.015520161582179615e+00
1.041186940368247216e+00
1.083138280484112759e+00
