5.498636075315083138e-01
7.907752292715791720e-01
1.134808323696499865e+00
1.275138787901896276e+00
1.379001992052793391e+00
1.260303545232310141e+00
1.261228510877502762e+00
1.298146580433360509e+00
1.263806811618810588e+00
1.268576976820548818e+00
1.238148957289176399e+00
1.256730521534891398e+00
1.284675805223901346e+00
1.346186486323917908e+00
1.314398761545280347e+00
1.240644433446904671e+00
1.261598577777810704e+00
1.265093469333504972e+00
1.308991515330087063e+00
1.234857263890690282e+00
1.215431007403631858e+00
1.194712251937115610e+00
1.261664406844507758e+00
1.286506820682793650e+00
1.278541505651753951e+00
1.251578854010510389e+00
1.298956989688459185e+00
1.302988383553507878e+00
1.328154788703801215e+00
1.234469751926891679e+00
1.195848119375916285e+00
1.183767480556538798e+00
1.255787262883369504e+00
1.279951092675380764e+00
1.211698849417393031e+00
1.265252123420131491e+00
1.314372366249852098e+00
1.298327629334129707e+00
1.262463774723495025e+00
1.235610160851390305e+00
1.187108726784678714e+00
1.234592029900203780e+00
1.244354871219682579e+00
1.202519620490935859e+00
1.285087458693388029e+00
1.255140232388522570e+00
1.192050206207274421e+00
1.190317905666048004e+00
1.159513878590985536e+00
1.197620101947725058e+00
1.138290254122486189e+00
1.204869503481453830e+00
1.228157593260630343e+00
1.170116884608125352e+00
1.178797879867393705e+00
1.184560372160734287e+00
1.173076285206904545e+00
1.151852999119137744e+00
1.192463642301834215e+00
1.167252432418135033e+00
1.181614395520963257e+00
1.182474998445101511e+00
1.163694291252080237e+00
1.166532485916278894e+00
1.187748924637350045e+00
1.168242772869710677e+00
1.157042140767078564e+00
1.108039108570836984e+00
1.144060753990320478e+00
1.166999446901206161e+00
1.181215733604609408e+00
1.109976246463012739e+00
1.139234600272833076e+00
1.145646405347916286e+00
1.131546305836153232e+00
1.073254697793784462e+00
1.082664664767639451e+00
1.115123765999332495e+00
1.174599317823699085e+00
1.172705642200448040e+00
1.199043938832390355e+00
1.186319689834316682e+00
1.212500257686262906e+00
1.196612487590090979e+00
1.198103882591220470e+00
1.151083041453849987e+00
1.177732070110129703e+00
1.129493292843734231e+00
1.131272139060016890e+00
1.136216719963269783e+00
1.161821243388624136e+00
1.153040037841427612e+00
1.173587751933772960e+00
1.120158274776183349e+00
1.145529709638758664e+00
1.215214516435085379e+00
1.235489329340536679e+00
1.149284248591729396e+00
1.177395734789520754e+00
1.148250473216300804e+00
1.096063867396704916e+00
1.109869508447971054e+00
1.105254188795111503e+00
1.126449719546914308e+00
1.108422260053738340e+00
1.112109366138789746e+00
1.159854079043586284e+00
1.176276460056985051e+00
1.241796702514318174e+00
1.187549918395070181e+00
1.168746937864376001e+00
1.149095058611045328e+00
1.127649645785572030e+00
1.103147952217188976e+00
1.116272984384328648e+00
1.119783545708610273e+00
1.129443094740984810e+00
1.126728210012760023e+00
1.164058800922152859e+00
1.094977786165526767e+00
1.155358397355368938e+00
1.094420430190781612e+00
1.070814531014635529e+00
1.087084295104781217e+00
1.104778586504499449e+00
1.081349575114229244e+00
1.151992859200562158e+00
1.100567744016044180e+00
1.078690840252464200e+00
1.065787022211902357e+00
1.103877170656708318e+00
1.113784873575909051e+00
1.134500552861168021e+00
1.069824415037138987e+00
1.081042668292700792e+00
1.073145408921831523e+00
1.108813710792136753e+00
1.114784119391093675e+00
1.126657095908860207e+00
1.170980560648819946e+00
1.078235509055123664e+00
1.041387635226739716e+00
1.047839903281783336e+00
1.056661205551774119e+00
1.069735982678378994e+00
1.090998486310149840e+00
1.057621610796664280e+00
1.023366054210486320e+00
1.044702885842218487e+00
1.114511639479929261e+00
1.101855604795000998e+00
1.047984278887495790e+00
1.055963575269858179e+00
9.641615310578375286e-01
1.004960630654250897e+00
1.066989506516894171e+00
1.085304190394906554e+00
1.094042284803446563e+00
1.111059361158480030e+00
1.043995134098286037e+00
1.119102125621511679e+00
1.072305417089489898e+00
1.084423051806811422e+00
1.095858508600870085e+00
1.117613438732137476e+00
1.072798111311664027e+00
1.090230358803042421e+00
1.043084698205551719e+00
1.008383067129513755e+00
1.045493793528247117e+00
1.041313124753728614e+00
1.029740241922153965e+00
1.022385560026429996e+00
1.059839271788063808e+00
1.099237651813598893e+00
1.078480790755686591e+00
1.087629366997269198e+00
1.042523220625177549e+00
1.029447449483687826e+00
1.075663443221179794e+00
1.089422548931256340e+00
1.050058156939915444e+00
1.099566933621654030e+00
1.057502662762920265e+00
1.065056591754153015e+00
1.064152955146494772e+00
1.073215177823048538e+00
1.113096004125575078e+00
1.091261686994615454e+00
1.024528156250873900e+00
1.033273792183756035e+00
9.983348725560825532e-01
1.029540884356453301e+00
1.080209829250571296e+00
9.820468910699169385e-01
1.023080488874055449e+00
9.983471720972664221e-01
1.021013821217398698e+00
1.046091371366699940e+00
