5.462936957126087734e-01
7.415423311836336628e-01
1.041284843525491777e+00
1.145110131690650679e+00
1.288525186489893892e+00
1.322305538893666199e+00
1.307714397868236400e+00
1.350252684705949280e+00
1.422532857063844913e+00
1.404548235997435723e+00
1.403372242643617263e+00
1.320150623295568426e+00
1.383893675483345076e+00
1.368427473321860433e+00
1.404374072439924515e+00
1.269323745696815164e+00
1.323597872616925519e+00
1.310657612027608776e+00
1.345006960200432644e+00
1.320989728573814803e+00
1.314695024182971794e+00
1.308767755517804554e+00
1.341392773554628493e+00
1.288179427093943730e+00
1.332944469390633602e+00
1.364656294992291574e+00
1.251372019627393195e+00
1.214832447413007221e+00
1.256322208757562287e+00
1.344125076310932476e+00
1.384826464476522245e+00
1.382359860889619485e+00
1.342309832297099215e+00
1.239465266629382834e+00
1.285598013666507278e+00
1.338606955512106733e+00
1.366969075088687369e+00
1.349665617253242855e+00
1.370523970260188795e+00
1.333080022138050325e+00
1.358650125969828926e+00
1.362241079088277518e+00
1.363719425211834757e+00
1.351421796407430209e+00
1.335599508721669881e+00
1.311463970371615329e+00
1.327817641554729589e+00
1.356288143112936773e+00
1.283214209335852729e+00
1.303160278910223235e+00
1.219525622566776102e+00
1.277232896545487106e+00
1.193125221352438148e+00
1.196260992878437124e+00
1.253618208985072924e+00
1.338457512777022185e+00
1.378591973950145766e+00
1.260585009189232775e+00
1.319078278566349516e+00
1.232642484826870888e+00
1.195360323082263809e+00
1.234761818737600603e+00
1.200524977003162075e+00
1.214431534164910342e+00
1.184184239004601569e+00
1.196565460091619792e+00
1.288089243584166876e+00
1.259704754517801062e+00
1.238225825945280301e+00
1.132139666871030848e+00
1.218268906876222912e+00
1.259601910963816129e+00
1.314073408945631849e+00
1.349693582918986445e+00
1.365512194265989132e+00
1.269201434801735306e+00
1.182657140185514821e+00
1.155767155441403071e+00
1.178652515182619709e+00
1.105957800349639975e+00
1.161210361909787769e+00
1.159165425120274318e+00
1.146587460418637905e+00
1.153065755978595952e+00
1.174593339907706424e+00
1.227045566403452970e+00
1.255013416172620966e+00
1.227131473379263538e+00
1.149545621245991800e+00
1.165598296364501518e+00
1.140364943412667920e+00
1.221015117634867808e+00
1.235610104238562101e+00
1.202411921645705650e+00
1.188802730484140868e+00
1.144981175783001515e+00
1.171459341542630872e+00
1.167695892586358530e+00
1.211866666396858916e+00
1.227769055468477477e+00
1.239241833292267447e+00
1.212584016418400745e+00
1.179782566184089942e+00
1.143605944133528896e+00
1.155914183403518702e+00
1.212207832674780050e+00
1.144217221970757592e+00
1.143682547002068173e+00
1.208405203275312534e+00
1.169997066032986810e+00
1.144042014311351663e+00
1.116467782680760745e+00
1.156592418934728972e+00
1.171583628071006800e+00
1.111782309035894034e+00
1.173215300561077701e+00
1.128294203203058510e+00
1.088377117682942430e+00
1.162316050351733132e+00
1.138076824110817453e+00
1.160328905106790431e+00
1.151847973327390307e+00
1.148040095637743896e+00
1.192271602548529597e+00
1.180947895751313093e+00
1.233754594762610290e+00
1.228289304030981910e+00
1.237542918814364290e+00
1.242007887650621534e+00
1.193875848918608318e+00
1.161577585181497563e+00
1.126744887296630138e+00
1.195647091312394883e+00
1.087821730080760885e+00
1.059688661196636295e+00
1.146131279701326111e+00
1.136782134888016049e+00
1.158555693310742152e+00
1.147442314151606357e+00
1.119546077193728895e+00
1.130936430843221041e+00
1.115925398877119168e+00
1.156711823730887101e+00
1.106862309180687065e+00
1.064118212494406635e+00
1.062074631461324303e+00
1.071686583459173780e+00
1.067207873198043222e+00
1.079265114037834650e+00
1.038447814844815076e+00
1.075625179976940071e+00
1.090190325421499740e+00
1.111886133258149112e+00
1.110580502206500730e+00
1.143995531779912644e+00
1.137159098921375566e+00
1.120958552677671083e+00
1.118433266634367707e+00
1.140041848682853409e+00
1.091067189892666489e+00
1.034437834795487898e+00
1.071901942743836766e+00
1.117098484021235461e+00
1.165152424600545578e+00
1.142152708437848663e+00
1.143712104037474697e+00
1.119207201266564589e+00
1.111277967268403666e+00
1.134979244133828447e+00
1.085215427459558013e+00
1.119477646587929032e+00
1.066229950542198379e+00
1.037918953144361112e+00
1.067633926964142610e+00
1.111731161627557807e+00
1.107426896433801433e+00
1.129241450179240491e+00
1.090383815811903023e+00
1.091011875516369356e+00
1.123550379011274414e+00
1.090492004001057502e+00
1.114631828130044466e+00
1.081690950217078395e+00
1.101851070485636352e+00
1.096569205290857330e+00
1.099535245080808021e+00
1.145839487992011296e+00
1.079422489480643454e+00
1.111318508412057371e+00
1.087617843513557725e+00
1.084479977875587586e+00
1.115683426514301413e+00
1.074237521285508423e+00
1.085916975163137232e+00
1.068122946432732423e+00
1.080694994066049075e+00
1.078511143686793350e+00
1.100556497830764480e+00
1.106310045790480423e+00
