5.911914457489273467e-01
8.052269447940905156e-01
1.009888325742606119e+00
1.129956179297476826e+00
1.114841584744294956e+00
1.190113593451218144e+00
1.267463218056164020e+00
1.252936471073597513e+00
1.242587455482366599e+00
1.215342013995325265e+00
1.202162588161286960e+00
1.143998291017262359e+00
1.169442553707846777e+00
1.132167878174040521e+00
1.152997031035000841e+00
1.168651182006489098e+00
1.189893989731650059e+00
1.165702407413805375e+00
1.226179160466293716e+00
1.233739283528669795e+00
1.174838166859190070e+00
1.235084337934447829e+00
1.193650333930547980e+00
1.112397380080982323e+00
1.122383260346404565e+00
1.164549929297842068e+00
1.263832085880549405e+00
1.261063011164506920e+00
1.230510008532172295e+00
1.203717991872268245e+00
1.147283489714026050e+00
1.144019736571572743e+00
1.156648423192508490e+00
1.204085690798728070e+00
1.141012762188784224e+00
1.199567359208858708e+00
1.209615186206508541e+00
1.197015102842104106e+00
1.139692742099015055e+00
1.147513779686307966e+00
1.190088471644628054e+00
1.121762743124532946e+00
1.126459507121430059e+00
1.166683754857156696e+00
1.230134732803474851e+00
1.299823936081190956e+00
1.250158118769120419e+00
1.187787164049357358e+00
1.163204045021600797e+00
1.092583745052665423e+00
1.138759502198627649e+00
1.143592886280494048e+00
1.153044328090123027e+00
1.155063466371691216e+00
1.170485648191220029e+00
1.255035875314252092e+00
1.231596796605747057e+00
1.182521261649496669e+00
1.175707509596222833e+00
1.163576794455167596e+00
1.142149632248965707e+00
1.090942983459847415e+00
1.186214256826084057e+00
1.261929571704783593e+00
1.271568431924002374e+00
1.211245307697073059e+00
1.167904932276443430e+00
1.117788650677655982e+00
1.154639465022276434e+00
1.132451608116964437e+00
1.179078877209355225e+00
1.241421487009056746e+00
1.212659782004829045e+00
1.135795135318192761e+00
1.172927302671555205e+00
1.191023326499261126e+00
1.127363689935193980e+00
1.096145437454833171e+00
1.152977254971015997e+00
1.136252509405931033e+00
1.145355320954846379e+00
1.112109646787714068e+00
1.108055619008561976e+00
1.067365755742045508e+00
1.090216598612150145e+00
1.124110755824533125e+00
1.103617360008861681e+00
1.086912138940520745e+00
1.061513411868289847e+00
1.092748204710326076e+00
1.164963316745407651e+00
1.070458094118049708e+00
1.084965435175339943e+00
1.023565279164764696e+00
1.031653477165392463e+00
1.094107833315048461e+00
1.122013874365928920e+00
1.090412257233720483e+00
1.123160790085341088e+00
1.045296249534789945e+00
1.065127339416671148e+00
1.016627982075899661e+00
1.112327879667762920e+00
1.077142621785114773e+00
1.070925315803195943e+00
1.005264229715288726e+00
1.025907276538996937e+00
1.068057836960192297e+00
1.080886349735864282e+00
1.052626423902013109e+00
1.059187328955151663e+00
1.104002422449705811e+00
1.099809841213380324e+00
1.114151799126555487e+00
1.118794072459892153e+00
1.112510266664225478e+00
1.071821804169222458e+00
1.069430076103878191e+00
1.050241671675363309e+00
1.049606753028471617e+00
1.056563741727960304e+00
1.039668388960660828e+00
1.061505569468517152e+00
1.074679166175061429e+00
1.053997684135940416e+00
1.038107982469964607e+00
1.052697015374339129e+00
1.100883063328007561e+00
1.108786755757555476e+00
1.073852623073607848e+00
1.061080035657676834e+00
1.087603508799940721e+00
1.081355727378688236e+00
1.051327665473777317e+00
1.090244802955830261e+00
1.067287321353790785e+00
1.129851139738296872e+00
1.067855421815920192e+00
1.085831214246002485e+00
1.079314713979298235e+00
1.080659176738868910e+00
1.060770959771297539e+00
1.066688885377243601e+00
1.035140513811492191e+00
1.064177274632798431e+00
1.031993086886481281e+00
1.021584023053963453e+00
1.035780054043208498e+00
1.044264903733239436e+00
1.067075478065448779e+00
1.092661705153509022e+00
1.077187728625689012e+00
1.034236493987217509e+00
1.066374866534784305e+00
1.004498647802683164e+00
1.072616792111366735e+00
1.076126589670633349e+00
1.053836354381608720e+00
1.053673586316740796e+00
1.042657889387920589e+00
9.862459397127897320e-01
1.066252245087978334e+00
1.065829012056565883e+00
1.073712603796270981e+00
1.078976626441687126e+00
1.024236034417228547e+00
1.006252303554011851e+00
1.016485854124091315e+00
1.028585999885202273e+00
1.007359563270395553e+00
1.076905523565305556e+00
1.076205541588149739e+00
1.045453565156536424e+00
1.094488660737489294e+00
1.055350160834615636e+00
1.060814830961600341e+00
1.065827067717774579e+00
1.039418299902376219e+00
1.018064063839313915e+00
1.070905883276518367e+00
1.064582179838957643e+00
1.042162084830476898e+00
1.041915884661165581e+00
1.037422793569694246e+00
1.023447383480809547e+00
1.075825285086827732e+00
1.036871675495771195e+00
9.824145977499746385e-01
9.791698234453801719e-01
1.047329604262307923e+00
1.075283504679190427e+00
1.054162438123972256e+00
1.065497360139174399e+00
1.029035310638169110e+00
1.010289369846877117e+00
1.010483767309517056e+00
1.009954072682847093e+00
1.017913349898607267e+00
1.052375796786987783e+00
